Date:	2023-09-18		
Time:	19:19		
Sample name:	Pellets		
Position:	33.200011	mm	
Sample surface:	6.329567	cm	
Tube anode:	Mo		
Tube voltage:	30	kV	
Tube current:	50	mA	
Comments	not in position		
Gain	5.810000		
peaking_time	0.300000	m-sec	
trigger_threshold	30.000000	V	
mca_bin_width	2.000000	no:	
number_mca_channels	2048.000000	no:	
gap_time	0.100000	m-sec	
trigger_peaking_time	0.050000	m-sec	
livetime	17.550616	seconds	
runtime	20.000151	seconds	
input_count_rate	82697.439673	cps	
output_count_rate	72569.002104	cps	
triggers	1608253.000000	seconds	
events_in_run	1443023.000000	seconds	
channel	content		
 1.00	 0.00
 2.00	 0.00
 3.00	 0.00
 4.00	 0.00
 5.00	 0.00
 6.00	 0.00
 7.00	 0.00
 8.00	 0.00
 9.00	 0.00
10.00	 0.00
11.00	 0.00
12.00	 0.00
13.00	 0.00
14.00	 0.00
15.00	 0.00
16.00	 0.00
17.00	 0.00
18.00	 0.00
19.00	 0.00
20.00	 0.00
21.00	 0.00
22.00	 0.00
23.00	 0.00
24.00	 0.00
25.00	 0.00
26.00	 0.00
27.00	 0.00
28.00	 0.00
29.00	 0.00
30.00	 0.00
31.00	 0.00
32.00	 0.00
33.00	 0.00
34.00	 2.00
35.00	 2.00
36.00	 0.00
37.00	 1.00
38.00	 2.00
39.00	 2.00
40.00	 2.00
41.00	 4.00
42.00	10.00
43.00	 9.00
44.00	 6.00
45.00	12.00
46.00	10.00
47.00	 8.00
48.00	16.00
49.00	29.00
50.00	24.00
51.00	22.00
52.00	20.00
53.00	26.00
54.00	19.00
55.00	26.00
56.00	32.00
57.00	27.00
58.00	31.00
59.00	35.00
60.00	26.00
61.00	34.00
62.00	43.00
63.00	42.00
64.00	41.00
65.00	45.00
66.00	49.00
67.00	29.00
68.00	33.00
69.00	38.00
70.00	42.00
71.00	44.00
72.00	33.00
73.00	39.00
74.00	27.00
75.00	34.00
76.00	46.00
77.00	41.00
78.00	40.00
79.00	37.00
80.00	29.00
81.00	46.00
82.00	37.00
83.00	46.00
84.00	31.00
85.00	35.00
86.00	48.00
87.00	42.00
88.00	41.00
89.00	34.00
90.00	33.00
91.00	36.00
92.00	28.00
93.00	37.00
94.00	32.00
95.00	34.00
96.00	31.00
97.00	29.00
98.00	34.00
99.00	32.00
100.00	35.00
101.00	34.00
102.00	31.00
103.00	26.00
104.00	40.00
105.00	27.00
106.00	31.00
107.00	26.00
108.00	28.00
109.00	29.00
110.00	26.00
111.00	23.00
112.00	28.00
113.00	22.00
114.00	27.00
115.00	22.00
116.00	23.00
117.00	31.00
118.00	21.00
119.00	31.00
120.00	26.00
121.00	20.00
122.00	21.00
123.00	28.00
124.00	21.00
125.00	15.00
126.00	27.00
127.00	23.00
128.00	19.00
129.00	21.00
130.00	26.00
131.00	29.00
132.00	23.00
133.00	14.00
134.00	16.00
135.00	17.00
136.00	26.00
137.00	23.00
138.00	21.00
139.00	33.00
140.00	47.00
141.00	40.00
142.00	47.00
143.00	48.00
144.00	56.00
145.00	54.00
146.00	51.00
147.00	56.00
148.00	43.00
149.00	50.00
150.00	43.00
151.00	40.00
152.00	32.00
153.00	25.00
154.00	37.00
155.00	28.00
156.00	34.00
157.00	24.00
158.00	27.00
159.00	34.00
160.00	38.00
161.00	81.00
162.00	127.00
163.00	218.00
164.00	281.00
165.00	387.00
166.00	534.00
167.00	648.00
168.00	667.00
169.00	707.00
170.00	723.00
171.00	639.00
172.00	503.00
173.00	394.00
174.00	299.00
175.00	209.00
176.00	164.00
177.00	124.00
178.00	77.00
179.00	61.00
180.00	56.00
181.00	40.00
182.00	35.00
183.00	37.00
184.00	20.00
185.00	35.00
186.00	30.00
187.00	26.00
188.00	22.00
189.00	28.00
190.00	30.00
191.00	30.00
192.00	40.00
193.00	24.00
194.00	30.00
195.00	25.00
196.00	27.00
197.00	40.00
198.00	33.00
199.00	32.00
200.00	18.00
201.00	22.00
202.00	17.00
203.00	15.00
204.00	17.00
205.00	13.00
206.00	20.00
207.00	10.00
208.00	25.00
209.00	18.00
210.00	14.00
211.00	12.00
212.00	17.00
213.00	18.00
214.00	12.00
215.00	20.00
216.00	18.00
217.00	17.00
218.00	17.00
219.00	16.00
220.00	29.00
221.00	22.00
222.00	25.00
223.00	24.00
224.00	24.00
225.00	27.00
226.00	22.00
227.00	30.00
228.00	25.00
229.00	15.00
230.00	15.00
231.00	12.00
232.00	11.00
233.00	15.00
234.00	15.00
235.00	17.00
236.00	10.00
237.00	17.00
238.00	13.00
239.00	10.00
240.00	24.00
241.00	17.00
242.00	11.00
243.00	14.00
244.00	13.00
245.00	12.00
246.00	15.00
247.00	17.00
248.00	10.00
249.00	 9.00
250.00	13.00
251.00	10.00
252.00	10.00
253.00	14.00
254.00	13.00
255.00	10.00
256.00	22.00
257.00	11.00
258.00	15.00
259.00	10.00
260.00	15.00
261.00	 8.00
262.00	14.00
263.00	11.00
264.00	16.00
265.00	16.00
266.00	15.00
267.00	25.00
268.00	28.00
269.00	16.00
270.00	18.00
271.00	15.00
272.00	13.00
273.00	25.00
274.00	16.00
275.00	29.00
276.00	30.00
277.00	38.00
278.00	53.00
279.00	73.00
280.00	122.00
281.00	159.00
282.00	222.00
283.00	235.00
284.00	354.00
285.00	371.00
286.00	410.00
287.00	408.00
288.00	380.00
289.00	305.00
290.00	298.00
291.00	241.00
292.00	192.00
293.00	142.00
294.00	108.00
295.00	68.00
296.00	66.00
297.00	37.00
298.00	25.00
299.00	18.00
300.00	29.00
301.00	18.00
302.00	32.00
303.00	34.00
304.00	32.00
305.00	49.00
306.00	55.00
307.00	47.00
308.00	63.00
309.00	90.00
310.00	124.00
311.00	122.00
312.00	196.00
313.00	242.00
314.00	306.00
315.00	434.00
316.00	558.00
317.00	725.00
318.00	834.00
319.00	958.00
320.00	1031.00
321.00	1061.00
322.00	1098.00
323.00	921.00
324.00	854.00
325.00	730.00
326.00	562.00
327.00	457.00
328.00	328.00
329.00	212.00
330.00	159.00
331.00	95.00
332.00	73.00
333.00	68.00
334.00	36.00
335.00	27.00
336.00	32.00
337.00	29.00
338.00	24.00
339.00	47.00
340.00	63.00
341.00	76.00
342.00	89.00
343.00	103.00
344.00	148.00
345.00	175.00
346.00	173.00
347.00	233.00
348.00	258.00
349.00	329.00
350.00	385.00
351.00	428.00
352.00	556.00
353.00	641.00
354.00	667.00
355.00	785.00
356.00	816.00
357.00	875.00
358.00	920.00
359.00	844.00
360.00	728.00
361.00	689.00
362.00	499.00
363.00	406.00
364.00	353.00
365.00	242.00
366.00	187.00
367.00	105.00
368.00	77.00
369.00	63.00
370.00	38.00
371.00	24.00
372.00	30.00
373.00	17.00
374.00	22.00
375.00	15.00
376.00	23.00
377.00	28.00
378.00	24.00
379.00	33.00
380.00	42.00
381.00	48.00
382.00	70.00
383.00	105.00
384.00	91.00
385.00	130.00
386.00	144.00
387.00	138.00
388.00	138.00
389.00	149.00
390.00	139.00
391.00	136.00
392.00	115.00
393.00	90.00
394.00	82.00
395.00	68.00
396.00	57.00
397.00	40.00
398.00	32.00
399.00	49.00
400.00	36.00
401.00	36.00
402.00	36.00
403.00	31.00
404.00	22.00
405.00	35.00
406.00	15.00
407.00	23.00
408.00	30.00
409.00	18.00
410.00	36.00
411.00	19.00
412.00	21.00
413.00	16.00
414.00	27.00
415.00	18.00
416.00	32.00
417.00	25.00
418.00	34.00
419.00	37.00
420.00	29.00
421.00	53.00
422.00	45.00
423.00	69.00
424.00	84.00
425.00	133.00
426.00	162.00
427.00	254.00
428.00	288.00
429.00	405.00
430.00	495.00
431.00	595.00
432.00	674.00
433.00	824.00
434.00	889.00
435.00	930.00
436.00	983.00
437.00	977.00
438.00	929.00
439.00	816.00
440.00	737.00
441.00	630.00
442.00	540.00
443.00	436.00
444.00	358.00
445.00	290.00
446.00	251.00
447.00	209.00
448.00	192.00
449.00	204.00
450.00	183.00
451.00	177.00
452.00	159.00
453.00	131.00
454.00	152.00
455.00	135.00
456.00	121.00
457.00	101.00
458.00	103.00
459.00	108.00
460.00	90.00
461.00	108.00
462.00	123.00
463.00	122.00
464.00	101.00
465.00	124.00
466.00	141.00
467.00	140.00
468.00	163.00
469.00	159.00
470.00	174.00
471.00	186.00
472.00	194.00
473.00	199.00
474.00	210.00
475.00	234.00
476.00	246.00
477.00	262.00
478.00	258.00
479.00	218.00
480.00	224.00
481.00	180.00
482.00	183.00
483.00	166.00
484.00	143.00
485.00	99.00
486.00	111.00
487.00	94.00
488.00	78.00
489.00	60.00
490.00	82.00
491.00	65.00
492.00	74.00
493.00	76.00
494.00	84.00
495.00	73.00
496.00	94.00
497.00	98.00
498.00	87.00
499.00	115.00
500.00	85.00
501.00	87.00
502.00	92.00
503.00	79.00
504.00	112.00
505.00	85.00
506.00	96.00
507.00	101.00
508.00	76.00
509.00	108.00
510.00	112.00
511.00	94.00
512.00	97.00
513.00	107.00
514.00	108.00
515.00	112.00
516.00	131.00
517.00	152.00
518.00	167.00
519.00	153.00
520.00	163.00
521.00	175.00
522.00	180.00
523.00	200.00
524.00	205.00
525.00	181.00
526.00	168.00
527.00	191.00
528.00	162.00
529.00	164.00
530.00	155.00
531.00	163.00
532.00	142.00
533.00	149.00
534.00	145.00
535.00	118.00
536.00	121.00
537.00	126.00
538.00	112.00
539.00	114.00
540.00	118.00
541.00	113.00
542.00	117.00
543.00	110.00
544.00	98.00
545.00	94.00
546.00	122.00
547.00	109.00
548.00	112.00
549.00	116.00
550.00	98.00
551.00	111.00
552.00	86.00
553.00	113.00
554.00	158.00
555.00	163.00
556.00	197.00
557.00	246.00
558.00	271.00
559.00	342.00
560.00	491.00
561.00	650.00
562.00	768.00
563.00	932.00
564.00	1101.00
565.00	1346.00
566.00	1473.00
567.00	1706.00
568.00	1738.00
569.00	1829.00
570.00	1874.00
571.00	1785.00
572.00	1804.00
573.00	1584.00
574.00	1433.00
575.00	1280.00
576.00	1027.00
577.00	911.00
578.00	716.00
579.00	570.00
580.00	496.00
581.00	369.00
582.00	272.00
583.00	242.00
584.00	213.00
585.00	215.00
586.00	167.00
587.00	170.00
588.00	190.00
589.00	195.00
590.00	197.00
591.00	198.00
592.00	193.00
593.00	195.00
594.00	207.00
595.00	230.00
596.00	237.00
597.00	271.00
598.00	332.00
599.00	362.00
600.00	510.00
601.00	651.00
602.00	881.00
603.00	1253.00
604.00	1752.00
605.00	2438.00
606.00	3299.00
607.00	4698.00
608.00	6258.00
609.00	8486.00
610.00	10904.00
611.00	13295.00
612.00	16497.00
613.00	19688.00
614.00	22649.00
615.00	25492.00
616.00	27681.00
617.00	29362.00
618.00	29995.00
619.00	30076.00
620.00	28900.00
621.00	26804.00
622.00	24877.00
623.00	21718.00
624.00	18397.00
625.00	15416.00
626.00	12399.00
627.00	9908.00
628.00	7644.00
629.00	5759.00
630.00	4067.00
631.00	3068.00
632.00	2244.00
633.00	1542.00
634.00	1083.00
635.00	781.00
636.00	597.00
637.00	484.00
638.00	365.00
639.00	343.00
640.00	296.00
641.00	271.00
642.00	235.00
643.00	283.00
644.00	268.00
645.00	255.00
646.00	273.00
647.00	254.00
648.00	241.00
649.00	268.00
650.00	252.00
651.00	287.00
652.00	262.00
653.00	276.00
654.00	271.00
655.00	274.00
656.00	295.00
657.00	273.00
658.00	287.00
659.00	329.00
660.00	344.00
661.00	333.00
662.00	380.00
663.00	400.00
664.00	380.00
665.00	472.00
666.00	573.00
667.00	623.00
668.00	750.00
669.00	1024.00
670.00	1114.00
671.00	1435.00
672.00	1792.00
673.00	2091.00
674.00	2589.00
675.00	2971.00
676.00	3300.00
677.00	3892.00
678.00	4321.00
679.00	4662.00
680.00	4735.00
681.00	5027.00
682.00	5009.00
683.00	4753.00
684.00	4550.00
685.00	4252.00
686.00	3821.00
687.00	3369.00
688.00	2947.00
689.00	2530.00
690.00	2095.00
691.00	1703.00
692.00	1293.00
693.00	1061.00
694.00	869.00
695.00	670.00
696.00	505.00
697.00	460.00
698.00	389.00
699.00	348.00
700.00	301.00
701.00	303.00
702.00	278.00
703.00	278.00
704.00	257.00
705.00	234.00
706.00	256.00
707.00	251.00
708.00	254.00
709.00	273.00
710.00	254.00
711.00	276.00
712.00	274.00
713.00	293.00
714.00	318.00
715.00	310.00
716.00	364.00
717.00	382.00
718.00	369.00
719.00	353.00
720.00	406.00
721.00	388.00
722.00	383.00
723.00	401.00
724.00	363.00
725.00	355.00
726.00	337.00
727.00	320.00
728.00	311.00
729.00	269.00
730.00	290.00
731.00	283.00
732.00	246.00
733.00	262.00
734.00	262.00
735.00	224.00
736.00	221.00
737.00	236.00
738.00	235.00
739.00	233.00
740.00	241.00
741.00	232.00
742.00	226.00
743.00	203.00
744.00	237.00
745.00	245.00
746.00	269.00
747.00	253.00
748.00	258.00
749.00	250.00
750.00	261.00
751.00	268.00
752.00	260.00
753.00	290.00
754.00	282.00
755.00	268.00
756.00	263.00
757.00	283.00
758.00	301.00
759.00	310.00
760.00	337.00
761.00	299.00
762.00	337.00
763.00	323.00
764.00	347.00
765.00	349.00
766.00	382.00
767.00	399.00
768.00	441.00
769.00	398.00
770.00	461.00
771.00	500.00
772.00	486.00
773.00	498.00
774.00	552.00
775.00	533.00
776.00	520.00
777.00	575.00
778.00	558.00
779.00	513.00
780.00	528.00
781.00	539.00
782.00	530.00
783.00	456.00
784.00	480.00
785.00	439.00
786.00	442.00
787.00	441.00
788.00	418.00
789.00	470.00
790.00	384.00
791.00	429.00
792.00	441.00
793.00	433.00
794.00	467.00
795.00	441.00
796.00	353.00
797.00	438.00
798.00	412.00
799.00	416.00
800.00	419.00
801.00	424.00
802.00	392.00
803.00	442.00
804.00	391.00
805.00	429.00
806.00	421.00
807.00	406.00
808.00	427.00
809.00	419.00
810.00	387.00
811.00	436.00
812.00	390.00
813.00	389.00
814.00	410.00
815.00	400.00
816.00	417.00
817.00	425.00
818.00	420.00
819.00	445.00
820.00	477.00
821.00	519.00
822.00	497.00
823.00	580.00
824.00	595.00
825.00	614.00
826.00	671.00
827.00	693.00
828.00	803.00
829.00	818.00
830.00	867.00
831.00	886.00
832.00	909.00
833.00	968.00
834.00	919.00
835.00	899.00
836.00	844.00
837.00	843.00
838.00	813.00
839.00	774.00
840.00	687.00
841.00	703.00
842.00	617.00
843.00	574.00
844.00	533.00
845.00	540.00
846.00	519.00
847.00	477.00
848.00	453.00
849.00	502.00
850.00	487.00
851.00	456.00
852.00	475.00
853.00	492.00
854.00	466.00
855.00	459.00
856.00	493.00
857.00	533.00
858.00	524.00
859.00	493.00
860.00	485.00
861.00	499.00
862.00	511.00
863.00	521.00
864.00	534.00
865.00	503.00
866.00	513.00
867.00	487.00
868.00	557.00
869.00	501.00
870.00	474.00
871.00	523.00
872.00	527.00
873.00	520.00
874.00	538.00
875.00	535.00
876.00	531.00
877.00	526.00
878.00	552.00
879.00	559.00
880.00	548.00
881.00	508.00
882.00	498.00
883.00	525.00
884.00	540.00
885.00	593.00
886.00	545.00
887.00	560.00
888.00	544.00
889.00	567.00
890.00	557.00
891.00	555.00
892.00	563.00
893.00	535.00
894.00	569.00
895.00	565.00
896.00	567.00
897.00	557.00
898.00	549.00
899.00	602.00
900.00	581.00
901.00	581.00
902.00	575.00
903.00	586.00
904.00	583.00
905.00	599.00
906.00	610.00
907.00	558.00
908.00	557.00
909.00	604.00
910.00	573.00
911.00	600.00
912.00	598.00
913.00	590.00
914.00	638.00
915.00	610.00
916.00	628.00
917.00	638.00
918.00	644.00
919.00	650.00
920.00	667.00
921.00	683.00
922.00	696.00
923.00	657.00
924.00	652.00
925.00	647.00
926.00	667.00
927.00	688.00
928.00	633.00
929.00	638.00
930.00	598.00
931.00	683.00
932.00	659.00
933.00	626.00
934.00	606.00
935.00	616.00
936.00	583.00
937.00	629.00
938.00	646.00
939.00	615.00
940.00	621.00
941.00	609.00
942.00	585.00
943.00	620.00
944.00	612.00
945.00	626.00
946.00	625.00
947.00	599.00
948.00	600.00
949.00	592.00
950.00	601.00
951.00	607.00
952.00	613.00
953.00	580.00
954.00	595.00
955.00	633.00
956.00	619.00
957.00	639.00
958.00	575.00
959.00	577.00
960.00	607.00
961.00	634.00
962.00	625.00
963.00	606.00
964.00	578.00
965.00	655.00
966.00	665.00
967.00	697.00
968.00	608.00
969.00	632.00
970.00	607.00
971.00	646.00
972.00	612.00
973.00	644.00
974.00	639.00
975.00	588.00
976.00	637.00
977.00	703.00
978.00	660.00
979.00	660.00
980.00	693.00
981.00	655.00
982.00	639.00
983.00	650.00
984.00	651.00
985.00	608.00
986.00	629.00
987.00	615.00
988.00	652.00
989.00	660.00
990.00	625.00
991.00	630.00
992.00	637.00
993.00	618.00
994.00	599.00
995.00	633.00
996.00	636.00
997.00	611.00
998.00	613.00
999.00	639.00
1000.00	622.00
1001.00	620.00
1002.00	650.00
1003.00	631.00
1004.00	661.00
1005.00	633.00
1006.00	665.00
1007.00	712.00
1008.00	654.00
1009.00	685.00
1010.00	674.00
1011.00	699.00
1012.00	698.00
1013.00	762.00
1014.00	698.00
1015.00	741.00
1016.00	760.00
1017.00	767.00
1018.00	722.00
1019.00	775.00
1020.00	768.00
1021.00	740.00
1022.00	765.00
1023.00	710.00
1024.00	756.00
1025.00	769.00
1026.00	731.00
1027.00	673.00
1028.00	725.00
1029.00	679.00
1030.00	714.00
1031.00	676.00
1032.00	678.00
1033.00	710.00
1034.00	722.00
1035.00	666.00
1036.00	657.00
1037.00	703.00
1038.00	647.00
1039.00	675.00
1040.00	712.00
1041.00	702.00
1042.00	690.00
1043.00	701.00
1044.00	713.00
1045.00	689.00
1046.00	726.00
1047.00	690.00
1048.00	691.00
1049.00	650.00
1050.00	721.00
1051.00	720.00
1052.00	719.00
1053.00	677.00
1054.00	710.00
1055.00	705.00
1056.00	699.00
1057.00	712.00
1058.00	692.00
1059.00	726.00
1060.00	732.00
1061.00	656.00
1062.00	721.00
1063.00	753.00
1064.00	731.00
1065.00	717.00
1066.00	714.00
1067.00	692.00
1068.00	716.00
1069.00	666.00
1070.00	657.00
1071.00	729.00
1072.00	744.00
1073.00	737.00
1074.00	709.00
1075.00	715.00
1076.00	733.00
1077.00	742.00
1078.00	714.00
1079.00	719.00
1080.00	727.00
1081.00	780.00
1082.00	779.00
1083.00	750.00
1084.00	757.00
1085.00	717.00
1086.00	709.00
1087.00	757.00
1088.00	752.00
1089.00	757.00
1090.00	749.00
1091.00	706.00
1092.00	742.00
1093.00	784.00
1094.00	738.00
1095.00	748.00
1096.00	721.00
1097.00	696.00
1098.00	754.00
1099.00	799.00
1100.00	755.00
1101.00	769.00
1102.00	793.00
1103.00	743.00
1104.00	729.00
1105.00	776.00
1106.00	776.00
1107.00	686.00
1108.00	729.00
1109.00	713.00
1110.00	718.00
1111.00	709.00
1112.00	778.00
1113.00	685.00
1114.00	750.00
1115.00	776.00
1116.00	755.00
1117.00	738.00
1118.00	710.00
1119.00	749.00
1120.00	747.00
1121.00	767.00
1122.00	729.00
1123.00	792.00
1124.00	728.00
1125.00	702.00
1126.00	711.00
1127.00	758.00
1128.00	728.00
1129.00	720.00
1130.00	776.00
1131.00	721.00
1132.00	778.00
1133.00	743.00
1134.00	747.00
1135.00	751.00
1136.00	773.00
1137.00	748.00
1138.00	695.00
1139.00	740.00
1140.00	787.00
1141.00	765.00
1142.00	767.00
1143.00	767.00
1144.00	809.00
1145.00	794.00
1146.00	744.00
1147.00	789.00
1148.00	749.00
1149.00	802.00
1150.00	809.00
1151.00	805.00
1152.00	777.00
1153.00	816.00
1154.00	767.00
1155.00	772.00
1156.00	788.00
1157.00	788.00
1158.00	778.00
1159.00	769.00
1160.00	814.00
1161.00	708.00
1162.00	752.00
1163.00	811.00
1164.00	760.00
1165.00	799.00
1166.00	803.00
1167.00	793.00
1168.00	760.00
1169.00	794.00
1170.00	798.00
1171.00	733.00
1172.00	768.00
1173.00	771.00
1174.00	755.00
1175.00	773.00
1176.00	829.00
1177.00	792.00
1178.00	796.00
1179.00	827.00
1180.00	782.00
1181.00	777.00
1182.00	784.00
1183.00	832.00
1184.00	790.00
1185.00	791.00
1186.00	837.00
1187.00	799.00
1188.00	812.00
1189.00	744.00
1190.00	825.00
1191.00	853.00
1192.00	812.00
1193.00	798.00
1194.00	820.00
1195.00	808.00
1196.00	825.00
1197.00	799.00
1198.00	780.00
1199.00	779.00
1200.00	785.00
1201.00	773.00
1202.00	775.00
1203.00	775.00
1204.00	855.00
1205.00	844.00
1206.00	785.00
1207.00	804.00
1208.00	823.00
1209.00	787.00
1210.00	829.00
1211.00	866.00
1212.00	856.00
1213.00	898.00
1214.00	841.00
1215.00	837.00
1216.00	870.00
1217.00	808.00
1218.00	831.00
1219.00	889.00
1220.00	833.00
1221.00	887.00
1222.00	838.00
1223.00	826.00
1224.00	832.00
1225.00	858.00
1226.00	835.00
1227.00	845.00
1228.00	871.00
1229.00	859.00
1230.00	842.00
1231.00	865.00
1232.00	853.00
1233.00	816.00
1234.00	850.00
1235.00	826.00
1236.00	856.00
1237.00	810.00
1238.00	867.00
1239.00	844.00
1240.00	808.00
1241.00	826.00
1242.00	821.00
1243.00	810.00
1244.00	843.00
1245.00	874.00
1246.00	824.00
1247.00	817.00
1248.00	799.00
1249.00	754.00
1250.00	820.00
1251.00	806.00
1252.00	832.00
1253.00	821.00
1254.00	834.00
1255.00	839.00
1256.00	836.00
1257.00	872.00
1258.00	811.00
1259.00	824.00
1260.00	794.00
1261.00	813.00
1262.00	812.00
1263.00	801.00
1264.00	862.00
1265.00	809.00
1266.00	812.00
1267.00	848.00
1268.00	778.00
1269.00	862.00
1270.00	814.00
1271.00	823.00
1272.00	856.00
1273.00	860.00
1274.00	841.00
1275.00	892.00
1276.00	839.00
1277.00	895.00
1278.00	855.00
1279.00	919.00
1280.00	879.00
1281.00	910.00
1282.00	951.00
1283.00	904.00
1284.00	870.00
1285.00	977.00
1286.00	915.00
1287.00	935.00
1288.00	1028.00
1289.00	976.00
1290.00	1014.00
1291.00	1014.00
1292.00	949.00
1293.00	1016.00
1294.00	1011.00
1295.00	979.00
1296.00	990.00
1297.00	978.00
1298.00	922.00
1299.00	924.00
1300.00	924.00
1301.00	876.00
1302.00	886.00
1303.00	878.00
1304.00	856.00
1305.00	843.00
1306.00	849.00
1307.00	902.00
1308.00	869.00
1309.00	760.00
1310.00	824.00
1311.00	749.00
1312.00	774.00
1313.00	829.00
1314.00	788.00
1315.00	838.00
1316.00	808.00
1317.00	805.00
1318.00	838.00
1319.00	821.00
1320.00	827.00
1321.00	795.00
1322.00	774.00
1323.00	801.00
1324.00	793.00
1325.00	829.00
1326.00	831.00
1327.00	842.00
1328.00	778.00
1329.00	805.00
1330.00	811.00
1331.00	793.00
1332.00	794.00
1333.00	814.00
1334.00	787.00
1335.00	791.00
1336.00	805.00
1337.00	808.00
1338.00	806.00
1339.00	761.00
1340.00	813.00
1341.00	783.00
1342.00	754.00
1343.00	833.00
1344.00	788.00
1345.00	783.00
1346.00	807.00
1347.00	826.00
1348.00	758.00
1349.00	820.00
1350.00	799.00
1351.00	774.00
1352.00	803.00
1353.00	823.00
1354.00	794.00
1355.00	864.00
1356.00	802.00
1357.00	782.00
1358.00	857.00
1359.00	855.00
1360.00	905.00
1361.00	923.00
1362.00	927.00
1363.00	892.00
1364.00	832.00
1365.00	881.00
1366.00	912.00
1367.00	878.00
1368.00	877.00
1369.00	865.00
1370.00	878.00
1371.00	853.00
1372.00	862.00
1373.00	859.00
1374.00	836.00
1375.00	839.00
1376.00	807.00
1377.00	767.00
1378.00	762.00
1379.00	741.00
1380.00	808.00
1381.00	729.00
1382.00	722.00
1383.00	768.00
1384.00	760.00
1385.00	743.00
1386.00	741.00
1387.00	725.00
1388.00	716.00
1389.00	726.00
1390.00	665.00
1391.00	727.00
1392.00	751.00
1393.00	714.00
1394.00	697.00
1395.00	774.00
1396.00	682.00
1397.00	726.00
1398.00	722.00
1399.00	713.00
1400.00	748.00
1401.00	683.00
1402.00	704.00
1403.00	700.00
1404.00	750.00
1405.00	710.00
1406.00	730.00
1407.00	703.00
1408.00	716.00
1409.00	686.00
1410.00	708.00
1411.00	705.00
1412.00	779.00
1413.00	713.00
1414.00	749.00
1415.00	763.00
1416.00	734.00
1417.00	676.00
1418.00	739.00
1419.00	704.00
1420.00	737.00
1421.00	755.00
1422.00	747.00
1423.00	676.00
1424.00	691.00
1425.00	709.00
1426.00	744.00
1427.00	750.00
1428.00	774.00
1429.00	716.00
1430.00	757.00
1431.00	739.00
1432.00	744.00
1433.00	822.00
1434.00	815.00
1435.00	776.00
1436.00	775.00
1437.00	757.00
1438.00	741.00
1439.00	760.00
1440.00	787.00
1441.00	814.00
1442.00	759.00
1443.00	797.00
1444.00	764.00
1445.00	754.00
1446.00	732.00
1447.00	774.00
1448.00	762.00
1449.00	807.00
1450.00	730.00
1451.00	715.00
1452.00	725.00
1453.00	726.00
1454.00	676.00
1455.00	711.00
1456.00	738.00
1457.00	705.00
1458.00	732.00
1459.00	686.00
1460.00	697.00
1461.00	684.00
1462.00	707.00
1463.00	676.00
1464.00	704.00
1465.00	659.00
1466.00	696.00
1467.00	708.00
1468.00	705.00
1469.00	718.00
1470.00	717.00
1471.00	711.00
1472.00	707.00
1473.00	719.00
1474.00	756.00
1475.00	708.00
1476.00	741.00
1477.00	656.00
1478.00	635.00
1479.00	667.00
1480.00	714.00
1481.00	677.00
1482.00	684.00
1483.00	722.00
1484.00	695.00
1485.00	705.00
1486.00	674.00
1487.00	698.00
1488.00	656.00
1489.00	681.00
1490.00	722.00
1491.00	710.00
1492.00	697.00
1493.00	714.00
1494.00	714.00
1495.00	696.00
1496.00	689.00
1497.00	756.00
1498.00	657.00
1499.00	736.00
1500.00	710.00
1501.00	703.00
1502.00	711.00
1503.00	721.00
1504.00	736.00
1505.00	767.00
1506.00	734.00
1507.00	712.00
1508.00	756.00
1509.00	808.00
1510.00	819.00
1511.00	795.00
1512.00	810.00
1513.00	808.00
1514.00	773.00
1515.00	841.00
1516.00	834.00
1517.00	860.00
1518.00	834.00
1519.00	873.00
1520.00	837.00
1521.00	853.00
1522.00	875.00
1523.00	841.00
1524.00	831.00
1525.00	848.00
1526.00	818.00
1527.00	835.00
1528.00	843.00
1529.00	866.00
1530.00	789.00
1531.00	822.00
1532.00	759.00
1533.00	836.00
1534.00	748.00
1535.00	781.00
1536.00	794.00
1537.00	798.00
1538.00	770.00
1539.00	721.00
1540.00	756.00
1541.00	835.00
1542.00	784.00
1543.00	839.00
1544.00	765.00
1545.00	797.00
1546.00	740.00
1547.00	779.00
1548.00	804.00
1549.00	864.00
1550.00	872.00
1551.00	863.00
1552.00	844.00
1553.00	830.00
1554.00	916.00
1555.00	885.00
1556.00	848.00
1557.00	870.00
1558.00	885.00
1559.00	944.00
1560.00	962.00
1561.00	974.00
1562.00	961.00
1563.00	1017.00
1564.00	1034.00
1565.00	1050.00
1566.00	943.00
1567.00	1031.00
1568.00	1066.00
1569.00	1107.00
1570.00	1127.00
1571.00	1133.00
1572.00	1136.00
1573.00	1146.00
1574.00	1220.00
1575.00	1213.00
1576.00	1278.00
1577.00	1173.00
1578.00	1179.00
1579.00	1262.00
1580.00	1252.00
1581.00	1228.00
1582.00	1306.00
1583.00	1245.00
1584.00	1221.00
1585.00	1252.00
1586.00	1278.00
1587.00	1263.00
1588.00	1257.00
1589.00	1315.00
1590.00	1188.00
1591.00	1298.00
1592.00	1219.00
1593.00	1260.00
1594.00	1208.00
1595.00	1224.00
1596.00	1137.00
1597.00	1187.00
1598.00	1189.00
1599.00	1230.00
1600.00	1203.00
1601.00	1136.00
1602.00	1095.00
1603.00	1112.00
1604.00	1116.00
1605.00	1060.00
1606.00	1095.00
1607.00	1022.00
1608.00	1000.00
1609.00	993.00
1610.00	976.00
1611.00	933.00
1612.00	966.00
1613.00	954.00
1614.00	904.00
1615.00	902.00
1616.00	864.00
1617.00	857.00
1618.00	848.00
1619.00	796.00
1620.00	857.00
1621.00	822.00
1622.00	809.00
1623.00	784.00
1624.00	743.00
1625.00	769.00
1626.00	811.00
1627.00	689.00
1628.00	719.00
1629.00	712.00
1630.00	679.00
1631.00	713.00
1632.00	704.00
1633.00	652.00
1634.00	643.00
1635.00	629.00
1636.00	594.00
1637.00	622.00
1638.00	593.00
1639.00	669.00
1640.00	572.00
1641.00	647.00
1642.00	641.00
1643.00	570.00
1644.00	592.00
1645.00	606.00
1646.00	596.00
1647.00	608.00
1648.00	560.00
1649.00	567.00
1650.00	588.00
1651.00	586.00
1652.00	592.00
1653.00	594.00
1654.00	580.00
1655.00	604.00
1656.00	602.00
1657.00	575.00
1658.00	596.00
1659.00	609.00
1660.00	638.00
1661.00	607.00
1662.00	675.00
1663.00	654.00
1664.00	642.00
1665.00	698.00
1666.00	762.00
1667.00	705.00
1668.00	716.00
1669.00	774.00
1670.00	788.00
1671.00	834.00
1672.00	854.00
1673.00	839.00
1674.00	924.00
1675.00	925.00
1676.00	939.00
1677.00	919.00
1678.00	1052.00
1679.00	991.00
1680.00	1023.00
1681.00	1064.00
1682.00	1018.00
1683.00	1016.00
1684.00	1011.00
1685.00	1013.00
1686.00	1031.00
1687.00	1013.00
1688.00	946.00
1689.00	924.00
1690.00	928.00
1691.00	859.00
1692.00	868.00
1693.00	756.00
1694.00	785.00
1695.00	710.00
1696.00	730.00
1697.00	718.00
1698.00	687.00
1699.00	596.00
1700.00	605.00
1701.00	614.00
1702.00	554.00
1703.00	565.00
1704.00	528.00
1705.00	557.00
1706.00	465.00
1707.00	517.00
1708.00	513.00
1709.00	455.00
1710.00	449.00
1711.00	498.00
1712.00	457.00
1713.00	457.00
1714.00	483.00
1715.00	481.00
1716.00	499.00
1717.00	468.00
1718.00	468.00
1719.00	480.00
1720.00	445.00
1721.00	453.00
1722.00	453.00
1723.00	473.00
1724.00	455.00
1725.00	438.00
1726.00	422.00
1727.00	418.00
1728.00	469.00
1729.00	453.00
1730.00	464.00
1731.00	463.00
1732.00	481.00
1733.00	427.00
1734.00	457.00
1735.00	450.00
1736.00	460.00
1737.00	453.00
1738.00	444.00
1739.00	420.00
1740.00	481.00
1741.00	452.00
1742.00	459.00
1743.00	448.00
1744.00	469.00
1745.00	457.00
1746.00	489.00
1747.00	483.00
1748.00	438.00
1749.00	412.00
1750.00	498.00
1751.00	471.00
1752.00	433.00
1753.00	485.00
1754.00	477.00
1755.00	453.00
1756.00	440.00
1757.00	450.00
1758.00	490.00
1759.00	476.00
1760.00	513.00
1761.00	506.00
1762.00	458.00
1763.00	473.00
1764.00	512.00
1765.00	426.00
1766.00	467.00
1767.00	451.00
1768.00	473.00
1769.00	481.00
1770.00	452.00
1771.00	529.00
1772.00	474.00
1773.00	462.00
1774.00	498.00
1775.00	463.00
1776.00	430.00
1777.00	492.00
1778.00	461.00
1779.00	408.00
1780.00	488.00
1781.00	442.00
1782.00	463.00
1783.00	465.00
1784.00	442.00
1785.00	405.00
1786.00	432.00
1787.00	461.00
1788.00	411.00
1789.00	422.00
1790.00	438.00
1791.00	466.00
1792.00	412.00
1793.00	409.00
1794.00	377.00
1795.00	446.00
1796.00	406.00
1797.00	414.00
1798.00	377.00
1799.00	392.00
1800.00	389.00
1801.00	386.00
1802.00	366.00
1803.00	357.00
1804.00	378.00
1805.00	358.00
1806.00	364.00
1807.00	341.00
1808.00	334.00
1809.00	332.00
1810.00	311.00
1811.00	361.00
1812.00	357.00
1813.00	314.00
1814.00	348.00
1815.00	335.00
1816.00	301.00
1817.00	289.00
1818.00	294.00
1819.00	298.00
1820.00	337.00
1821.00	313.00
1822.00	299.00
1823.00	279.00
1824.00	313.00
1825.00	303.00
1826.00	285.00
1827.00	297.00
1828.00	290.00
1829.00	284.00
1830.00	260.00
1831.00	330.00
1832.00	267.00
1833.00	254.00
1834.00	294.00
1835.00	262.00
1836.00	274.00
1837.00	255.00
1838.00	266.00
1839.00	266.00
1840.00	244.00
1841.00	258.00
1842.00	220.00
1843.00	257.00
1844.00	255.00
1845.00	270.00
1846.00	224.00
1847.00	251.00
1848.00	230.00
1849.00	250.00
1850.00	238.00
1851.00	249.00
1852.00	264.00
1853.00	243.00
1854.00	271.00
1855.00	229.00
1856.00	256.00
1857.00	242.00
1858.00	237.00
1859.00	249.00
1860.00	238.00
1861.00	205.00
1862.00	219.00
1863.00	223.00
1864.00	219.00
1865.00	225.00
1866.00	225.00
1867.00	237.00
1868.00	231.00
1869.00	238.00
1870.00	254.00
1871.00	245.00
1872.00	211.00
1873.00	262.00
1874.00	245.00
1875.00	237.00
1876.00	239.00
1877.00	273.00
1878.00	252.00
1879.00	249.00
1880.00	259.00
1881.00	245.00
1882.00	269.00
1883.00	262.00
1884.00	242.00
1885.00	268.00
1886.00	266.00
1887.00	264.00
1888.00	278.00
1889.00	259.00
1890.00	267.00
1891.00	279.00
1892.00	291.00
1893.00	253.00
1894.00	264.00
1895.00	247.00
1896.00	253.00
1897.00	259.00
1898.00	243.00
1899.00	217.00
1900.00	224.00
1901.00	251.00
1902.00	222.00
1903.00	193.00
1904.00	211.00
1905.00	215.00
1906.00	207.00
1907.00	213.00
1908.00	204.00
1909.00	212.00
1910.00	206.00
1911.00	188.00
1912.00	201.00
1913.00	195.00
1914.00	188.00
1915.00	210.00
1916.00	204.00
1917.00	185.00
1918.00	191.00
1919.00	199.00
1920.00	181.00
1921.00	178.00
1922.00	186.00
1923.00	188.00
1924.00	180.00
1925.00	174.00
1926.00	206.00
1927.00	196.00
1928.00	179.00
1929.00	192.00
1930.00	173.00
1931.00	144.00
1932.00	171.00
1933.00	176.00
1934.00	173.00
1935.00	208.00
1936.00	169.00
1937.00	157.00
1938.00	160.00
1939.00	137.00
1940.00	143.00
1941.00	176.00
1942.00	158.00
1943.00	135.00
1944.00	162.00
1945.00	159.00
1946.00	150.00
1947.00	149.00
1948.00	159.00
1949.00	135.00
1950.00	156.00
1951.00	153.00
1952.00	134.00
1953.00	131.00
1954.00	118.00
1955.00	130.00
1956.00	136.00
1957.00	146.00
1958.00	146.00
1959.00	153.00
1960.00	141.00
1961.00	137.00
1962.00	128.00
1963.00	153.00
1964.00	150.00
1965.00	161.00
1966.00	134.00
1967.00	129.00
1968.00	127.00
1969.00	142.00
1970.00	138.00
1971.00	123.00
1972.00	146.00
1973.00	147.00
1974.00	116.00
1975.00	139.00
1976.00	141.00
1977.00	130.00
1978.00	129.00
1979.00	130.00
1980.00	144.00
1981.00	125.00
1982.00	127.00
1983.00	123.00
1984.00	120.00
1985.00	119.00
1986.00	126.00
1987.00	121.00
1988.00	118.00
1989.00	140.00
1990.00	128.00
1991.00	103.00
1992.00	115.00
1993.00	111.00
1994.00	127.00
1995.00	127.00
1996.00	124.00
1997.00	110.00
1998.00	102.00
1999.00	105.00
2000.00	114.00
2001.00	126.00
2002.00	114.00
2003.00	130.00
2004.00	120.00
2005.00	103.00
2006.00	93.00
2007.00	117.00
2008.00	105.00
2009.00	108.00
2010.00	104.00
2011.00	89.00
2012.00	104.00
2013.00	115.00
2014.00	115.00
2015.00	94.00
2016.00	99.00
2017.00	103.00
2018.00	88.00
2019.00	101.00
2020.00	99.00
2021.00	86.00
2022.00	89.00
2023.00	81.00
2024.00	114.00
2025.00	93.00
2026.00	98.00
2027.00	98.00
2028.00	98.00
2029.00	105.00
2030.00	101.00
2031.00	119.00
2032.00	110.00
2033.00	113.00
2034.00	67.00
2035.00	98.00
2036.00	99.00
2037.00	95.00
2038.00	109.00
2039.00	98.00
2040.00	85.00
2041.00	93.00
2042.00	82.00
2043.00	93.00
2044.00	80.00
2045.00	101.00
2046.00	81.00
2047.00	76.00
2048.00	 0.00
