Date:	2023-09-18		
Time:	21:41		
Sample name:	Pellets		
Position:	1452.600011	mm	
Sample surface:	5.935704	cm	
Tube anode:	Mo		
Tube voltage:	30	kV	
Tube current:	50	mA	
Comments	in position		
Gain	5.810000		
peaking_time	0.300000	m-sec	
trigger_threshold	30.000000	V	
mca_bin_width	2.000000	no:	
number_mca_channels	2048.000000	no:	
gap_time	0.100000	m-sec	
trigger_peaking_time	0.050000	m-sec	
livetime	17.441820	seconds	
runtime	20.000402	seconds	
input_count_rate	114300.229361	cps	
output_count_rate	99678.193976	cps	
triggers	2214109.000000	seconds	
events_in_run	1985686.000000	seconds	
channel	content		
 1.00	 0.00
 2.00	 0.00
 3.00	 0.00
 4.00	 0.00
 5.00	 0.00
 6.00	 0.00
 7.00	 0.00
 8.00	 0.00
 9.00	 0.00
10.00	 0.00
11.00	 0.00
12.00	 0.00
13.00	 0.00
14.00	 0.00
15.00	 0.00
16.00	 0.00
17.00	 0.00
18.00	 0.00
19.00	 0.00
20.00	 0.00
21.00	 0.00
22.00	 0.00
23.00	 0.00
24.00	 0.00
25.00	 0.00
26.00	 0.00
27.00	 0.00
28.00	 0.00
29.00	 0.00
30.00	 0.00
31.00	 0.00
32.00	 0.00
33.00	 0.00
34.00	 0.00
35.00	 0.00
36.00	 0.00
37.00	 1.00
38.00	 2.00
39.00	 4.00
40.00	 4.00
41.00	 3.00
42.00	 4.00
43.00	15.00
44.00	15.00
45.00	14.00
46.00	16.00
47.00	22.00
48.00	23.00
49.00	22.00
50.00	21.00
51.00	19.00
52.00	35.00
53.00	26.00
54.00	32.00
55.00	49.00
56.00	34.00
57.00	40.00
58.00	38.00
59.00	28.00
60.00	41.00
61.00	29.00
62.00	33.00
63.00	35.00
64.00	28.00
65.00	27.00
66.00	35.00
67.00	41.00
68.00	35.00
69.00	42.00
70.00	42.00
71.00	44.00
72.00	41.00
73.00	46.00
74.00	38.00
75.00	43.00
76.00	30.00
77.00	33.00
78.00	31.00
79.00	41.00
80.00	38.00
81.00	36.00
82.00	44.00
83.00	34.00
84.00	33.00
85.00	41.00
86.00	38.00
87.00	39.00
88.00	42.00
89.00	39.00
90.00	30.00
91.00	23.00
92.00	36.00
93.00	40.00
94.00	35.00
95.00	45.00
96.00	43.00
97.00	40.00
98.00	28.00
99.00	31.00
100.00	32.00
101.00	40.00
102.00	40.00
103.00	35.00
104.00	32.00
105.00	42.00
106.00	31.00
107.00	40.00
108.00	31.00
109.00	33.00
110.00	27.00
111.00	34.00
112.00	21.00
113.00	30.00
114.00	38.00
115.00	38.00
116.00	26.00
117.00	40.00
118.00	25.00
119.00	28.00
120.00	32.00
121.00	36.00
122.00	37.00
123.00	27.00
124.00	31.00
125.00	26.00
126.00	33.00
127.00	18.00
128.00	26.00
129.00	26.00
130.00	32.00
131.00	22.00
132.00	25.00
133.00	23.00
134.00	27.00
135.00	24.00
136.00	18.00
137.00	43.00
138.00	39.00
139.00	54.00
140.00	62.00
141.00	75.00
142.00	101.00
143.00	121.00
144.00	109.00
145.00	138.00
146.00	118.00
147.00	107.00
148.00	94.00
149.00	82.00
150.00	77.00
151.00	101.00
152.00	67.00
153.00	86.00
154.00	66.00
155.00	55.00
156.00	50.00
157.00	43.00
158.00	53.00
159.00	49.00
160.00	76.00
161.00	117.00
162.00	205.00
163.00	308.00
164.00	456.00
165.00	604.00
166.00	773.00
167.00	975.00
168.00	1056.00
169.00	1099.00
170.00	1020.00
171.00	955.00
172.00	815.00
173.00	640.00
174.00	493.00
175.00	345.00
176.00	249.00
177.00	209.00
178.00	133.00
179.00	126.00
180.00	163.00
181.00	115.00
182.00	167.00
183.00	217.00
184.00	254.00
185.00	331.00
186.00	388.00
187.00	467.00
188.00	478.00
189.00	541.00
190.00	526.00
191.00	474.00
192.00	363.00
193.00	294.00
194.00	250.00
195.00	182.00
196.00	133.00
197.00	81.00
198.00	64.00
199.00	52.00
200.00	39.00
201.00	39.00
202.00	34.00
203.00	32.00
204.00	29.00
205.00	43.00
206.00	32.00
207.00	29.00
208.00	47.00
209.00	40.00
210.00	34.00
211.00	47.00
212.00	36.00
213.00	48.00
214.00	56.00
215.00	56.00
216.00	60.00
217.00	86.00
218.00	92.00
219.00	98.00
220.00	80.00
221.00	70.00
222.00	84.00
223.00	84.00
224.00	83.00
225.00	62.00
226.00	46.00
227.00	43.00
228.00	44.00
229.00	34.00
230.00	36.00
231.00	37.00
232.00	35.00
233.00	31.00
234.00	24.00
235.00	26.00
236.00	29.00
237.00	33.00
238.00	37.00
239.00	39.00
240.00	34.00
241.00	26.00
242.00	25.00
243.00	31.00
244.00	19.00
245.00	28.00
246.00	22.00
247.00	23.00
248.00	22.00
249.00	18.00
250.00	27.00
251.00	32.00
252.00	26.00
253.00	33.00
254.00	30.00
255.00	41.00
256.00	37.00
257.00	35.00
258.00	32.00
259.00	23.00
260.00	22.00
261.00	42.00
262.00	33.00
263.00	34.00
264.00	32.00
265.00	40.00
266.00	48.00
267.00	55.00
268.00	49.00
269.00	45.00
270.00	38.00
271.00	39.00
272.00	44.00
273.00	27.00
274.00	37.00
275.00	40.00
276.00	62.00
277.00	51.00
278.00	59.00
279.00	72.00
280.00	101.00
281.00	124.00
282.00	162.00
283.00	190.00
284.00	233.00
285.00	240.00
286.00	265.00
287.00	286.00
288.00	272.00
289.00	238.00
290.00	247.00
291.00	176.00
292.00	150.00
293.00	145.00
294.00	85.00
295.00	72.00
296.00	85.00
297.00	66.00
298.00	56.00
299.00	61.00
300.00	52.00
301.00	54.00
302.00	61.00
303.00	58.00
304.00	94.00
305.00	68.00
306.00	83.00
307.00	89.00
308.00	111.00
309.00	145.00
310.00	209.00
311.00	269.00
312.00	381.00
313.00	523.00
314.00	757.00
315.00	1031.00
316.00	1346.00
317.00	1630.00
318.00	2041.00
319.00	2136.00
320.00	2401.00
321.00	2559.00
322.00	2502.00
323.00	2345.00
324.00	2041.00
325.00	1708.00
326.00	1442.00
327.00	1040.00
328.00	801.00
329.00	578.00
330.00	376.00
331.00	273.00
332.00	198.00
333.00	162.00
334.00	123.00
335.00	123.00
336.00	119.00
337.00	159.00
338.00	168.00
339.00	209.00
340.00	274.00
341.00	367.00
342.00	501.00
343.00	732.00
344.00	1061.00
345.00	1649.00
346.00	2435.00
347.00	3675.00
348.00	5624.00
349.00	8384.00
350.00	11641.00
351.00	16108.00
352.00	21030.00
353.00	26551.00
354.00	31679.00
355.00	37091.00
356.00	40643.00
357.00	42086.00
358.00	42042.00
359.00	39907.00
360.00	36440.00
361.00	31420.00
362.00	25616.00
363.00	20492.00
364.00	15195.00
365.00	11017.00
366.00	7627.00
367.00	4906.00
368.00	3134.00
369.00	2029.00
370.00	1211.00
371.00	765.00
372.00	531.00
373.00	403.00
374.00	313.00
375.00	390.00
376.00	496.00
377.00	595.00
378.00	842.00
379.00	1117.00
380.00	1518.00
381.00	2031.00
382.00	2739.00
383.00	3401.00
384.00	4171.00
385.00	4876.00
386.00	5653.00
387.00	5935.00
388.00	6143.00
389.00	6167.00
390.00	6031.00
391.00	5485.00
392.00	4898.00
393.00	4149.00
394.00	3254.00
395.00	2682.00
396.00	1895.00
397.00	1316.00
398.00	936.00
399.00	604.00
400.00	423.00
401.00	296.00
402.00	168.00
403.00	107.00
404.00	70.00
405.00	53.00
406.00	51.00
407.00	35.00
408.00	41.00
409.00	29.00
410.00	33.00
411.00	30.00
412.00	28.00
413.00	37.00
414.00	33.00
415.00	32.00
416.00	38.00
417.00	39.00
418.00	46.00
419.00	33.00
420.00	54.00
421.00	63.00
422.00	70.00
423.00	77.00
424.00	110.00
425.00	139.00
426.00	185.00
427.00	231.00
428.00	312.00
429.00	454.00
430.00	551.00
431.00	737.00
432.00	813.00
433.00	884.00
434.00	1078.00
435.00	1110.00
436.00	1129.00
437.00	1130.00
438.00	1079.00
439.00	1014.00
440.00	874.00
441.00	762.00
442.00	646.00
443.00	495.00
444.00	404.00
445.00	336.00
446.00	300.00
447.00	241.00
448.00	227.00
449.00	220.00
450.00	208.00
451.00	184.00
452.00	168.00
453.00	141.00
454.00	142.00
455.00	98.00
456.00	110.00
457.00	119.00
458.00	84.00
459.00	80.00
460.00	69.00
461.00	97.00
462.00	81.00
463.00	83.00
464.00	107.00
465.00	109.00
466.00	101.00
467.00	119.00
468.00	152.00
469.00	156.00
470.00	183.00
471.00	222.00
472.00	216.00
473.00	231.00
474.00	263.00
475.00	280.00
476.00	302.00
477.00	324.00
478.00	299.00
479.00	269.00
480.00	253.00
481.00	228.00
482.00	216.00
483.00	190.00
484.00	161.00
485.00	141.00
486.00	116.00
487.00	90.00
488.00	91.00
489.00	97.00
490.00	74.00
491.00	47.00
492.00	78.00
493.00	67.00
494.00	86.00
495.00	63.00
496.00	62.00
497.00	71.00
498.00	79.00
499.00	100.00
500.00	74.00
501.00	80.00
502.00	84.00
503.00	91.00
504.00	105.00
505.00	100.00
506.00	100.00
507.00	92.00
508.00	112.00
509.00	104.00
510.00	98.00
511.00	109.00
512.00	127.00
513.00	125.00
514.00	130.00
515.00	119.00
516.00	142.00
517.00	146.00
518.00	153.00
519.00	196.00
520.00	176.00
521.00	177.00
522.00	171.00
523.00	175.00
524.00	166.00
525.00	185.00
526.00	191.00
527.00	162.00
528.00	149.00
529.00	148.00
530.00	155.00
531.00	133.00
532.00	138.00
533.00	128.00
534.00	119.00
535.00	123.00
536.00	117.00
537.00	128.00
538.00	111.00
539.00	125.00
540.00	132.00
541.00	137.00
542.00	140.00
543.00	124.00
544.00	141.00
545.00	154.00
546.00	137.00
547.00	153.00
548.00	128.00
549.00	139.00
550.00	126.00
551.00	165.00
552.00	167.00
553.00	150.00
554.00	165.00
555.00	209.00
556.00	191.00
557.00	222.00
558.00	276.00
559.00	268.00
560.00	378.00
561.00	411.00
562.00	496.00
563.00	547.00
564.00	655.00
565.00	764.00
566.00	837.00
567.00	1005.00
568.00	1056.00
569.00	1016.00
570.00	1046.00
571.00	1051.00
572.00	1019.00
573.00	944.00
574.00	828.00
575.00	693.00
576.00	651.00
577.00	548.00
578.00	451.00
579.00	390.00
580.00	290.00
581.00	265.00
582.00	198.00
583.00	150.00
584.00	180.00
585.00	141.00
586.00	160.00
587.00	171.00
588.00	143.00
589.00	159.00
590.00	193.00
591.00	172.00
592.00	176.00
593.00	192.00
594.00	206.00
595.00	210.00
596.00	263.00
597.00	260.00
598.00	299.00
599.00	320.00
600.00	486.00
601.00	595.00
602.00	886.00
603.00	1250.00
604.00	1692.00
605.00	2480.00
606.00	3471.00
607.00	4706.00
608.00	6464.00
609.00	8550.00
610.00	11193.00
611.00	14132.00
612.00	17005.00
613.00	20633.00
614.00	23806.00
615.00	26819.00
616.00	29093.00
617.00	30560.00
618.00	31722.00
619.00	31471.00
620.00	30778.00
621.00	28380.00
622.00	25999.00
623.00	22974.00
624.00	19647.00
625.00	16255.00
626.00	12978.00
627.00	10492.00
628.00	7929.00
629.00	5867.00
630.00	4350.00
631.00	3071.00
632.00	2175.00
633.00	1584.00
634.00	1067.00
635.00	748.00
636.00	634.00
637.00	487.00
638.00	396.00
639.00	319.00
640.00	300.00
641.00	296.00
642.00	287.00
643.00	277.00
644.00	270.00
645.00	287.00
646.00	260.00
647.00	299.00
648.00	298.00
649.00	281.00
650.00	286.00
651.00	334.00
652.00	324.00
653.00	305.00
654.00	312.00
655.00	329.00
656.00	322.00
657.00	353.00
658.00	376.00
659.00	377.00
660.00	392.00
661.00	395.00
662.00	422.00
663.00	440.00
664.00	497.00
665.00	509.00
666.00	647.00
667.00	711.00
668.00	839.00
669.00	992.00
670.00	1274.00
671.00	1541.00
672.00	1793.00
673.00	2248.00
674.00	2539.00
675.00	3062.00
676.00	3501.00
677.00	3949.00
678.00	4306.00
679.00	4724.00
680.00	5032.00
681.00	5011.00
682.00	5077.00
683.00	4875.00
684.00	4831.00
685.00	4394.00
686.00	3940.00
687.00	3483.00
688.00	2948.00
689.00	2564.00
690.00	2024.00
691.00	1623.00
692.00	1338.00
693.00	1018.00
694.00	845.00
695.00	608.00
696.00	524.00
697.00	467.00
698.00	398.00
699.00	329.00
700.00	333.00
701.00	317.00
702.00	249.00
703.00	308.00
704.00	294.00
705.00	292.00
706.00	311.00
707.00	321.00
708.00	326.00
709.00	337.00
710.00	387.00
711.00	418.00
712.00	375.00
713.00	427.00
714.00	418.00
715.00	448.00
716.00	458.00
717.00	458.00
718.00	476.00
719.00	465.00
720.00	446.00
721.00	477.00
722.00	448.00
723.00	427.00
724.00	449.00
725.00	453.00
726.00	413.00
727.00	410.00
728.00	405.00
729.00	380.00
730.00	337.00
731.00	322.00
732.00	386.00
733.00	315.00
734.00	313.00
735.00	313.00
736.00	290.00
737.00	286.00
738.00	321.00
739.00	285.00
740.00	300.00
741.00	298.00
742.00	300.00
743.00	291.00
744.00	279.00
745.00	300.00
746.00	290.00
747.00	266.00
748.00	307.00
749.00	312.00
750.00	289.00
751.00	313.00
752.00	319.00
753.00	327.00
754.00	287.00
755.00	285.00
756.00	282.00
757.00	272.00
758.00	292.00
759.00	305.00
760.00	325.00
761.00	320.00
762.00	326.00
763.00	321.00
764.00	351.00
765.00	350.00
766.00	375.00
767.00	375.00
768.00	343.00
769.00	389.00
770.00	382.00
771.00	408.00
772.00	441.00
773.00	433.00
774.00	454.00
775.00	455.00
776.00	450.00
777.00	496.00
778.00	441.00
779.00	500.00
780.00	481.00
781.00	452.00
782.00	411.00
783.00	454.00
784.00	459.00
785.00	398.00
786.00	451.00
787.00	430.00
788.00	425.00
789.00	401.00
790.00	435.00
791.00	480.00
792.00	447.00
793.00	448.00
794.00	425.00
795.00	466.00
796.00	457.00
797.00	484.00
798.00	438.00
799.00	474.00
800.00	445.00
801.00	467.00
802.00	473.00
803.00	460.00
804.00	511.00
805.00	502.00
806.00	522.00
807.00	493.00
808.00	536.00
809.00	527.00
810.00	539.00
811.00	516.00
812.00	522.00
813.00	489.00
814.00	529.00
815.00	537.00
816.00	518.00
817.00	530.00
818.00	509.00
819.00	580.00
820.00	561.00
821.00	502.00
822.00	546.00
823.00	587.00
824.00	584.00
825.00	573.00
826.00	612.00
827.00	652.00
828.00	669.00
829.00	630.00
830.00	690.00
831.00	702.00
832.00	680.00
833.00	696.00
834.00	734.00
835.00	669.00
836.00	681.00
837.00	660.00
838.00	680.00
839.00	667.00
840.00	598.00
841.00	573.00
842.00	585.00
843.00	548.00
844.00	554.00
845.00	538.00
846.00	559.00
847.00	512.00
848.00	499.00
849.00	531.00
850.00	500.00
851.00	486.00
852.00	489.00
853.00	541.00
854.00	544.00
855.00	504.00
856.00	516.00
857.00	516.00
858.00	510.00
859.00	512.00
860.00	493.00
861.00	540.00
862.00	492.00
863.00	494.00
864.00	550.00
865.00	518.00
866.00	522.00
867.00	509.00
868.00	509.00
869.00	465.00
870.00	477.00
871.00	497.00
872.00	506.00
873.00	479.00
874.00	508.00
875.00	512.00
876.00	518.00
877.00	506.00
878.00	546.00
879.00	514.00
880.00	556.00
881.00	524.00
882.00	560.00
883.00	515.00
884.00	530.00
885.00	537.00
886.00	570.00
887.00	590.00
888.00	580.00
889.00	551.00
890.00	589.00
891.00	615.00
892.00	611.00
893.00	592.00
894.00	587.00
895.00	570.00
896.00	611.00
897.00	596.00
898.00	586.00
899.00	594.00
900.00	576.00
901.00	610.00
902.00	587.00
903.00	552.00
904.00	613.00
905.00	595.00
906.00	587.00
907.00	627.00
908.00	625.00
909.00	596.00
910.00	617.00
911.00	593.00
912.00	623.00
913.00	642.00
914.00	628.00
915.00	593.00
916.00	646.00
917.00	615.00
918.00	639.00
919.00	603.00
920.00	609.00
921.00	627.00
922.00	656.00
923.00	694.00
924.00	725.00
925.00	650.00
926.00	708.00
927.00	632.00
928.00	714.00
929.00	637.00
930.00	666.00
931.00	679.00
932.00	729.00
933.00	695.00
934.00	595.00
935.00	701.00
936.00	756.00
937.00	665.00
938.00	597.00
939.00	646.00
940.00	668.00
941.00	704.00
942.00	637.00
943.00	629.00
944.00	612.00
945.00	638.00
946.00	619.00
947.00	639.00
948.00	645.00
949.00	615.00
950.00	628.00
951.00	653.00
952.00	635.00
953.00	654.00
954.00	612.00
955.00	656.00
956.00	652.00
957.00	667.00
958.00	669.00
959.00	655.00
960.00	675.00
961.00	673.00
962.00	699.00
963.00	689.00
964.00	725.00
965.00	729.00
966.00	696.00
967.00	659.00
968.00	714.00
969.00	706.00
970.00	712.00
971.00	727.00
972.00	759.00
973.00	752.00
974.00	728.00
975.00	768.00
976.00	686.00
977.00	741.00
978.00	668.00
979.00	688.00
980.00	728.00
981.00	712.00
982.00	694.00
983.00	678.00
984.00	719.00
985.00	665.00
986.00	657.00
987.00	684.00
988.00	633.00
989.00	666.00
990.00	683.00
991.00	683.00
992.00	640.00
993.00	651.00
994.00	680.00
995.00	657.00
996.00	673.00
997.00	713.00
998.00	685.00
999.00	663.00
1000.00	673.00
1001.00	668.00
1002.00	670.00
1003.00	706.00
1004.00	629.00
1005.00	688.00
1006.00	703.00
1007.00	659.00
1008.00	686.00
1009.00	674.00
1010.00	668.00
1011.00	704.00
1012.00	717.00
1013.00	717.00
1014.00	673.00
1015.00	663.00
1016.00	721.00
1017.00	702.00
1018.00	749.00
1019.00	672.00
1020.00	729.00
1021.00	706.00
1022.00	719.00
1023.00	628.00
1024.00	684.00
1025.00	646.00
1026.00	640.00
1027.00	715.00
1028.00	677.00
1029.00	697.00
1030.00	693.00
1031.00	725.00
1032.00	656.00
1033.00	727.00
1034.00	689.00
1035.00	683.00
1036.00	745.00
1037.00	706.00
1038.00	729.00
1039.00	692.00
1040.00	725.00
1041.00	673.00
1042.00	737.00
1043.00	699.00
1044.00	733.00
1045.00	734.00
1046.00	746.00
1047.00	714.00
1048.00	722.00
1049.00	666.00
1050.00	650.00
1051.00	715.00
1052.00	730.00
1053.00	727.00
1054.00	727.00
1055.00	737.00
1056.00	720.00
1057.00	766.00
1058.00	687.00
1059.00	765.00
1060.00	713.00
1061.00	686.00
1062.00	682.00
1063.00	731.00
1064.00	709.00
1065.00	706.00
1066.00	730.00
1067.00	665.00
1068.00	724.00
1069.00	682.00
1070.00	682.00
1071.00	679.00
1072.00	728.00
1073.00	668.00
1074.00	701.00
1075.00	760.00
1076.00	690.00
1077.00	709.00
1078.00	732.00
1079.00	717.00
1080.00	707.00
1081.00	680.00
1082.00	678.00
1083.00	704.00
1084.00	716.00
1085.00	719.00
1086.00	716.00
1087.00	720.00
1088.00	670.00
1089.00	723.00
1090.00	729.00
1091.00	770.00
1092.00	723.00
1093.00	751.00
1094.00	705.00
1095.00	728.00
1096.00	716.00
1097.00	737.00
1098.00	692.00
1099.00	704.00
1100.00	700.00
1101.00	766.00
1102.00	717.00
1103.00	769.00
1104.00	742.00
1105.00	753.00
1106.00	731.00
1107.00	714.00
1108.00	706.00
1109.00	700.00
1110.00	730.00
1111.00	717.00
1112.00	732.00
1113.00	724.00
1114.00	708.00
1115.00	786.00
1116.00	734.00
1117.00	724.00
1118.00	717.00
1119.00	729.00
1120.00	713.00
1121.00	739.00
1122.00	745.00
1123.00	731.00
1124.00	709.00
1125.00	752.00
1126.00	750.00
1127.00	787.00
1128.00	697.00
1129.00	796.00
1130.00	756.00
1131.00	761.00
1132.00	777.00
1133.00	741.00
1134.00	800.00
1135.00	748.00
1136.00	719.00
1137.00	730.00
1138.00	723.00
1139.00	750.00
1140.00	741.00
1141.00	742.00
1142.00	697.00
1143.00	744.00
1144.00	731.00
1145.00	731.00
1146.00	729.00
1147.00	738.00
1148.00	731.00
1149.00	781.00
1150.00	712.00
1151.00	761.00
1152.00	674.00
1153.00	736.00
1154.00	725.00
1155.00	725.00
1156.00	764.00
1157.00	762.00
1158.00	740.00
1159.00	749.00
1160.00	744.00
1161.00	764.00
1162.00	739.00
1163.00	729.00
1164.00	706.00
1165.00	719.00
1166.00	718.00
1167.00	739.00
1168.00	748.00
1169.00	721.00
1170.00	756.00
1171.00	730.00
1172.00	747.00
1173.00	661.00
1174.00	707.00
1175.00	781.00
1176.00	723.00
1177.00	803.00
1178.00	727.00
1179.00	768.00
1180.00	746.00
1181.00	678.00
1182.00	718.00
1183.00	764.00
1184.00	727.00
1185.00	792.00
1186.00	732.00
1187.00	766.00
1188.00	706.00
1189.00	713.00
1190.00	759.00
1191.00	737.00
1192.00	731.00
1193.00	742.00
1194.00	704.00
1195.00	706.00
1196.00	751.00
1197.00	751.00
1198.00	767.00
1199.00	729.00
1200.00	738.00
1201.00	759.00
1202.00	707.00
1203.00	749.00
1204.00	788.00
1205.00	775.00
1206.00	762.00
1207.00	735.00
1208.00	773.00
1209.00	762.00
1210.00	761.00
1211.00	782.00
1212.00	703.00
1213.00	758.00
1214.00	817.00
1215.00	732.00
1216.00	734.00
1217.00	781.00
1218.00	768.00
1219.00	788.00
1220.00	760.00
1221.00	755.00
1222.00	789.00
1223.00	783.00
1224.00	725.00
1225.00	762.00
1226.00	802.00
1227.00	775.00
1228.00	808.00
1229.00	761.00
1230.00	758.00
1231.00	823.00
1232.00	771.00
1233.00	762.00
1234.00	809.00
1235.00	808.00
1236.00	788.00
1237.00	813.00
1238.00	780.00
1239.00	775.00
1240.00	756.00
1241.00	758.00
1242.00	769.00
1243.00	806.00
1244.00	742.00
1245.00	691.00
1246.00	750.00
1247.00	666.00
1248.00	744.00
1249.00	762.00
1250.00	737.00
1251.00	756.00
1252.00	703.00
1253.00	767.00
1254.00	700.00
1255.00	686.00
1256.00	723.00
1257.00	762.00
1258.00	746.00
1259.00	756.00
1260.00	774.00
1261.00	726.00
1262.00	748.00
1263.00	737.00
1264.00	741.00
1265.00	771.00
1266.00	724.00
1267.00	750.00
1268.00	674.00
1269.00	745.00
1270.00	743.00
1271.00	738.00
1272.00	722.00
1273.00	690.00
1274.00	793.00
1275.00	778.00
1276.00	748.00
1277.00	734.00
1278.00	739.00
1279.00	771.00
1280.00	822.00
1281.00	804.00
1282.00	832.00
1283.00	802.00
1284.00	813.00
1285.00	788.00
1286.00	842.00
1287.00	846.00
1288.00	868.00
1289.00	890.00
1290.00	854.00
1291.00	844.00
1292.00	876.00
1293.00	823.00
1294.00	844.00
1295.00	848.00
1296.00	780.00
1297.00	827.00
1298.00	809.00
1299.00	768.00
1300.00	826.00
1301.00	744.00
1302.00	772.00
1303.00	729.00
1304.00	759.00
1305.00	726.00
1306.00	751.00
1307.00	736.00
1308.00	779.00
1309.00	712.00
1310.00	706.00
1311.00	705.00
1312.00	719.00
1313.00	682.00
1314.00	714.00
1315.00	756.00
1316.00	741.00
1317.00	698.00
1318.00	692.00
1319.00	691.00
1320.00	705.00
1321.00	744.00
1322.00	693.00
1323.00	723.00
1324.00	690.00
1325.00	634.00
1326.00	752.00
1327.00	689.00
1328.00	700.00
1329.00	688.00
1330.00	722.00
1331.00	698.00
1332.00	703.00
1333.00	642.00
1334.00	698.00
1335.00	702.00
1336.00	692.00
1337.00	736.00
1338.00	724.00
1339.00	711.00
1340.00	726.00
1341.00	735.00
1342.00	735.00
1343.00	709.00
1344.00	741.00
1345.00	747.00
1346.00	766.00
1347.00	796.00
1348.00	797.00
1349.00	873.00
1350.00	847.00
1351.00	860.00
1352.00	940.00
1353.00	958.00
1354.00	993.00
1355.00	1028.00
1356.00	1075.00
1357.00	1141.00
1358.00	1184.00
1359.00	1235.00
1360.00	1160.00
1361.00	1278.00
1362.00	1301.00
1363.00	1289.00
1364.00	1269.00
1365.00	1319.00
1366.00	1247.00
1367.00	1305.00
1368.00	1212.00
1369.00	1184.00
1370.00	1096.00
1371.00	1048.00
1372.00	1093.00
1373.00	1046.00
1374.00	955.00
1375.00	924.00
1376.00	903.00
1377.00	851.00
1378.00	801.00
1379.00	747.00
1380.00	765.00
1381.00	753.00
1382.00	714.00
1383.00	721.00
1384.00	656.00
1385.00	718.00
1386.00	650.00
1387.00	667.00
1388.00	640.00
1389.00	629.00
1390.00	667.00
1391.00	611.00
1392.00	615.00
1393.00	652.00
1394.00	639.00
1395.00	633.00
1396.00	644.00
1397.00	676.00
1398.00	677.00
1399.00	583.00
1400.00	635.00
1401.00	662.00
1402.00	636.00
1403.00	639.00
1404.00	635.00
1405.00	605.00
1406.00	611.00
1407.00	622.00
1408.00	658.00
1409.00	590.00
1410.00	654.00
1411.00	653.00
1412.00	619.00
1413.00	594.00
1414.00	647.00
1415.00	609.00
1416.00	617.00
1417.00	611.00
1418.00	601.00
1419.00	618.00
1420.00	606.00
1421.00	578.00
1422.00	598.00
1423.00	629.00
1424.00	636.00
1425.00	625.00
1426.00	688.00
1427.00	687.00
1428.00	609.00
1429.00	639.00
1430.00	620.00
1431.00	662.00
1432.00	653.00
1433.00	632.00
1434.00	638.00
1435.00	661.00
1436.00	662.00
1437.00	642.00
1438.00	669.00
1439.00	671.00
1440.00	690.00
1441.00	644.00
1442.00	695.00
1443.00	708.00
1444.00	664.00
1445.00	655.00
1446.00	675.00
1447.00	665.00
1448.00	617.00
1449.00	662.00
1450.00	654.00
1451.00	611.00
1452.00	613.00
1453.00	606.00
1454.00	611.00
1455.00	639.00
1456.00	657.00
1457.00	599.00
1458.00	612.00
1459.00	590.00
1460.00	630.00
1461.00	579.00
1462.00	641.00
1463.00	621.00
1464.00	570.00
1465.00	605.00
1466.00	597.00
1467.00	574.00
1468.00	581.00
1469.00	623.00
1470.00	654.00
1471.00	574.00
1472.00	553.00
1473.00	614.00
1474.00	607.00
1475.00	638.00
1476.00	584.00
1477.00	587.00
1478.00	573.00
1479.00	616.00
1480.00	587.00
1481.00	553.00
1482.00	606.00
1483.00	550.00
1484.00	611.00
1485.00	618.00
1486.00	614.00
1487.00	627.00
1488.00	593.00
1489.00	595.00
1490.00	638.00
1491.00	589.00
1492.00	567.00
1493.00	614.00
1494.00	580.00
1495.00	660.00
1496.00	580.00
1497.00	614.00
1498.00	594.00
1499.00	609.00
1500.00	607.00
1501.00	605.00
1502.00	613.00
1503.00	625.00
1504.00	661.00
1505.00	656.00
1506.00	575.00
1507.00	634.00
1508.00	696.00
1509.00	633.00
1510.00	637.00
1511.00	617.00
1512.00	696.00
1513.00	695.00
1514.00	661.00
1515.00	686.00
1516.00	738.00
1517.00	723.00
1518.00	692.00
1519.00	737.00
1520.00	774.00
1521.00	684.00
1522.00	768.00
1523.00	751.00
1524.00	749.00
1525.00	722.00
1526.00	701.00
1527.00	749.00
1528.00	729.00
1529.00	743.00
1530.00	687.00
1531.00	739.00
1532.00	662.00
1533.00	695.00
1534.00	657.00
1535.00	713.00
1536.00	704.00
1537.00	711.00
1538.00	673.00
1539.00	709.00
1540.00	655.00
1541.00	660.00
1542.00	656.00
1543.00	704.00
1544.00	659.00
1545.00	646.00
1546.00	629.00
1547.00	661.00
1548.00	636.00
1549.00	631.00
1550.00	667.00
1551.00	664.00
1552.00	660.00
1553.00	711.00
1554.00	765.00
1555.00	705.00
1556.00	684.00
1557.00	698.00
1558.00	773.00
1559.00	708.00
1560.00	727.00
1561.00	758.00
1562.00	733.00
1563.00	745.00
1564.00	813.00
1565.00	817.00
1566.00	801.00
1567.00	784.00
1568.00	816.00
1569.00	884.00
1570.00	865.00
1571.00	855.00
1572.00	846.00
1573.00	923.00
1574.00	959.00
1575.00	931.00
1576.00	904.00
1577.00	869.00
1578.00	979.00
1579.00	977.00
1580.00	922.00
1581.00	1027.00
1582.00	986.00
1583.00	981.00
1584.00	979.00
1585.00	965.00
1586.00	1021.00
1587.00	1025.00
1588.00	1013.00
1589.00	1055.00
1590.00	981.00
1591.00	1032.00
1592.00	1025.00
1593.00	971.00
1594.00	1020.00
1595.00	992.00
1596.00	946.00
1597.00	992.00
1598.00	936.00
1599.00	877.00
1600.00	940.00
1601.00	946.00
1602.00	944.00
1603.00	958.00
1604.00	890.00
1605.00	875.00
1606.00	905.00
1607.00	916.00
1608.00	812.00
1609.00	796.00
1610.00	806.00
1611.00	856.00
1612.00	810.00
1613.00	778.00
1614.00	766.00
1615.00	726.00
1616.00	745.00
1617.00	723.00
1618.00	709.00
1619.00	738.00
1620.00	696.00
1621.00	680.00
1622.00	647.00
1623.00	643.00
1624.00	624.00
1625.00	657.00
1626.00	613.00
1627.00	639.00
1628.00	630.00
1629.00	573.00
1630.00	601.00
1631.00	566.00
1632.00	532.00
1633.00	579.00
1634.00	559.00
1635.00	583.00
1636.00	488.00
1637.00	569.00
1638.00	515.00
1639.00	534.00
1640.00	525.00
1641.00	554.00
1642.00	491.00
1643.00	477.00
1644.00	545.00
1645.00	468.00
1646.00	516.00
1647.00	526.00
1648.00	478.00
1649.00	471.00
1650.00	503.00
1651.00	463.00
1652.00	465.00
1653.00	483.00
1654.00	477.00
1655.00	471.00
1656.00	446.00
1657.00	474.00
1658.00	513.00
1659.00	500.00
1660.00	508.00
1661.00	514.00
1662.00	517.00
1663.00	532.00
1664.00	544.00
1665.00	631.00
1666.00	680.00
1667.00	630.00
1668.00	671.00
1669.00	707.00
1670.00	712.00
1671.00	737.00
1672.00	806.00
1673.00	782.00
1674.00	798.00
1675.00	850.00
1676.00	899.00
1677.00	890.00
1678.00	905.00
1679.00	952.00
1680.00	962.00
1681.00	1018.00
1682.00	967.00
1683.00	961.00
1684.00	970.00
1685.00	907.00
1686.00	832.00
1687.00	898.00
1688.00	903.00
1689.00	832.00
1690.00	792.00
1691.00	786.00
1692.00	700.00
1693.00	697.00
1694.00	705.00
1695.00	659.00
1696.00	574.00
1697.00	576.00
1698.00	550.00
1699.00	481.00
1700.00	488.00
1701.00	497.00
1702.00	456.00
1703.00	406.00
1704.00	431.00
1705.00	400.00
1706.00	409.00
1707.00	417.00
1708.00	426.00
1709.00	383.00
1710.00	377.00
1711.00	378.00
1712.00	362.00
1713.00	369.00
1714.00	397.00
1715.00	362.00
1716.00	377.00
1717.00	376.00
1718.00	371.00
1719.00	353.00
1720.00	358.00
1721.00	362.00
1722.00	363.00
1723.00	360.00
1724.00	366.00
1725.00	364.00
1726.00	377.00
1727.00	350.00
1728.00	399.00
1729.00	390.00
1730.00	357.00
1731.00	373.00
1732.00	335.00
1733.00	401.00
1734.00	386.00
1735.00	371.00
1736.00	378.00
1737.00	382.00
1738.00	369.00
1739.00	385.00
1740.00	300.00
1741.00	372.00
1742.00	358.00
1743.00	359.00
1744.00	368.00
1745.00	400.00
1746.00	372.00
1747.00	377.00
1748.00	378.00
1749.00	366.00
1750.00	411.00
1751.00	375.00
1752.00	394.00
1753.00	361.00
1754.00	394.00
1755.00	368.00
1756.00	358.00
1757.00	382.00
1758.00	376.00
1759.00	376.00
1760.00	353.00
1761.00	387.00
1762.00	366.00
1763.00	361.00
1764.00	401.00
1765.00	345.00
1766.00	387.00
1767.00	384.00
1768.00	369.00
1769.00	373.00
1770.00	400.00
1771.00	360.00
1772.00	381.00
1773.00	388.00
1774.00	371.00
1775.00	400.00
1776.00	382.00
1777.00	375.00
1778.00	371.00
1779.00	338.00
1780.00	364.00
1781.00	416.00
1782.00	379.00
1783.00	368.00
1784.00	396.00
1785.00	349.00
1786.00	334.00
1787.00	359.00
1788.00	356.00
1789.00	345.00
1790.00	374.00
1791.00	350.00
1792.00	339.00
1793.00	343.00
1794.00	361.00
1795.00	314.00
1796.00	308.00
1797.00	322.00
1798.00	340.00
1799.00	315.00
1800.00	302.00
1801.00	291.00
1802.00	332.00
1803.00	290.00
1804.00	324.00
1805.00	288.00
1806.00	297.00
1807.00	295.00
1808.00	291.00
1809.00	249.00
1810.00	288.00
1811.00	290.00
1812.00	284.00
1813.00	262.00
1814.00	259.00
1815.00	259.00
1816.00	277.00
1817.00	240.00
1818.00	276.00
1819.00	274.00
1820.00	285.00
1821.00	259.00
1822.00	246.00
1823.00	236.00
1824.00	248.00
1825.00	247.00
1826.00	226.00
1827.00	231.00
1828.00	243.00
1829.00	252.00
1830.00	211.00
1831.00	258.00
1832.00	268.00
1833.00	217.00
1834.00	243.00
1835.00	221.00
1836.00	216.00
1837.00	197.00
1838.00	246.00
1839.00	220.00
1840.00	203.00
1841.00	190.00
1842.00	201.00
1843.00	208.00
1844.00	193.00
1845.00	205.00
1846.00	210.00
1847.00	188.00
1848.00	202.00
1849.00	201.00
1850.00	210.00
1851.00	222.00
1852.00	202.00
1853.00	194.00
1854.00	214.00
1855.00	188.00
1856.00	211.00
1857.00	206.00
1858.00	217.00
1859.00	199.00
1860.00	172.00
1861.00	199.00
1862.00	185.00
1863.00	219.00
1864.00	191.00
1865.00	193.00
1866.00	177.00
1867.00	183.00
1868.00	175.00
1869.00	203.00
1870.00	211.00
1871.00	189.00
1872.00	205.00
1873.00	189.00
1874.00	199.00
1875.00	201.00
1876.00	185.00
1877.00	213.00
1878.00	220.00
1879.00	217.00
1880.00	194.00
1881.00	237.00
1882.00	241.00
1883.00	255.00
1884.00	211.00
1885.00	228.00
1886.00	207.00
1887.00	248.00
1888.00	238.00
1889.00	237.00
1890.00	217.00
1891.00	240.00
1892.00	242.00
1893.00	248.00
1894.00	243.00
1895.00	249.00
1896.00	221.00
1897.00	219.00
1898.00	237.00
1899.00	197.00
1900.00	196.00
1901.00	169.00
1902.00	207.00
1903.00	186.00
1904.00	157.00
1905.00	180.00
1906.00	167.00
1907.00	187.00
1908.00	178.00
1909.00	188.00
1910.00	165.00
1911.00	151.00
1912.00	174.00
1913.00	138.00
1914.00	144.00
1915.00	148.00
1916.00	157.00
1917.00	156.00
1918.00	155.00
1919.00	166.00
1920.00	157.00
1921.00	156.00
1922.00	159.00
1923.00	135.00
1924.00	162.00
1925.00	175.00
1926.00	148.00
1927.00	157.00
1928.00	163.00
1929.00	160.00
1930.00	148.00
1931.00	147.00
1932.00	140.00
1933.00	128.00
1934.00	142.00
1935.00	109.00
1936.00	118.00
1937.00	142.00
1938.00	126.00
1939.00	136.00
1940.00	129.00
1941.00	132.00
1942.00	138.00
1943.00	120.00
1944.00	106.00
1945.00	141.00
1946.00	139.00
1947.00	114.00
1948.00	135.00
1949.00	120.00
1950.00	143.00
1951.00	126.00
1952.00	120.00
1953.00	123.00
1954.00	113.00
1955.00	127.00
1956.00	116.00
1957.00	134.00
1958.00	113.00
1959.00	136.00
1960.00	119.00
1961.00	114.00
1962.00	117.00
1963.00	129.00
1964.00	138.00
1965.00	114.00
1966.00	114.00
1967.00	119.00
1968.00	112.00
1969.00	122.00
1970.00	116.00
1971.00	141.00
1972.00	95.00
1973.00	134.00
1974.00	97.00
1975.00	115.00
1976.00	120.00
1977.00	114.00
1978.00	99.00
1979.00	109.00
1980.00	102.00
1981.00	116.00
1982.00	107.00
1983.00	126.00
1984.00	106.00
1985.00	102.00
1986.00	103.00
1987.00	107.00
1988.00	101.00
1989.00	120.00
1990.00	87.00
1991.00	86.00
1992.00	90.00
1993.00	109.00
1994.00	86.00
1995.00	92.00
1996.00	91.00
1997.00	100.00
1998.00	95.00
1999.00	88.00
2000.00	83.00
2001.00	78.00
2002.00	84.00
2003.00	88.00
2004.00	104.00
2005.00	98.00
2006.00	77.00
2007.00	88.00
2008.00	94.00
2009.00	69.00
2010.00	90.00
2011.00	99.00
2012.00	76.00
2013.00	73.00
2014.00	98.00
2015.00	88.00
2016.00	87.00
2017.00	85.00
2018.00	72.00
2019.00	101.00
2020.00	62.00
2021.00	84.00
2022.00	88.00
2023.00	80.00
2024.00	70.00
2025.00	77.00
2026.00	90.00
2027.00	90.00
2028.00	81.00
2029.00	85.00
2030.00	88.00
2031.00	87.00
2032.00	77.00
2033.00	76.00
2034.00	88.00
2035.00	70.00
2036.00	83.00
2037.00	85.00
2038.00	73.00
2039.00	78.00
2040.00	85.00
2041.00	64.00
2042.00	76.00
2043.00	78.00
2044.00	74.00
2045.00	60.00
2046.00	75.00
2047.00	76.00
2048.00	 0.00
