Date:	2023-09-18		
Time:	21:09		
Sample name:	Pellets		
Position:	1115.600011	mm	
Sample surface:	5.927000	cm	
Tube anode:	Mo		
Tube voltage:	30	kV	
Tube current:	50	mA	
Comments	not in position		
Gain	5.810000		
peaking_time	0.300000	m-sec	
trigger_threshold	30.000000	V	
mca_bin_width	2.000000	no:	
number_mca_channels	2048.000000	no:	
gap_time	0.100000	m-sec	
trigger_peaking_time	0.050000	m-sec	
livetime	17.158687	seconds	
runtime	20.000149	seconds	
input_count_rate	124843.996343	cps	
output_count_rate	107107.152052	cps	
triggers	2404441.000000	seconds	
events_in_run	2132358.000000	seconds	
channel	content		
 1.00	 0.00
 2.00	 0.00
 3.00	 0.00
 4.00	 0.00
 5.00	 0.00
 6.00	 0.00
 7.00	 0.00
 8.00	 0.00
 9.00	 0.00
10.00	 0.00
11.00	 0.00
12.00	 0.00
13.00	 0.00
14.00	 0.00
15.00	 0.00
16.00	 0.00
17.00	 0.00
18.00	 0.00
19.00	 0.00
20.00	 0.00
21.00	 0.00
22.00	 0.00
23.00	 0.00
24.00	 0.00
25.00	 0.00
26.00	 0.00
27.00	 0.00
28.00	 0.00
29.00	 0.00
30.00	 0.00
31.00	 0.00
32.00	 2.00
33.00	 3.00
34.00	 3.00
35.00	 7.00
36.00	12.00
37.00	 9.00
38.00	15.00
39.00	30.00
40.00	30.00
41.00	40.00
42.00	60.00
43.00	75.00
44.00	98.00
45.00	106.00
46.00	147.00
47.00	150.00
48.00	199.00
49.00	195.00
50.00	229.00
51.00	230.00
52.00	261.00
53.00	246.00
54.00	275.00
55.00	269.00
56.00	303.00
57.00	324.00
58.00	310.00
59.00	310.00
60.00	326.00
61.00	322.00
62.00	368.00
63.00	361.00
64.00	372.00
65.00	369.00
66.00	374.00
67.00	343.00
68.00	343.00
69.00	388.00
70.00	391.00
71.00	342.00
72.00	349.00
73.00	335.00
74.00	372.00
75.00	353.00
76.00	338.00
77.00	389.00
78.00	355.00
79.00	385.00
80.00	337.00
81.00	358.00
82.00	369.00
83.00	369.00
84.00	362.00
85.00	337.00
86.00	318.00
87.00	321.00
88.00	331.00
89.00	305.00
90.00	314.00
91.00	313.00
92.00	321.00
93.00	292.00
94.00	331.00
95.00	300.00
96.00	289.00
97.00	312.00
98.00	291.00
99.00	298.00
100.00	312.00
101.00	277.00
102.00	290.00
103.00	270.00
104.00	272.00
105.00	298.00
106.00	275.00
107.00	263.00
108.00	271.00
109.00	256.00
110.00	270.00
111.00	275.00
112.00	245.00
113.00	258.00
114.00	268.00
115.00	264.00
116.00	261.00
117.00	290.00
118.00	259.00
119.00	266.00
120.00	252.00
121.00	267.00
122.00	259.00
123.00	231.00
124.00	246.00
125.00	229.00
126.00	245.00
127.00	226.00
128.00	201.00
129.00	188.00
130.00	226.00
131.00	187.00
132.00	220.00
133.00	239.00
134.00	204.00
135.00	249.00
136.00	239.00
137.00	299.00
138.00	391.00
139.00	469.00
140.00	674.00
141.00	811.00
142.00	970.00
143.00	1176.00
144.00	1223.00
145.00	1261.00
146.00	1178.00
147.00	1108.00
148.00	973.00
149.00	856.00
150.00	733.00
151.00	657.00
152.00	611.00
153.00	558.00
154.00	516.00
155.00	447.00
156.00	419.00
157.00	388.00
158.00	467.00
159.00	582.00
160.00	873.00
161.00	1398.00
162.00	2367.00
163.00	3873.00
164.00	5771.00
165.00	7901.00
166.00	10481.00
167.00	12605.00
168.00	14357.00
169.00	14834.00
170.00	14472.00
171.00	12717.00
172.00	10752.00
173.00	8278.00
174.00	6219.00
175.00	4302.00
176.00	3207.00
177.00	2143.00
178.00	1554.00
179.00	1214.00
180.00	979.00
181.00	853.00
182.00	723.00
183.00	631.00
184.00	570.00
185.00	583.00
186.00	614.00
187.00	666.00
188.00	600.00
189.00	645.00
190.00	654.00
191.00	558.00
192.00	575.00
193.00	503.00
194.00	454.00
195.00	372.00
196.00	317.00
197.00	299.00
198.00	258.00
199.00	254.00
200.00	218.00
201.00	207.00
202.00	180.00
203.00	209.00
204.00	206.00
205.00	174.00
206.00	169.00
207.00	184.00
208.00	195.00
209.00	194.00
210.00	217.00
211.00	185.00
212.00	155.00
213.00	203.00
214.00	189.00
215.00	197.00
216.00	193.00
217.00	186.00
218.00	246.00
219.00	255.00
220.00	249.00
221.00	295.00
222.00	307.00
223.00	274.00
224.00	271.00
225.00	269.00
226.00	247.00
227.00	221.00
228.00	212.00
229.00	207.00
230.00	180.00
231.00	194.00
232.00	174.00
233.00	174.00
234.00	164.00
235.00	183.00
236.00	186.00
237.00	176.00
238.00	202.00
239.00	192.00
240.00	181.00
241.00	186.00
242.00	189.00
243.00	166.00
244.00	172.00
245.00	170.00
246.00	180.00
247.00	178.00
248.00	150.00
249.00	163.00
250.00	174.00
251.00	165.00
252.00	203.00
253.00	183.00
254.00	196.00
255.00	196.00
256.00	186.00
257.00	188.00
258.00	180.00
259.00	205.00
260.00	183.00
261.00	203.00
262.00	237.00
263.00	239.00
264.00	269.00
265.00	283.00
266.00	257.00
267.00	293.00
268.00	276.00
269.00	269.00
270.00	291.00
271.00	277.00
272.00	270.00
273.00	259.00
274.00	241.00
275.00	243.00
276.00	303.00
277.00	362.00
278.00	440.00
279.00	557.00
280.00	709.00
281.00	945.00
282.00	1126.00
283.00	1407.00
284.00	1810.00
285.00	1978.00
286.00	2096.00
287.00	2143.00
288.00	2014.00
289.00	1892.00
290.00	1624.00
291.00	1362.00
292.00	1072.00
293.00	803.00
294.00	648.00
295.00	492.00
296.00	342.00
297.00	339.00
298.00	244.00
299.00	245.00
300.00	249.00
301.00	276.00
302.00	286.00
303.00	336.00
304.00	363.00
305.00	417.00
306.00	493.00
307.00	621.00
308.00	792.00
309.00	981.00
310.00	1355.00
311.00	2032.00
312.00	2769.00
313.00	4169.00
314.00	5863.00
315.00	8099.00
316.00	10707.00
317.00	13749.00
318.00	16369.00
319.00	18442.00
320.00	20177.00
321.00	20813.00
322.00	20471.00
323.00	18885.00
324.00	16800.00
325.00	13990.00
326.00	11412.00
327.00	8654.00
328.00	6397.00
329.00	4488.00
330.00	2993.00
331.00	1969.00
332.00	1232.00
333.00	874.00
334.00	666.00
335.00	522.00
336.00	512.00
337.00	557.00
338.00	673.00
339.00	848.00
340.00	1068.00
341.00	1376.00
342.00	1904.00
343.00	2330.00
344.00	2923.00
345.00	3721.00
346.00	4765.00
347.00	6232.00
348.00	7882.00
349.00	10184.00
350.00	13086.00
351.00	16863.00
352.00	21188.00
353.00	26169.00
354.00	30480.00
355.00	34806.00
356.00	38370.00
357.00	39804.00
358.00	39431.00
359.00	37480.00
360.00	34003.00
361.00	29666.00
362.00	24201.00
363.00	18861.00
364.00	14498.00
365.00	10438.00
366.00	7270.00
367.00	4740.00
368.00	3122.00
369.00	2003.00
370.00	1284.00
371.00	884.00
372.00	645.00
373.00	573.00
374.00	486.00
375.00	545.00
376.00	609.00
377.00	735.00
378.00	993.00
379.00	1207.00
380.00	1640.00
381.00	1997.00
382.00	2606.00
383.00	3435.00
384.00	4054.00
385.00	4769.00
386.00	5293.00
387.00	5769.00
388.00	6235.00
389.00	6103.00
390.00	5774.00
391.00	5448.00
392.00	4838.00
393.00	4194.00
394.00	3451.00
395.00	2670.00
396.00	2118.00
397.00	1557.00
398.00	1174.00
399.00	930.00
400.00	695.00
401.00	557.00
402.00	471.00
403.00	414.00
404.00	378.00
405.00	367.00
406.00	319.00
407.00	318.00
408.00	328.00
409.00	280.00
410.00	313.00
411.00	328.00
412.00	374.00
413.00	341.00
414.00	364.00
415.00	354.00
416.00	403.00
417.00	420.00
418.00	488.00
419.00	501.00
420.00	535.00
421.00	601.00
422.00	844.00
423.00	1043.00
424.00	1426.00
425.00	1811.00
426.00	2574.00
427.00	3497.00
428.00	4713.00
429.00	6175.00
430.00	7871.00
431.00	9796.00
432.00	11557.00
433.00	13236.00
434.00	14847.00
435.00	15555.00
436.00	16160.00
437.00	15759.00
438.00	15059.00
439.00	13954.00
440.00	12231.00
441.00	10592.00
442.00	8962.00
443.00	7234.00
444.00	6025.00
445.00	4852.00
446.00	4099.00
447.00	3612.00
448.00	3267.00
449.00	3059.00
450.00	2841.00
451.00	2641.00
452.00	2496.00
453.00	2313.00
454.00	2091.00
455.00	1864.00
456.00	1620.00
457.00	1491.00
458.00	1344.00
459.00	1289.00
460.00	1189.00
461.00	1240.00
462.00	1330.00
463.00	1485.00
464.00	1585.00
465.00	1803.00
466.00	2029.00
467.00	2131.00
468.00	2331.00
469.00	2571.00
470.00	2923.00
471.00	3146.00
472.00	3520.00
473.00	3904.00
474.00	3970.00
475.00	4291.00
476.00	4391.00
477.00	4477.00
478.00	4382.00
479.00	4347.00
480.00	4105.00
481.00	3675.00
482.00	3280.00
483.00	2953.00
484.00	2441.00
485.00	2093.00
486.00	1720.00
487.00	1464.00
488.00	1303.00
489.00	1090.00
490.00	1092.00
491.00	897.00
492.00	949.00
493.00	946.00
494.00	957.00
495.00	1020.00
496.00	1026.00
497.00	1004.00
498.00	1064.00
499.00	1153.00
500.00	1156.00
501.00	1264.00
502.00	1255.00
503.00	1293.00
504.00	1319.00
505.00	1327.00
506.00	1373.00
507.00	1453.00
508.00	1485.00
509.00	1512.00
510.00	1531.00
511.00	1593.00
512.00	1645.00
513.00	1762.00
514.00	1801.00
515.00	1839.00
516.00	1963.00
517.00	2105.00
518.00	2351.00
519.00	2351.00
520.00	2495.00
521.00	2728.00
522.00	2724.00
523.00	2841.00
524.00	2732.00
525.00	2753.00
526.00	2663.00
527.00	2564.00
528.00	2353.00
529.00	2278.00
530.00	2216.00
531.00	1977.00
532.00	2035.00
533.00	1818.00
534.00	1859.00
535.00	1775.00
536.00	1711.00
537.00	1794.00
538.00	1732.00
539.00	1700.00
540.00	1848.00
541.00	1811.00
542.00	1887.00
543.00	1812.00
544.00	1828.00
545.00	1860.00
546.00	1813.00
547.00	1804.00
548.00	1913.00
549.00	1925.00
550.00	1951.00
551.00	1957.00
552.00	2096.00
553.00	2114.00
554.00	2217.00
555.00	2587.00
556.00	2830.00
557.00	3439.00
558.00	4133.00
559.00	5317.00
560.00	6575.00
561.00	8433.00
562.00	10648.00
563.00	12863.00
564.00	15190.00
565.00	17641.00
566.00	20315.00
567.00	22399.00
568.00	24011.00
569.00	24757.00
570.00	25159.00
571.00	24874.00
572.00	23363.00
573.00	21866.00
574.00	19480.00
575.00	16833.00
576.00	14316.00
577.00	11872.00
578.00	9530.00
579.00	7670.00
580.00	6106.00
581.00	4842.00
582.00	3883.00
583.00	3362.00
584.00	2878.00
585.00	2551.00
586.00	2418.00
587.00	2353.00
588.00	2264.00
589.00	2511.00
590.00	2476.00
591.00	2638.00
592.00	2735.00
593.00	2946.00
594.00	3089.00
595.00	3391.00
596.00	3596.00
597.00	4135.00
598.00	4771.00
599.00	5851.00
600.00	7487.00
601.00	10143.00
602.00	13933.00
603.00	19351.00
604.00	27552.00
605.00	39703.00
606.00	55870.00
607.00	77660.00
608.00	105734.00
609.00	140190.00
610.00	182185.00
611.00	230135.00
612.00	282426.00
613.00	337342.00
614.00	390319.00
615.00	438664.00
616.00	479115.00
617.00	508002.00
618.00	520267.00
619.00	519935.00
620.00	502113.00
621.00	473268.00
622.00	430140.00
623.00	379742.00
624.00	325816.00
625.00	271385.00
626.00	219228.00
627.00	173027.00
628.00	132579.00
629.00	99052.00
630.00	71984.00
631.00	51262.00
632.00	36659.00
633.00	25466.00
634.00	17995.00
635.00	12588.00
636.00	9229.00
637.00	6960.00
638.00	5643.00
639.00	4702.00
640.00	4240.00
641.00	3853.00
642.00	3642.00
643.00	3594.00
644.00	3498.00
645.00	3427.00
646.00	3450.00
647.00	3511.00
648.00	3608.00
649.00	3572.00
650.00	3592.00
651.00	3711.00
652.00	3848.00
653.00	3937.00
654.00	4050.00
655.00	4095.00
656.00	4126.00
657.00	4274.00
658.00	4471.00
659.00	4676.00
660.00	4978.00
661.00	5279.00
662.00	5591.00
663.00	6120.00
664.00	6750.00
665.00	7715.00
666.00	8889.00
667.00	10780.00
668.00	12712.00
669.00	15347.00
670.00	19334.00
671.00	23357.00
672.00	29017.00
673.00	34806.00
674.00	42301.00
675.00	49604.00
676.00	57605.00
677.00	65088.00
678.00	71879.00
679.00	77676.00
680.00	82238.00
681.00	83537.00
682.00	83687.00
683.00	81462.00
684.00	77441.00
685.00	70960.00
686.00	64163.00
687.00	56499.00
688.00	47942.00
689.00	40516.00
690.00	32811.00
691.00	26405.00
692.00	20879.00
693.00	16296.00
694.00	12375.00
695.00	9628.00
696.00	7518.00
697.00	5797.00
698.00	4984.00
699.00	4141.00
700.00	3761.00
701.00	3472.00
702.00	3248.00
703.00	3128.00
704.00	3188.00
705.00	3123.00
706.00	3167.00
707.00	3197.00
708.00	3384.00
709.00	3483.00
710.00	3673.00
711.00	3737.00
712.00	3987.00
713.00	4211.00
714.00	4528.00
715.00	4716.00
716.00	4841.00
717.00	4977.00
718.00	5252.00
719.00	5530.00
720.00	5497.00
721.00	5575.00
722.00	5555.00
723.00	5450.00
724.00	5438.00
725.00	5201.00
726.00	4983.00
727.00	4840.00
728.00	4582.00
729.00	4311.00
730.00	4081.00
731.00	3926.00
732.00	3664.00
733.00	3562.00
734.00	3605.00
735.00	3646.00
736.00	3374.00
737.00	3286.00
738.00	3257.00
739.00	3251.00
740.00	3256.00
741.00	3189.00
742.00	3260.00
743.00	3078.00
744.00	3205.00
745.00	3093.00
746.00	3117.00
747.00	3192.00
748.00	3275.00
749.00	3108.00
750.00	3120.00
751.00	3145.00
752.00	3211.00
753.00	3110.00
754.00	3149.00
755.00	3218.00
756.00	3200.00
757.00	3269.00
758.00	3241.00
759.00	3378.00
760.00	3436.00
761.00	3564.00
762.00	3475.00
763.00	3526.00
764.00	3709.00
765.00	3865.00
766.00	3942.00
767.00	4024.00
768.00	4101.00
769.00	4375.00
770.00	4531.00
771.00	4608.00
772.00	4781.00
773.00	4943.00
774.00	5121.00
775.00	5174.00
776.00	5317.00
777.00	5297.00
778.00	5489.00
779.00	5487.00
780.00	5268.00
781.00	5587.00
782.00	5446.00
783.00	5307.00
784.00	5292.00
785.00	5183.00
786.00	5359.00
787.00	5094.00
788.00	5112.00
789.00	5176.00
790.00	5113.00
791.00	5124.00
792.00	5128.00
793.00	5326.00
794.00	5285.00
795.00	5423.00
796.00	5450.00
797.00	5401.00
798.00	5525.00
799.00	5417.00
800.00	5578.00
801.00	5547.00
802.00	5449.00
803.00	5469.00
804.00	5535.00
805.00	5534.00
806.00	5414.00
807.00	5536.00
808.00	5485.00
809.00	5564.00
810.00	5581.00
811.00	5541.00
812.00	5512.00
813.00	5529.00
814.00	5541.00
815.00	5370.00
816.00	5476.00
817.00	5489.00
818.00	5508.00
819.00	5674.00
820.00	5902.00
821.00	6185.00
822.00	6428.00
823.00	6756.00
824.00	7061.00
825.00	7645.00
826.00	8157.00
827.00	8526.00
828.00	9121.00
829.00	9628.00
830.00	9895.00
831.00	10387.00
832.00	10728.00
833.00	10593.00
834.00	10843.00
835.00	10614.00
836.00	10144.00
837.00	9852.00
838.00	9661.00
839.00	8831.00
840.00	8469.00
841.00	7938.00
842.00	7379.00
843.00	7062.00
844.00	6694.00
845.00	6319.00
846.00	6133.00
847.00	5823.00
848.00	5725.00
849.00	5754.00
850.00	5458.00
851.00	5501.00
852.00	5552.00
853.00	5418.00
854.00	5473.00
855.00	5345.00
856.00	5422.00
857.00	5409.00
858.00	5450.00
859.00	5546.00
860.00	5596.00
861.00	5447.00
862.00	5563.00
863.00	5612.00
864.00	5529.00
865.00	5556.00
866.00	5478.00
867.00	5553.00
868.00	5651.00
869.00	5574.00
870.00	5536.00
871.00	5604.00
872.00	5562.00
873.00	5724.00
874.00	5829.00
875.00	5727.00
876.00	5664.00
877.00	5946.00
878.00	5990.00
879.00	5722.00
880.00	5890.00
881.00	6163.00
882.00	6248.00
883.00	6102.00
884.00	6240.00
885.00	6148.00
886.00	6307.00
887.00	6405.00
888.00	6390.00
889.00	6465.00
890.00	6644.00
891.00	6723.00
892.00	6653.00
893.00	6563.00
894.00	6637.00
895.00	6650.00
896.00	6821.00
897.00	6767.00
898.00	6698.00
899.00	6757.00
900.00	6644.00
901.00	6592.00
902.00	6632.00
903.00	6636.00
904.00	6619.00
905.00	6677.00
906.00	6562.00
907.00	6691.00
908.00	6672.00
909.00	6626.00
910.00	6836.00
911.00	6781.00
912.00	6695.00
913.00	6893.00
914.00	6945.00
915.00	7078.00
916.00	7187.00
917.00	7188.00
918.00	7370.00
919.00	7646.00
920.00	7524.00
921.00	7672.00
922.00	7739.00
923.00	7738.00
924.00	7581.00
925.00	7767.00
926.00	7733.00
927.00	7734.00
928.00	7909.00
929.00	7639.00
930.00	7459.00
931.00	7538.00
932.00	7580.00
933.00	7231.00
934.00	7280.00
935.00	7152.00
936.00	7278.00
937.00	7039.00
938.00	7056.00
939.00	6897.00
940.00	6862.00
941.00	6896.00
942.00	6909.00
943.00	6821.00
944.00	6782.00
945.00	6810.00
946.00	6627.00
947.00	6676.00
948.00	6746.00
949.00	6678.00
950.00	6730.00
951.00	6782.00
952.00	6537.00
953.00	6641.00
954.00	6677.00
955.00	6701.00
956.00	6767.00
957.00	6601.00
958.00	6822.00
959.00	6681.00
960.00	6733.00
961.00	6726.00
962.00	6636.00
963.00	6749.00
964.00	6882.00
965.00	6974.00
966.00	6886.00
967.00	6974.00
968.00	6776.00
969.00	6988.00
970.00	6849.00
971.00	6931.00
972.00	6926.00
973.00	6982.00
974.00	6868.00
975.00	6923.00
976.00	7087.00
977.00	7036.00
978.00	7028.00
979.00	6979.00
980.00	6956.00
981.00	6907.00
982.00	6946.00
983.00	6992.00
984.00	7046.00
985.00	7117.00
986.00	7017.00
987.00	6988.00
988.00	7008.00
989.00	7043.00
990.00	7015.00
991.00	7066.00
992.00	7063.00
993.00	7135.00
994.00	6989.00
995.00	7118.00
996.00	7093.00
997.00	6981.00
998.00	7050.00
999.00	7035.00
1000.00	6934.00
1001.00	7069.00
1002.00	7190.00
1003.00	7106.00
1004.00	7251.00
1005.00	7179.00
1006.00	7306.00
1007.00	7298.00
1008.00	7340.00
1009.00	7495.00
1010.00	7586.00
1011.00	7493.00
1012.00	7580.00
1013.00	7623.00
1014.00	7624.00
1015.00	7698.00
1016.00	7664.00
1017.00	7750.00
1018.00	7704.00
1019.00	7562.00
1020.00	7649.00
1021.00	7521.00
1022.00	7426.00
1023.00	7402.00
1024.00	7331.00
1025.00	7219.00
1026.00	7240.00
1027.00	7150.00
1028.00	7129.00
1029.00	7051.00
1030.00	7276.00
1031.00	6943.00
1032.00	7004.00
1033.00	7029.00
1034.00	7004.00
1035.00	6960.00
1036.00	7008.00
1037.00	6960.00
1038.00	6989.00
1039.00	7131.00
1040.00	6996.00
1041.00	6976.00
1042.00	7274.00
1043.00	7222.00
1044.00	7314.00
1045.00	7147.00
1046.00	7203.00
1047.00	7107.00
1048.00	7145.00
1049.00	7256.00
1050.00	7229.00
1051.00	7391.00
1052.00	7269.00
1053.00	7171.00
1054.00	7204.00
1055.00	7191.00
1056.00	7182.00
1057.00	7221.00
1058.00	7409.00
1059.00	7209.00
1060.00	7242.00
1061.00	7233.00
1062.00	7465.00
1063.00	7381.00
1064.00	7526.00
1065.00	7206.00
1066.00	7290.00
1067.00	7269.00
1068.00	7483.00
1069.00	7456.00
1070.00	7218.00
1071.00	7321.00
1072.00	7442.00
1073.00	7462.00
1074.00	7388.00
1075.00	7322.00
1076.00	7354.00
1077.00	7413.00
1078.00	7583.00
1079.00	7629.00
1080.00	7404.00
1081.00	7437.00
1082.00	7659.00
1083.00	7397.00
1084.00	7413.00
1085.00	7592.00
1086.00	7586.00
1087.00	7629.00
1088.00	7489.00
1089.00	7552.00
1090.00	7461.00
1091.00	7638.00
1092.00	7531.00
1093.00	7635.00
1094.00	7593.00
1095.00	7682.00
1096.00	7613.00
1097.00	7606.00
1098.00	7560.00
1099.00	7550.00
1100.00	7645.00
1101.00	7659.00
1102.00	7566.00
1103.00	7524.00
1104.00	7568.00
1105.00	7712.00
1106.00	7743.00
1107.00	7687.00
1108.00	7561.00
1109.00	7611.00
1110.00	7624.00
1111.00	7585.00
1112.00	7665.00
1113.00	7695.00
1114.00	7702.00
1115.00	7611.00
1116.00	7666.00
1117.00	7903.00
1118.00	7643.00
1119.00	7535.00
1120.00	7741.00
1121.00	7731.00
1122.00	7629.00
1123.00	7727.00
1124.00	7697.00
1125.00	7585.00
1126.00	7750.00
1127.00	7678.00
1128.00	7541.00
1129.00	7782.00
1130.00	7736.00
1131.00	7640.00
1132.00	7770.00
1133.00	7691.00
1134.00	7747.00
1135.00	7698.00
1136.00	7628.00
1137.00	7679.00
1138.00	7634.00
1139.00	7788.00
1140.00	7756.00
1141.00	7736.00
1142.00	7772.00
1143.00	7814.00
1144.00	7943.00
1145.00	7765.00
1146.00	7977.00
1147.00	7892.00
1148.00	7876.00
1149.00	7866.00
1150.00	7780.00
1151.00	7994.00
1152.00	7799.00
1153.00	7984.00
1154.00	7747.00
1155.00	7745.00
1156.00	7574.00
1157.00	7604.00
1158.00	7440.00
1159.00	7510.00
1160.00	7447.00
1161.00	7567.00
1162.00	7574.00
1163.00	7518.00
1164.00	7443.00
1165.00	7371.00
1166.00	7406.00
1167.00	7390.00
1168.00	7434.00
1169.00	7418.00
1170.00	7472.00
1171.00	7270.00
1172.00	7372.00
1173.00	7587.00
1174.00	7495.00
1175.00	7491.00
1176.00	7616.00
1177.00	7323.00
1178.00	7441.00
1179.00	7453.00
1180.00	7553.00
1181.00	7496.00
1182.00	7654.00
1183.00	7515.00
1184.00	7593.00
1185.00	7499.00
1186.00	7623.00
1187.00	7570.00
1188.00	7598.00
1189.00	7674.00
1190.00	7597.00
1191.00	7649.00
1192.00	7599.00
1193.00	7450.00
1194.00	7461.00
1195.00	7545.00
1196.00	7316.00
1197.00	7530.00
1198.00	7574.00
1199.00	7638.00
1200.00	7642.00
1201.00	7662.00
1202.00	7629.00
1203.00	7570.00
1204.00	7655.00
1205.00	7607.00
1206.00	7618.00
1207.00	7788.00
1208.00	7679.00
1209.00	7772.00
1210.00	7781.00
1211.00	7697.00
1212.00	7881.00
1213.00	7812.00
1214.00	7860.00
1215.00	8014.00
1216.00	7981.00
1217.00	8039.00
1218.00	8016.00
1219.00	8120.00
1220.00	8194.00
1221.00	8287.00
1222.00	8294.00
1223.00	8301.00
1224.00	8452.00
1225.00	8329.00
1226.00	8631.00
1227.00	8636.00
1228.00	8737.00
1229.00	8582.00
1230.00	8590.00
1231.00	8665.00
1232.00	8712.00
1233.00	8476.00
1234.00	8882.00
1235.00	8603.00
1236.00	8649.00
1237.00	8596.00
1238.00	8763.00
1239.00	8575.00
1240.00	8610.00
1241.00	8314.00
1242.00	8396.00
1243.00	8288.00
1244.00	8272.00
1245.00	8158.00
1246.00	7951.00
1247.00	8092.00
1248.00	7930.00
1249.00	7808.00
1250.00	7742.00
1251.00	7752.00
1252.00	7755.00
1253.00	7497.00
1254.00	7748.00
1255.00	7828.00
1256.00	7726.00
1257.00	7619.00
1258.00	7699.00
1259.00	7718.00
1260.00	7587.00
1261.00	7562.00
1262.00	7707.00
1263.00	7584.00
1264.00	7607.00
1265.00	7636.00
1266.00	7611.00
1267.00	7585.00
1268.00	7516.00
1269.00	7733.00
1270.00	7726.00
1271.00	7760.00
1272.00	7775.00
1273.00	8030.00
1274.00	8092.00
1275.00	8127.00
1276.00	8362.00
1277.00	8213.00
1278.00	8187.00
1279.00	8561.00
1280.00	8692.00
1281.00	8639.00
1282.00	8872.00
1283.00	8966.00
1284.00	9050.00
1285.00	9255.00
1286.00	9585.00
1287.00	9467.00
1288.00	9552.00
1289.00	9810.00
1290.00	9702.00
1291.00	9590.00
1292.00	9598.00
1293.00	9601.00
1294.00	9531.00
1295.00	9365.00
1296.00	9435.00
1297.00	9252.00
1298.00	9093.00
1299.00	8895.00
1300.00	8818.00
1301.00	8647.00
1302.00	8616.00
1303.00	8398.00
1304.00	8263.00
1305.00	8044.00
1306.00	7917.00
1307.00	7837.00
1308.00	7786.00
1309.00	7740.00
1310.00	7645.00
1311.00	7578.00
1312.00	7500.00
1313.00	7487.00
1314.00	7430.00
1315.00	7561.00
1316.00	7360.00
1317.00	7557.00
1318.00	7581.00
1319.00	7428.00
1320.00	7464.00
1321.00	7451.00
1322.00	7380.00
1323.00	7497.00
1324.00	7488.00
1325.00	7417.00
1326.00	7409.00
1327.00	7327.00
1328.00	7346.00
1329.00	7380.00
1330.00	7422.00
1331.00	7253.00
1332.00	7378.00
1333.00	7318.00
1334.00	7279.00
1335.00	7367.00
1336.00	7332.00
1337.00	7165.00
1338.00	7341.00
1339.00	7406.00
1340.00	7439.00
1341.00	7448.00
1342.00	7397.00
1343.00	7265.00
1344.00	7397.00
1345.00	7447.00
1346.00	7548.00
1347.00	7497.00
1348.00	7560.00
1349.00	7853.00
1350.00	7669.00
1351.00	8117.00
1352.00	8034.00
1353.00	8369.00
1354.00	8247.00
1355.00	8322.00
1356.00	8511.00
1357.00	8737.00
1358.00	8908.00
1359.00	8961.00
1360.00	8978.00
1361.00	9056.00
1362.00	9100.00
1363.00	9145.00
1364.00	9175.00
1365.00	9137.00
1366.00	9021.00
1367.00	9067.00
1368.00	8990.00
1369.00	8974.00
1370.00	8742.00
1371.00	8546.00
1372.00	8170.00
1373.00	8056.00
1374.00	8039.00
1375.00	7845.00
1376.00	7521.00
1377.00	7592.00
1378.00	7463.00
1379.00	7348.00
1380.00	7264.00
1381.00	7284.00
1382.00	6832.00
1383.00	7059.00
1384.00	6904.00
1385.00	6823.00
1386.00	6764.00
1387.00	6832.00
1388.00	6728.00
1389.00	6695.00
1390.00	6573.00
1391.00	6508.00
1392.00	6695.00
1393.00	6646.00
1394.00	6752.00
1395.00	6696.00
1396.00	6473.00
1397.00	6627.00
1398.00	6594.00
1399.00	6444.00
1400.00	6769.00
1401.00	6663.00
1402.00	6684.00
1403.00	6480.00
1404.00	6708.00
1405.00	6515.00
1406.00	6597.00
1407.00	6439.00
1408.00	6478.00
1409.00	6556.00
1410.00	6604.00
1411.00	6589.00
1412.00	6470.00
1413.00	6487.00
1414.00	6577.00
1415.00	6418.00
1416.00	6378.00
1417.00	6487.00
1418.00	6602.00
1419.00	6496.00
1420.00	6460.00
1421.00	6496.00
1422.00	6654.00
1423.00	6619.00
1424.00	6534.00
1425.00	6684.00
1426.00	6572.00
1427.00	6593.00
1428.00	6775.00
1429.00	6583.00
1430.00	6762.00
1431.00	6714.00
1432.00	6910.00
1433.00	6743.00
1434.00	6839.00
1435.00	6845.00
1436.00	6972.00
1437.00	6841.00
1438.00	7039.00
1439.00	6798.00
1440.00	7082.00
1441.00	7111.00
1442.00	7298.00
1443.00	7086.00
1444.00	6954.00
1445.00	6999.00
1446.00	6813.00
1447.00	6884.00
1448.00	6833.00
1449.00	6863.00
1450.00	6839.00
1451.00	6721.00
1452.00	6663.00
1453.00	6585.00
1454.00	6436.00
1455.00	6474.00
1456.00	6407.00
1457.00	6348.00
1458.00	6316.00
1459.00	6396.00
1460.00	6271.00
1461.00	6175.00
1462.00	6336.00
1463.00	6292.00
1464.00	6282.00
1465.00	6190.00
1466.00	6305.00
1467.00	6129.00
1468.00	6286.00
1469.00	6185.00
1470.00	6266.00
1471.00	6139.00
1472.00	6082.00
1473.00	6200.00
1474.00	6190.00
1475.00	6097.00
1476.00	6143.00
1477.00	6022.00
1478.00	6201.00
1479.00	6136.00
1480.00	6124.00
1481.00	6118.00
1482.00	6041.00
1483.00	6097.00
1484.00	6167.00
1485.00	6273.00
1486.00	6017.00
1487.00	6178.00
1488.00	6158.00
1489.00	6114.00
1490.00	6153.00
1491.00	6231.00
1492.00	6011.00
1493.00	6083.00
1494.00	6147.00
1495.00	6191.00
1496.00	6218.00
1497.00	6263.00
1498.00	6231.00
1499.00	6324.00
1500.00	6290.00
1501.00	6191.00
1502.00	6310.00
1503.00	6472.00
1504.00	6601.00
1505.00	6582.00
1506.00	6556.00
1507.00	6518.00
1508.00	6623.00
1509.00	6940.00
1510.00	6931.00
1511.00	7008.00
1512.00	6959.00
1513.00	7132.00
1514.00	7072.00
1515.00	7243.00
1516.00	7102.00
1517.00	7488.00
1518.00	7350.00
1519.00	7519.00
1520.00	7423.00
1521.00	7506.00
1522.00	7471.00
1523.00	7533.00
1524.00	7367.00
1525.00	7283.00
1526.00	7224.00
1527.00	7391.00
1528.00	7222.00
1529.00	7189.00
1530.00	7169.00
1531.00	7168.00
1532.00	6881.00
1533.00	6930.00
1534.00	6778.00
1535.00	6841.00
1536.00	6720.00
1537.00	6643.00
1538.00	6745.00
1539.00	6792.00
1540.00	6672.00
1541.00	6695.00
1542.00	6907.00
1543.00	6764.00
1544.00	6781.00
1545.00	6910.00
1546.00	6925.00
1547.00	6995.00
1548.00	6965.00
1549.00	7073.00
1550.00	7256.00
1551.00	7305.00
1552.00	7288.00
1553.00	7422.00
1554.00	7275.00
1555.00	7412.00
1556.00	7572.00
1557.00	7714.00
1558.00	7710.00
1559.00	7873.00
1560.00	8179.00
1561.00	7929.00
1562.00	8252.00
1563.00	8184.00
1564.00	8525.00
1565.00	8380.00
1566.00	8803.00
1567.00	8757.00
1568.00	9008.00
1569.00	9251.00
1570.00	9163.00
1571.00	9357.00
1572.00	9390.00
1573.00	9564.00
1574.00	9719.00
1575.00	9999.00
1576.00	9956.00
1577.00	10296.00
1578.00	10287.00
1579.00	10382.00
1580.00	10482.00
1581.00	10561.00
1582.00	10556.00
1583.00	10747.00
1584.00	10706.00
1585.00	10755.00
1586.00	10864.00
1587.00	10698.00
1588.00	10863.00
1589.00	10866.00
1590.00	10753.00
1591.00	10669.00
1592.00	10770.00
1593.00	10736.00
1594.00	10539.00
1595.00	10566.00
1596.00	10439.00
1597.00	10308.00
1598.00	10296.00
1599.00	10351.00
1600.00	10057.00
1601.00	10034.00
1602.00	9887.00
1603.00	9762.00
1604.00	9668.00
1605.00	9600.00
1606.00	9230.00
1607.00	9347.00
1608.00	9026.00
1609.00	8954.00
1610.00	8586.00
1611.00	8683.00
1612.00	8599.00
1613.00	8327.00
1614.00	8236.00
1615.00	7970.00
1616.00	7991.00
1617.00	7827.00
1618.00	7471.00
1619.00	7441.00
1620.00	7253.00
1621.00	7312.00
1622.00	7041.00
1623.00	7055.00
1624.00	6946.00
1625.00	6698.00
1626.00	6680.00
1627.00	6402.00
1628.00	6405.00
1629.00	6268.00
1630.00	6185.00
1631.00	6164.00
1632.00	6265.00
1633.00	6009.00
1634.00	5946.00
1635.00	5789.00
1636.00	5730.00
1637.00	5602.00
1638.00	5565.00
1639.00	5610.00
1640.00	5488.00
1641.00	5524.00
1642.00	5326.00
1643.00	5358.00
1644.00	5256.00
1645.00	5407.00
1646.00	5202.00
1647.00	5306.00
1648.00	5237.00
1649.00	5202.00
1650.00	5084.00
1651.00	5141.00
1652.00	5144.00
1653.00	5060.00
1654.00	4970.00
1655.00	5054.00
1656.00	5050.00
1657.00	5133.00
1658.00	5234.00
1659.00	5163.00
1660.00	5340.00
1661.00	5335.00
1662.00	5402.00
1663.00	5691.00
1664.00	5774.00
1665.00	6030.00
1666.00	6083.00
1667.00	6240.00
1668.00	6587.00
1669.00	6787.00
1670.00	7150.00
1671.00	7415.00
1672.00	7453.00
1673.00	7892.00
1674.00	8221.00
1675.00	8327.00
1676.00	8563.00
1677.00	8640.00
1678.00	8911.00
1679.00	9089.00
1680.00	9250.00
1681.00	9169.00
1682.00	9310.00
1683.00	9183.00
1684.00	9313.00
1685.00	9182.00
1686.00	8716.00
1687.00	8785.00
1688.00	8571.00
1689.00	8521.00
1690.00	7892.00
1691.00	7672.00
1692.00	7281.00
1693.00	6966.00
1694.00	6860.00
1695.00	6325.00
1696.00	6032.00
1697.00	5810.00
1698.00	5671.00
1699.00	5343.00
1700.00	5217.00
1701.00	4959.00
1702.00	4786.00
1703.00	4652.00
1704.00	4520.00
1705.00	4514.00
1706.00	4309.00
1707.00	4239.00
1708.00	4184.00
1709.00	4156.00
1710.00	4177.00
1711.00	4012.00
1712.00	3902.00
1713.00	4104.00
1714.00	3888.00
1715.00	3927.00
1716.00	3999.00
1717.00	3886.00
1718.00	3952.00
1719.00	3966.00
1720.00	4025.00
1721.00	3849.00
1722.00	3945.00
1723.00	3820.00
1724.00	3889.00
1725.00	3848.00
1726.00	3806.00
1727.00	3748.00
1728.00	3798.00
1729.00	3948.00
1730.00	3765.00
1731.00	3773.00
1732.00	3960.00
1733.00	3917.00
1734.00	3884.00
1735.00	3907.00
1736.00	3856.00
1737.00	4011.00
1738.00	3899.00
1739.00	3945.00
1740.00	4006.00
1741.00	3854.00
1742.00	3912.00
1743.00	3838.00
1744.00	3956.00
1745.00	3854.00
1746.00	3839.00
1747.00	3883.00
1748.00	3885.00
1749.00	3987.00
1750.00	3943.00
1751.00	3930.00
1752.00	4011.00
1753.00	3980.00
1754.00	3908.00
1755.00	3932.00
1756.00	4117.00
1757.00	3988.00
1758.00	4000.00
1759.00	4126.00
1760.00	4007.00
1761.00	4154.00
1762.00	4117.00
1763.00	4082.00
1764.00	4133.00
1765.00	3974.00
1766.00	4103.00
1767.00	4036.00
1768.00	4055.00
1769.00	4139.00
1770.00	4089.00
1771.00	3998.00
1772.00	4009.00
1773.00	3992.00
1774.00	3907.00
1775.00	4053.00
1776.00	4073.00
1777.00	4060.00
1778.00	4001.00
1779.00	4003.00
1780.00	3905.00
1781.00	3954.00
1782.00	3919.00
1783.00	3825.00
1784.00	3877.00
1785.00	3817.00
1786.00	3782.00
1787.00	3659.00
1788.00	3719.00
1789.00	3751.00
1790.00	3707.00
1791.00	3539.00
1792.00	3648.00
1793.00	3582.00
1794.00	3592.00
1795.00	3445.00
1796.00	3466.00
1797.00	3462.00
1798.00	3459.00
1799.00	3296.00
1800.00	3310.00
1801.00	3285.00
1802.00	3297.00
1803.00	3174.00
1804.00	3175.00
1805.00	3138.00
1806.00	3194.00
1807.00	3156.00
1808.00	3051.00
1809.00	3115.00
1810.00	2969.00
1811.00	2919.00
1812.00	3024.00
1813.00	2912.00
1814.00	2878.00
1815.00	2801.00
1816.00	2855.00
1817.00	2806.00
1818.00	2833.00
1819.00	2755.00
1820.00	2689.00
1821.00	2598.00
1822.00	2615.00
1823.00	2703.00
1824.00	2565.00
1825.00	2624.00
1826.00	2591.00
1827.00	2592.00
1828.00	2581.00
1829.00	2480.00
1830.00	2473.00
1831.00	2463.00
1832.00	2515.00
1833.00	2453.00
1834.00	2374.00
1835.00	2417.00
1836.00	2368.00
1837.00	2352.00
1838.00	2226.00
1839.00	2298.00
1840.00	2344.00
1841.00	2359.00
1842.00	2248.00
1843.00	2210.00
1844.00	2236.00
1845.00	2157.00
1846.00	2152.00
1847.00	2166.00
1848.00	2119.00
1849.00	2100.00
1850.00	2199.00
1851.00	2145.00
1852.00	2115.00
1853.00	2111.00
1854.00	2073.00
1855.00	2054.00
1856.00	2065.00
1857.00	2089.00
1858.00	2084.00
1859.00	2082.00
1860.00	2028.00
1861.00	2084.00
1862.00	2041.00
1863.00	1943.00
1864.00	2067.00
1865.00	1974.00
1866.00	1994.00
1867.00	2015.00
1868.00	2058.00
1869.00	2061.00
1870.00	1978.00
1871.00	2004.00
1872.00	2041.00
1873.00	2067.00
1874.00	2073.00
1875.00	2082.00
1876.00	2139.00
1877.00	2078.00
1878.00	2215.00
1879.00	2216.00
1880.00	2225.00
1881.00	2281.00
1882.00	2372.00
1883.00	2346.00
1884.00	2282.00
1885.00	2435.00
1886.00	2323.00
1887.00	2462.00
1888.00	2516.00
1889.00	2369.00
1890.00	2525.00
1891.00	2417.00
1892.00	2339.00
1893.00	2384.00
1894.00	2367.00
1895.00	2329.00
1896.00	2318.00
1897.00	2161.00
1898.00	2066.00
1899.00	2004.00
1900.00	2044.00
1901.00	2091.00
1902.00	1939.00
1903.00	1889.00
1904.00	1902.00
1905.00	1781.00
1906.00	1869.00
1907.00	1747.00
1908.00	1676.00
1909.00	1746.00
1910.00	1747.00
1911.00	1742.00
1912.00	1671.00
1913.00	1695.00
1914.00	1690.00
1915.00	1639.00
1916.00	1639.00
1917.00	1551.00
1918.00	1566.00
1919.00	1659.00
1920.00	1564.00
1921.00	1588.00
1922.00	1620.00
1923.00	1591.00
1924.00	1590.00
1925.00	1600.00
1926.00	1591.00
1927.00	1513.00
1928.00	1559.00
1929.00	1518.00
1930.00	1529.00
1931.00	1530.00
1932.00	1406.00
1933.00	1469.00
1934.00	1475.00
1935.00	1407.00
1936.00	1422.00
1937.00	1395.00
1938.00	1412.00
1939.00	1416.00
1940.00	1352.00
1941.00	1325.00
1942.00	1339.00
1943.00	1359.00
1944.00	1294.00
1945.00	1283.00
1946.00	1288.00
1947.00	1259.00
1948.00	1369.00
1949.00	1238.00
1950.00	1359.00
1951.00	1152.00
1952.00	1223.00
1953.00	1242.00
1954.00	1175.00
1955.00	1215.00
1956.00	1257.00
1957.00	1257.00
1958.00	1232.00
1959.00	1218.00
1960.00	1223.00
1961.00	1182.00
1962.00	1228.00
1963.00	1231.00
1964.00	1136.00
1965.00	1249.00
1966.00	1249.00
1967.00	1140.00
1968.00	1177.00
1969.00	1183.00
1970.00	1207.00
1971.00	1152.00
1972.00	1188.00
1973.00	1183.00
1974.00	1168.00
1975.00	1158.00
1976.00	1131.00
1977.00	1135.00
1978.00	1152.00
1979.00	1112.00
1980.00	1188.00
1981.00	1122.00
1982.00	1054.00
1983.00	1053.00
1984.00	1085.00
1985.00	1090.00
1986.00	1070.00
1987.00	1030.00
1988.00	1017.00
1989.00	1090.00
1990.00	1047.00
1991.00	1085.00
1992.00	982.00
1993.00	1052.00
1994.00	1035.00
1995.00	1044.00
1996.00	1096.00
1997.00	1049.00
1998.00	1044.00
1999.00	941.00
2000.00	958.00
2001.00	1045.00
2002.00	964.00
2003.00	967.00
2004.00	943.00
2005.00	969.00
2006.00	979.00
2007.00	967.00
2008.00	931.00
2009.00	936.00
2010.00	945.00
2011.00	944.00
2012.00	954.00
2013.00	920.00
2014.00	942.00
2015.00	865.00
2016.00	904.00
2017.00	886.00
2018.00	900.00
2019.00	802.00
2020.00	859.00
2021.00	870.00
2022.00	859.00
2023.00	883.00
2024.00	915.00
2025.00	795.00
2026.00	831.00
2027.00	855.00
2028.00	848.00
2029.00	848.00
2030.00	770.00
2031.00	832.00
2032.00	809.00
2033.00	789.00
2034.00	765.00
2035.00	825.00
2036.00	786.00
2037.00	805.00
2038.00	783.00
2039.00	807.00
2040.00	812.00
2041.00	777.00
2042.00	797.00
2043.00	675.00
2044.00	755.00
2045.00	747.00
2046.00	769.00
2047.00	813.00
2048.00	 0.00
