Date:	2023-09-18		
Time:	20:28		
Sample name:	Pellets		
Position:	669.600011	mm	
Sample surface:	6.065223	cm	
Tube anode:	Mo		
Tube voltage:	30	kV	
Tube current:	50	mA	
Comments	not in position		
Gain	5.810000		
peaking_time	0.300000	m-sec	
trigger_threshold	30.000000	V	
mca_bin_width	2.000000	no:	
number_mca_channels	2048.000000	no:	
gap_time	0.100000	m-sec	
trigger_peaking_time	0.050000	m-sec	
livetime	17.272232	seconds	
runtime	20.000034	seconds	
input_count_rate	114540.786750	cps	
output_count_rate	98918.584311	cps	
triggers	2210965.000000	seconds	
events_in_run	1968661.000000	seconds	
channel	content		
 1.00	 0.00
 2.00	 0.00
 3.00	 0.00
 4.00	 0.00
 5.00	 0.00
 6.00	 0.00
 7.00	 0.00
 8.00	 0.00
 9.00	 0.00
10.00	 0.00
11.00	 0.00
12.00	 0.00
13.00	 0.00
14.00	 0.00
15.00	 0.00
16.00	 0.00
17.00	 0.00
18.00	 0.00
19.00	 0.00
20.00	 0.00
21.00	 0.00
22.00	 0.00
23.00	 0.00
24.00	 0.00
25.00	 0.00
26.00	 0.00
27.00	 0.00
28.00	 0.00
29.00	 0.00
30.00	 0.00
31.00	 3.00
32.00	 1.00
33.00	 1.00
34.00	 6.00
35.00	 4.00
36.00	 6.00
37.00	14.00
38.00	21.00
39.00	29.00
40.00	45.00
41.00	47.00
42.00	52.00
43.00	84.00
44.00	86.00
45.00	124.00
46.00	154.00
47.00	150.00
48.00	170.00
49.00	195.00
50.00	237.00
51.00	203.00
52.00	261.00
53.00	236.00
54.00	286.00
55.00	280.00
56.00	302.00
57.00	283.00
58.00	303.00
59.00	353.00
60.00	328.00
61.00	325.00
62.00	353.00
63.00	331.00
64.00	333.00
65.00	334.00
66.00	314.00
67.00	336.00
68.00	320.00
69.00	356.00
70.00	356.00
71.00	365.00
72.00	342.00
73.00	353.00
74.00	339.00
75.00	349.00
76.00	342.00
77.00	346.00
78.00	349.00
79.00	324.00
80.00	335.00
81.00	333.00
82.00	343.00
83.00	322.00
84.00	319.00
85.00	313.00
86.00	312.00
87.00	307.00
88.00	327.00
89.00	306.00
90.00	319.00
91.00	315.00
92.00	282.00
93.00	338.00
94.00	267.00
95.00	288.00
96.00	271.00
97.00	283.00
98.00	260.00
99.00	265.00
100.00	296.00
101.00	271.00
102.00	291.00
103.00	280.00
104.00	287.00
105.00	276.00
106.00	247.00
107.00	276.00
108.00	252.00
109.00	247.00
110.00	254.00
111.00	236.00
112.00	251.00
113.00	249.00
114.00	250.00
115.00	229.00
116.00	247.00
117.00	255.00
118.00	257.00
119.00	254.00
120.00	282.00
121.00	239.00
122.00	236.00
123.00	209.00
124.00	205.00
125.00	177.00
126.00	226.00
127.00	203.00
128.00	189.00
129.00	189.00
130.00	197.00
131.00	164.00
132.00	203.00
133.00	207.00
134.00	204.00
135.00	225.00
136.00	227.00
137.00	239.00
138.00	361.00
139.00	473.00
140.00	575.00
141.00	752.00
142.00	864.00
143.00	1003.00
144.00	1082.00
145.00	1094.00
146.00	1028.00
147.00	944.00
148.00	792.00
149.00	750.00
150.00	597.00
151.00	568.00
152.00	502.00
153.00	492.00
154.00	450.00
155.00	414.00
156.00	393.00
157.00	340.00
158.00	448.00
159.00	562.00
160.00	881.00
161.00	1520.00
162.00	2552.00
163.00	3966.00
164.00	6142.00
165.00	8432.00
166.00	11218.00
167.00	13534.00
168.00	15174.00
169.00	16139.00
170.00	15374.00
171.00	13636.00
172.00	11546.00
173.00	8976.00
174.00	6580.00
175.00	4677.00
176.00	3364.00
177.00	2310.00
178.00	1613.00
179.00	1248.00
180.00	995.00
181.00	798.00
182.00	597.00
183.00	520.00
184.00	421.00
185.00	368.00
186.00	352.00
187.00	356.00
188.00	351.00
189.00	339.00
190.00	341.00
191.00	343.00
192.00	344.00
193.00	321.00
194.00	293.00
195.00	258.00
196.00	241.00
197.00	232.00
198.00	231.00
199.00	211.00
200.00	179.00
201.00	178.00
202.00	187.00
203.00	178.00
204.00	165.00
205.00	179.00
206.00	185.00
207.00	150.00
208.00	154.00
209.00	177.00
210.00	165.00
211.00	173.00
212.00	165.00
213.00	154.00
214.00	162.00
215.00	161.00
216.00	188.00
217.00	171.00
218.00	181.00
219.00	228.00
220.00	244.00
221.00	236.00
222.00	229.00
223.00	268.00
224.00	250.00
225.00	253.00
226.00	235.00
227.00	251.00
228.00	187.00
229.00	196.00
230.00	171.00
231.00	174.00
232.00	160.00
233.00	165.00
234.00	147.00
235.00	174.00
236.00	192.00
237.00	188.00
238.00	137.00
239.00	173.00
240.00	171.00
241.00	152.00
242.00	173.00
243.00	166.00
244.00	138.00
245.00	142.00
246.00	140.00
247.00	151.00
248.00	161.00
249.00	146.00
250.00	183.00
251.00	168.00
252.00	184.00
253.00	170.00
254.00	176.00
255.00	170.00
256.00	179.00
257.00	180.00
258.00	168.00
259.00	165.00
260.00	191.00
261.00	190.00
262.00	196.00
263.00	219.00
264.00	233.00
265.00	259.00
266.00	225.00
267.00	263.00
268.00	274.00
269.00	314.00
270.00	254.00
271.00	266.00
272.00	233.00
273.00	213.00
274.00	194.00
275.00	204.00
276.00	270.00
277.00	318.00
278.00	396.00
279.00	515.00
280.00	677.00
281.00	912.00
282.00	1221.00
283.00	1475.00
284.00	1743.00
285.00	1902.00
286.00	2020.00
287.00	2092.00
288.00	1932.00
289.00	1848.00
290.00	1546.00
291.00	1344.00
292.00	1110.00
293.00	828.00
294.00	601.00
295.00	446.00
296.00	352.00
297.00	283.00
298.00	267.00
299.00	203.00
300.00	243.00
301.00	233.00
302.00	254.00
303.00	288.00
304.00	306.00
305.00	380.00
306.00	445.00
307.00	536.00
308.00	611.00
309.00	864.00
310.00	1196.00
311.00	1663.00
312.00	2441.00
313.00	3617.00
314.00	4994.00
315.00	6907.00
316.00	8975.00
317.00	11421.00
318.00	13461.00
319.00	15594.00
320.00	16760.00
321.00	17264.00
322.00	17042.00
323.00	15908.00
324.00	14056.00
325.00	11883.00
326.00	9725.00
327.00	7208.00
328.00	5295.00
329.00	3577.00
330.00	2575.00
331.00	1637.00
332.00	1106.00
333.00	723.00
334.00	487.00
335.00	423.00
336.00	378.00
337.00	434.00
338.00	547.00
339.00	621.00
340.00	847.00
341.00	1114.00
342.00	1308.00
343.00	1660.00
344.00	2062.00
345.00	2576.00
346.00	2944.00
347.00	3479.00
348.00	4107.00
349.00	4752.00
350.00	5583.00
351.00	6613.00
352.00	8049.00
353.00	9183.00
354.00	10412.00
355.00	11583.00
356.00	12574.00
357.00	12842.00
358.00	12679.00
359.00	12281.00
360.00	11012.00
361.00	9528.00
362.00	7827.00
363.00	6198.00
364.00	4683.00
365.00	3456.00
366.00	2381.00
367.00	1619.00
368.00	1114.00
369.00	734.00
370.00	535.00
371.00	390.00
372.00	304.00
373.00	297.00
374.00	279.00
375.00	272.00
376.00	318.00
377.00	397.00
378.00	423.00
379.00	521.00
380.00	651.00
381.00	809.00
382.00	994.00
383.00	1186.00
384.00	1481.00
385.00	1740.00
386.00	1822.00
387.00	1975.00
388.00	2098.00
389.00	2025.00
390.00	2057.00
391.00	1956.00
392.00	1704.00
393.00	1511.00
394.00	1295.00
395.00	1014.00
396.00	905.00
397.00	713.00
398.00	587.00
399.00	511.00
400.00	463.00
401.00	410.00
402.00	410.00
403.00	325.00
404.00	321.00
405.00	299.00
406.00	322.00
407.00	292.00
408.00	293.00
409.00	293.00
410.00	306.00
411.00	299.00
412.00	309.00
413.00	318.00
414.00	365.00
415.00	350.00
416.00	378.00
417.00	403.00
418.00	395.00
419.00	467.00
420.00	532.00
421.00	615.00
422.00	777.00
423.00	1031.00
424.00	1379.00
425.00	1913.00
426.00	2606.00
427.00	3586.00
428.00	4770.00
429.00	6197.00
430.00	7926.00
431.00	9756.00
432.00	11851.00
433.00	13186.00
434.00	14783.00
435.00	15873.00
436.00	15960.00
437.00	15961.00
438.00	15161.00
439.00	14173.00
440.00	12303.00
441.00	10357.00
442.00	8644.00
443.00	7168.00
444.00	5692.00
445.00	4735.00
446.00	3987.00
447.00	3499.00
448.00	3030.00
449.00	2861.00
450.00	2580.00
451.00	2332.00
452.00	2156.00
453.00	2096.00
454.00	1818.00
455.00	1660.00
456.00	1517.00
457.00	1375.00
458.00	1243.00
459.00	1216.00
460.00	1260.00
461.00	1252.00
462.00	1350.00
463.00	1457.00
464.00	1615.00
465.00	1858.00
466.00	2032.00
467.00	2173.00
468.00	2468.00
469.00	2743.00
470.00	2873.00
471.00	3171.00
472.00	3403.00
473.00	3685.00
474.00	3926.00
475.00	4183.00
476.00	4206.00
477.00	4402.00
478.00	4300.00
479.00	4027.00
480.00	3740.00
481.00	3331.00
482.00	3013.00
483.00	2655.00
484.00	2219.00
485.00	1933.00
486.00	1590.00
487.00	1332.00
488.00	1208.00
489.00	975.00
490.00	996.00
491.00	861.00
492.00	892.00
493.00	899.00
494.00	882.00
495.00	966.00
496.00	1027.00
497.00	1041.00
498.00	1058.00
499.00	1128.00
500.00	1126.00
501.00	1218.00
502.00	1223.00
503.00	1217.00
504.00	1335.00
505.00	1364.00
506.00	1300.00
507.00	1275.00
508.00	1369.00
509.00	1430.00
510.00	1438.00
511.00	1501.00
512.00	1564.00
513.00	1597.00
514.00	1686.00
515.00	1741.00
516.00	1820.00
517.00	1967.00
518.00	2020.00
519.00	2085.00
520.00	2266.00
521.00	2328.00
522.00	2388.00
523.00	2400.00
524.00	2547.00
525.00	2421.00
526.00	2340.00
527.00	2321.00
528.00	2195.00
529.00	2078.00
530.00	1974.00
531.00	1898.00
532.00	1859.00
533.00	1815.00
534.00	1735.00
535.00	1761.00
536.00	1831.00
537.00	1776.00
538.00	1810.00
539.00	1904.00
540.00	1825.00
541.00	1847.00
542.00	1879.00
543.00	1868.00
544.00	1891.00
545.00	1928.00
546.00	1911.00
547.00	1863.00
548.00	1901.00
549.00	1935.00
550.00	1960.00
551.00	1953.00
552.00	1988.00
553.00	2129.00
554.00	2192.00
555.00	2545.00
556.00	2983.00
557.00	3433.00
558.00	4335.00
559.00	5363.00
560.00	6712.00
561.00	8557.00
562.00	10526.00
563.00	12972.00
564.00	15527.00
565.00	18124.00
566.00	20654.00
567.00	22705.00
568.00	24496.00
569.00	25617.00
570.00	25643.00
571.00	24876.00
572.00	23848.00
573.00	21673.00
574.00	19697.00
575.00	17055.00
576.00	14562.00
577.00	11755.00
578.00	9635.00
579.00	7779.00
580.00	5869.00
581.00	4743.00
582.00	3854.00
583.00	3213.00
584.00	2713.00
585.00	2528.00
586.00	2305.00
587.00	2270.00
588.00	2194.00
589.00	2165.00
590.00	2403.00
591.00	2556.00
592.00	2607.00
593.00	2781.00
594.00	2872.00
595.00	3131.00
596.00	3408.00
597.00	3760.00
598.00	4363.00
599.00	5395.00
600.00	6991.00
601.00	9064.00
602.00	12279.00
603.00	17558.00
604.00	25079.00
605.00	35563.00
606.00	49643.00
607.00	69221.00
608.00	94446.00
609.00	125612.00
610.00	162615.00
611.00	204588.00
612.00	250665.00
613.00	298776.00
614.00	346624.00
615.00	388144.00
616.00	424657.00
617.00	449489.00
618.00	460667.00
619.00	461511.00
620.00	444975.00
621.00	416701.00
622.00	380365.00
623.00	335437.00
624.00	287244.00
625.00	239268.00
626.00	194483.00
627.00	152739.00
628.00	117138.00
629.00	87628.00
630.00	64023.00
631.00	46512.00
632.00	32262.00
633.00	22668.00
634.00	16288.00
635.00	11408.00
636.00	8484.00
637.00	6389.00
638.00	5179.00
639.00	4462.00
640.00	3925.00
641.00	3585.00
642.00	3559.00
643.00	3400.00
644.00	3284.00
645.00	3346.00
646.00	3366.00
647.00	3385.00
648.00	3327.00
649.00	3413.00
650.00	3425.00
651.00	3431.00
652.00	3576.00
653.00	3686.00
654.00	3729.00
655.00	3900.00
656.00	3960.00
657.00	4271.00
658.00	4248.00
659.00	4518.00
660.00	4744.00
661.00	4914.00
662.00	5338.00
663.00	5754.00
664.00	6285.00
665.00	6947.00
666.00	8177.00
667.00	9560.00
668.00	11482.00
669.00	13846.00
670.00	17151.00
671.00	21006.00
672.00	26042.00
673.00	31253.00
674.00	37435.00
675.00	44234.00
676.00	50703.00
677.00	57757.00
678.00	63572.00
679.00	68612.00
680.00	71907.00
681.00	73887.00
682.00	74227.00
683.00	71959.00
684.00	68124.00
685.00	62610.00
686.00	56820.00
687.00	50403.00
688.00	42536.00
689.00	35432.00
690.00	29128.00
691.00	23202.00
692.00	18547.00
693.00	14325.00
694.00	11406.00
695.00	8674.00
696.00	6928.00
697.00	5500.00
698.00	4736.00
699.00	4092.00
700.00	3698.00
701.00	3492.00
702.00	3316.00
703.00	3388.00
704.00	3160.00
705.00	3335.00
706.00	3338.00
707.00	3579.00
708.00	3398.00
709.00	3593.00
710.00	3515.00
711.00	3797.00
712.00	3945.00
713.00	4071.00
714.00	4219.00
715.00	4402.00
716.00	4684.00
717.00	4701.00
718.00	4823.00
719.00	4880.00
720.00	5105.00
721.00	5147.00
722.00	5175.00
723.00	5005.00
724.00	4846.00
725.00	4781.00
726.00	4748.00
727.00	4372.00
728.00	4236.00
729.00	4126.00
730.00	4049.00
731.00	3792.00
732.00	3618.00
733.00	3536.00
734.00	3369.00
735.00	3348.00
736.00	3378.00
737.00	3277.00
738.00	3177.00
739.00	3184.00
740.00	3144.00
741.00	3131.00
742.00	3166.00
743.00	3072.00
744.00	3017.00
745.00	3084.00
746.00	3040.00
747.00	3041.00
748.00	3017.00
749.00	3080.00
750.00	3022.00
751.00	3104.00
752.00	3043.00
753.00	3136.00
754.00	3106.00
755.00	3210.00
756.00	3160.00
757.00	3167.00
758.00	3258.00
759.00	3262.00
760.00	3383.00
761.00	3217.00
762.00	3403.00
763.00	3501.00
764.00	3563.00
765.00	3521.00
766.00	3727.00
767.00	4018.00
768.00	4135.00
769.00	4188.00
770.00	4361.00
771.00	4481.00
772.00	4791.00
773.00	4878.00
774.00	4957.00
775.00	5037.00
776.00	5156.00
777.00	5259.00
778.00	5273.00
779.00	5416.00
780.00	5417.00
781.00	5454.00
782.00	5273.00
783.00	5163.00
784.00	5300.00
785.00	5255.00
786.00	5374.00
787.00	5197.00
788.00	5205.00
789.00	5113.00
790.00	5160.00
791.00	5295.00
792.00	5249.00
793.00	5395.00
794.00	5363.00
795.00	5358.00
796.00	5562.00
797.00	5334.00
798.00	5500.00
799.00	5536.00
800.00	5576.00
801.00	5419.00
802.00	5406.00
803.00	5627.00
804.00	5518.00
805.00	5610.00
806.00	5521.00
807.00	5631.00
808.00	5625.00
809.00	5644.00
810.00	5544.00
811.00	5512.00
812.00	5478.00
813.00	5521.00
814.00	5536.00
815.00	5436.00
816.00	5626.00
817.00	5703.00
818.00	5675.00
819.00	5860.00
820.00	6070.00
821.00	6189.00
822.00	6556.00
823.00	6714.00
824.00	7369.00
825.00	7732.00
826.00	8072.00
827.00	8767.00
828.00	9327.00
829.00	9747.00
830.00	10161.00
831.00	10553.00
832.00	10929.00
833.00	10768.00
834.00	11054.00
835.00	10870.00
836.00	10640.00
837.00	10096.00
838.00	9724.00
839.00	9167.00
840.00	8547.00
841.00	7990.00
842.00	7564.00
843.00	7041.00
844.00	6626.00
845.00	6319.00
846.00	6133.00
847.00	5823.00
848.00	5850.00
849.00	5551.00
850.00	5485.00
851.00	5438.00
852.00	5457.00
853.00	5434.00
854.00	5463.00
855.00	5406.00
856.00	5468.00
857.00	5440.00
858.00	5545.00
859.00	5380.00
860.00	5433.00
861.00	5558.00
862.00	5531.00
863.00	5410.00
864.00	5281.00
865.00	5371.00
866.00	5449.00
867.00	5525.00
868.00	5488.00
869.00	5636.00
870.00	5678.00
871.00	5585.00
872.00	5612.00
873.00	5802.00
874.00	5727.00
875.00	5674.00
876.00	5977.00
877.00	5880.00
878.00	6030.00
879.00	6041.00
880.00	6125.00
881.00	6179.00
882.00	6259.00
883.00	6359.00
884.00	6264.00
885.00	6378.00
886.00	6373.00
887.00	6551.00
888.00	6552.00
889.00	6669.00
890.00	6839.00
891.00	6643.00
892.00	6718.00
893.00	6904.00
894.00	6656.00
895.00	6821.00
896.00	6870.00
897.00	6920.00
898.00	6661.00
899.00	6741.00
900.00	6615.00
901.00	6709.00
902.00	6610.00
903.00	6623.00
904.00	6717.00
905.00	6532.00
906.00	6639.00
907.00	6727.00
908.00	6634.00
909.00	6872.00
910.00	6840.00
911.00	6775.00
912.00	6753.00
913.00	6763.00
914.00	6855.00
915.00	7181.00
916.00	7072.00
917.00	7333.00
918.00	7378.00
919.00	7538.00
920.00	7582.00
921.00	7548.00
922.00	7795.00
923.00	7719.00
924.00	7585.00
925.00	7658.00
926.00	7630.00
927.00	7716.00
928.00	7704.00
929.00	7572.00
930.00	7741.00
931.00	7432.00
932.00	7563.00
933.00	7384.00
934.00	7262.00
935.00	7281.00
936.00	7207.00
937.00	7052.00
938.00	7230.00
939.00	7037.00
940.00	7047.00
941.00	6940.00
942.00	6868.00
943.00	6885.00
944.00	6895.00
945.00	7006.00
946.00	6905.00
947.00	6868.00
948.00	6881.00
949.00	6723.00
950.00	6775.00
951.00	6891.00
952.00	6871.00
953.00	6757.00
954.00	6839.00
955.00	6803.00
956.00	6740.00
957.00	6718.00
958.00	6720.00
959.00	6731.00
960.00	6823.00
961.00	6729.00
962.00	6678.00
963.00	6688.00
964.00	6597.00
965.00	6723.00
966.00	6772.00
967.00	6822.00
968.00	6657.00
969.00	6720.00
970.00	6741.00
971.00	6733.00
972.00	6914.00
973.00	6784.00
974.00	6666.00
975.00	6781.00
976.00	6841.00
977.00	6888.00
978.00	6770.00
979.00	6804.00
980.00	6880.00
981.00	6774.00
982.00	6903.00
983.00	6793.00
984.00	6868.00
985.00	6842.00
986.00	6918.00
987.00	6862.00
988.00	6881.00
989.00	6888.00
990.00	6945.00
991.00	6950.00
992.00	6951.00
993.00	7151.00
994.00	7126.00
995.00	6870.00
996.00	6996.00
997.00	7027.00
998.00	6799.00
999.00	6977.00
1000.00	7002.00
1001.00	6999.00
1002.00	7056.00
1003.00	6978.00
1004.00	6983.00
1005.00	7019.00
1006.00	7154.00
1007.00	7211.00
1008.00	7422.00
1009.00	7418.00
1010.00	7442.00
1011.00	7446.00
1012.00	7692.00
1013.00	7642.00
1014.00	7636.00
1015.00	7523.00
1016.00	7947.00
1017.00	7804.00
1018.00	7792.00
1019.00	7620.00
1020.00	7601.00
1021.00	7548.00
1022.00	7540.00
1023.00	7676.00
1024.00	7472.00
1025.00	7362.00
1026.00	7218.00
1027.00	7151.00
1028.00	7052.00
1029.00	6998.00
1030.00	7072.00
1031.00	6892.00
1032.00	6897.00
1033.00	6872.00
1034.00	6824.00
1035.00	6866.00
1036.00	6913.00
1037.00	6985.00
1038.00	6892.00
1039.00	6909.00
1040.00	6768.00
1041.00	6989.00
1042.00	7000.00
1043.00	6991.00
1044.00	6951.00
1045.00	7027.00
1046.00	7024.00
1047.00	7268.00
1048.00	7025.00
1049.00	7255.00
1050.00	7218.00
1051.00	7309.00
1052.00	7168.00
1053.00	6988.00
1054.00	7081.00
1055.00	7073.00
1056.00	7198.00
1057.00	7354.00
1058.00	7185.00
1059.00	7341.00
1060.00	7315.00
1061.00	7381.00
1062.00	7174.00
1063.00	7302.00
1064.00	7164.00
1065.00	7150.00
1066.00	7249.00
1067.00	7242.00
1068.00	7173.00
1069.00	7242.00
1070.00	7293.00
1071.00	7320.00
1072.00	7243.00
1073.00	7317.00
1074.00	7478.00
1075.00	7297.00
1076.00	7137.00
1077.00	7317.00
1078.00	7367.00
1079.00	7530.00
1080.00	7309.00
1081.00	7307.00
1082.00	7364.00
1083.00	7442.00
1084.00	7417.00
1085.00	7481.00
1086.00	7264.00
1087.00	7516.00
1088.00	7410.00
1089.00	7506.00
1090.00	7436.00
1091.00	7414.00
1092.00	7606.00
1093.00	7572.00
1094.00	7348.00
1095.00	7458.00
1096.00	7422.00
1097.00	7432.00
1098.00	7475.00
1099.00	7470.00
1100.00	7518.00
1101.00	7454.00
1102.00	7466.00
1103.00	7580.00
1104.00	7495.00
1105.00	7367.00
1106.00	7465.00
1107.00	7563.00
1108.00	7578.00
1109.00	7434.00
1110.00	7599.00
1111.00	7424.00
1112.00	7632.00
1113.00	7422.00
1114.00	7594.00
1115.00	7447.00
1116.00	7503.00
1117.00	7511.00
1118.00	7442.00
1119.00	7482.00
1120.00	7520.00
1121.00	7435.00
1122.00	7442.00
1123.00	7492.00
1124.00	7493.00
1125.00	7399.00
1126.00	7598.00
1127.00	7437.00
1128.00	7461.00
1129.00	7434.00
1130.00	7310.00
1131.00	7389.00
1132.00	7622.00
1133.00	7395.00
1134.00	7548.00
1135.00	7329.00
1136.00	7524.00
1137.00	7498.00
1138.00	7381.00
1139.00	7493.00
1140.00	7559.00
1141.00	7549.00
1142.00	7565.00
1143.00	7643.00
1144.00	7668.00
1145.00	7568.00
1146.00	7613.00
1147.00	7611.00
1148.00	7550.00
1149.00	7575.00
1150.00	7536.00
1151.00	7700.00
1152.00	7608.00
1153.00	7484.00
1154.00	7461.00
1155.00	7544.00
1156.00	7360.00
1157.00	7524.00
1158.00	7378.00
1159.00	7434.00
1160.00	7475.00
1161.00	7357.00
1162.00	7276.00
1163.00	7349.00
1164.00	7184.00
1165.00	7197.00
1166.00	7116.00
1167.00	7265.00
1168.00	7314.00
1169.00	7194.00
1170.00	7346.00
1171.00	7219.00
1172.00	7299.00
1173.00	7289.00
1174.00	7291.00
1175.00	7315.00
1176.00	7344.00
1177.00	7281.00
1178.00	7311.00
1179.00	7437.00
1180.00	7232.00
1181.00	7417.00
1182.00	7476.00
1183.00	7250.00
1184.00	7373.00
1185.00	7473.00
1186.00	7388.00
1187.00	7457.00
1188.00	7563.00
1189.00	7392.00
1190.00	7466.00
1191.00	7403.00
1192.00	7491.00
1193.00	7389.00
1194.00	7529.00
1195.00	7478.00
1196.00	7461.00
1197.00	7323.00
1198.00	7328.00
1199.00	7340.00
1200.00	7452.00
1201.00	7554.00
1202.00	7456.00
1203.00	7332.00
1204.00	7478.00
1205.00	7497.00
1206.00	7558.00
1207.00	7560.00
1208.00	7734.00
1209.00	7617.00
1210.00	7774.00
1211.00	7591.00
1212.00	7687.00
1213.00	7880.00
1214.00	7790.00
1215.00	7895.00
1216.00	8095.00
1217.00	8009.00
1218.00	7917.00
1219.00	7936.00
1220.00	7948.00
1221.00	8083.00
1222.00	8013.00
1223.00	8144.00
1224.00	8189.00
1225.00	8229.00
1226.00	8151.00
1227.00	8187.00
1228.00	8268.00
1229.00	8207.00
1230.00	8245.00
1231.00	8357.00
1232.00	8386.00
1233.00	8392.00
1234.00	8425.00
1235.00	8381.00
1236.00	8263.00
1237.00	8367.00
1238.00	8406.00
1239.00	8246.00
1240.00	8134.00
1241.00	8016.00
1242.00	8048.00
1243.00	7884.00
1244.00	7827.00
1245.00	7892.00
1246.00	7729.00
1247.00	7703.00
1248.00	7682.00
1249.00	7664.00
1250.00	7585.00
1251.00	7514.00
1252.00	7717.00
1253.00	7518.00
1254.00	7667.00
1255.00	7696.00
1256.00	7439.00
1257.00	7606.00
1258.00	7598.00
1259.00	7656.00
1260.00	7438.00
1261.00	7474.00
1262.00	7480.00
1263.00	7392.00
1264.00	7524.00
1265.00	7447.00
1266.00	7428.00
1267.00	7462.00
1268.00	7521.00
1269.00	7574.00
1270.00	7573.00
1271.00	7577.00
1272.00	7639.00
1273.00	7875.00
1274.00	7827.00
1275.00	7806.00
1276.00	7902.00
1277.00	7859.00
1278.00	7959.00
1279.00	8273.00
1280.00	8362.00
1281.00	8457.00
1282.00	8450.00
1283.00	8467.00
1284.00	8657.00
1285.00	8721.00
1286.00	8926.00
1287.00	8941.00
1288.00	9102.00
1289.00	9140.00
1290.00	9033.00
1291.00	9186.00
1292.00	9112.00
1293.00	9234.00
1294.00	9117.00
1295.00	9036.00
1296.00	8949.00
1297.00	8843.00
1298.00	8703.00
1299.00	8500.00
1300.00	8485.00
1301.00	8159.00
1302.00	8106.00
1303.00	8037.00
1304.00	7938.00
1305.00	7771.00
1306.00	7593.00
1307.00	7548.00
1308.00	7606.00
1309.00	7507.00
1310.00	7393.00
1311.00	7398.00
1312.00	7400.00
1313.00	7437.00
1314.00	7404.00
1315.00	7306.00
1316.00	7205.00
1317.00	7264.00
1318.00	7251.00
1319.00	7244.00
1320.00	7386.00
1321.00	7132.00
1322.00	7204.00
1323.00	7303.00
1324.00	7397.00
1325.00	7083.00
1326.00	7120.00
1327.00	7264.00
1328.00	7266.00
1329.00	7161.00
1330.00	7293.00
1331.00	7235.00
1332.00	7087.00
1333.00	7140.00
1334.00	7112.00
1335.00	7254.00
1336.00	7124.00
1337.00	7192.00
1338.00	7227.00
1339.00	7309.00
1340.00	7206.00
1341.00	7192.00
1342.00	7299.00
1343.00	7095.00
1344.00	7163.00
1345.00	7304.00
1346.00	7274.00
1347.00	7250.00
1348.00	7338.00
1349.00	7417.00
1350.00	7482.00
1351.00	7316.00
1352.00	7614.00
1353.00	7646.00
1354.00	7643.00
1355.00	7620.00
1356.00	7905.00
1357.00	7804.00
1358.00	7991.00
1359.00	8082.00
1360.00	8021.00
1361.00	8004.00
1362.00	8323.00
1363.00	8197.00
1364.00	8368.00
1365.00	8221.00
1366.00	8123.00
1367.00	8027.00
1368.00	8083.00
1369.00	8085.00
1370.00	7850.00
1371.00	7741.00
1372.00	7570.00
1373.00	7703.00
1374.00	7318.00
1375.00	7325.00
1376.00	7213.00
1377.00	7130.00
1378.00	6982.00
1379.00	6951.00
1380.00	6894.00
1381.00	6795.00
1382.00	6714.00
1383.00	6680.00
1384.00	6518.00
1385.00	6701.00
1386.00	6465.00
1387.00	6637.00
1388.00	6499.00
1389.00	6340.00
1390.00	6681.00
1391.00	6413.00
1392.00	6578.00
1393.00	6360.00
1394.00	6486.00
1395.00	6521.00
1396.00	6401.00
1397.00	6538.00
1398.00	6342.00
1399.00	6329.00
1400.00	6266.00
1401.00	6380.00
1402.00	6491.00
1403.00	6347.00
1404.00	6251.00
1405.00	6461.00
1406.00	6433.00
1407.00	6383.00
1408.00	6266.00
1409.00	6288.00
1410.00	6360.00
1411.00	6385.00
1412.00	6368.00
1413.00	6243.00
1414.00	6343.00
1415.00	6268.00
1416.00	6405.00
1417.00	6161.00
1418.00	6295.00
1419.00	6346.00
1420.00	6274.00
1421.00	6306.00
1422.00	6312.00
1423.00	6406.00
1424.00	6362.00
1425.00	6335.00
1426.00	6309.00
1427.00	6373.00
1428.00	6463.00
1429.00	6390.00
1430.00	6342.00
1431.00	6343.00
1432.00	6530.00
1433.00	6680.00
1434.00	6521.00
1435.00	6655.00
1436.00	6669.00
1437.00	6740.00
1438.00	6750.00
1439.00	6712.00
1440.00	6703.00
1441.00	6684.00
1442.00	6799.00
1443.00	6636.00
1444.00	6702.00
1445.00	6691.00
1446.00	6688.00
1447.00	6638.00
1448.00	6769.00
1449.00	6570.00
1450.00	6590.00
1451.00	6484.00
1452.00	6353.00
1453.00	6368.00
1454.00	6130.00
1455.00	6309.00
1456.00	6276.00
1457.00	6187.00
1458.00	6098.00
1459.00	6047.00
1460.00	6088.00
1461.00	6033.00
1462.00	6188.00
1463.00	6009.00
1464.00	6060.00
1465.00	6062.00
1466.00	6075.00
1467.00	6077.00
1468.00	6031.00
1469.00	5930.00
1470.00	5932.00
1471.00	5896.00
1472.00	6033.00
1473.00	6121.00
1474.00	6160.00
1475.00	5918.00
1476.00	5966.00
1477.00	5953.00
1478.00	6026.00
1479.00	5846.00
1480.00	5879.00
1481.00	5979.00
1482.00	5944.00
1483.00	6137.00
1484.00	6124.00
1485.00	5902.00
1486.00	6030.00
1487.00	5869.00
1488.00	5921.00
1489.00	6054.00
1490.00	5969.00
1491.00	5976.00
1492.00	5924.00
1493.00	5932.00
1494.00	5917.00
1495.00	6025.00
1496.00	5977.00
1497.00	6013.00
1498.00	6134.00
1499.00	6073.00
1500.00	6067.00
1501.00	6131.00
1502.00	6192.00
1503.00	6310.00
1504.00	6316.00
1505.00	6395.00
1506.00	6306.00
1507.00	6517.00
1508.00	6612.00
1509.00	6725.00
1510.00	6587.00
1511.00	6797.00
1512.00	6924.00
1513.00	6993.00
1514.00	6906.00
1515.00	6981.00
1516.00	7072.00
1517.00	7236.00
1518.00	7168.00
1519.00	7161.00
1520.00	7148.00
1521.00	6997.00
1522.00	7176.00
1523.00	7209.00
1524.00	7169.00
1525.00	7171.00
1526.00	7133.00
1527.00	7098.00
1528.00	7055.00
1529.00	6947.00
1530.00	6842.00
1531.00	6823.00
1532.00	6739.00
1533.00	6740.00
1534.00	6644.00
1535.00	6683.00
1536.00	6573.00
1537.00	6646.00
1538.00	6533.00
1539.00	6431.00
1540.00	6581.00
1541.00	6606.00
1542.00	6681.00
1543.00	6667.00
1544.00	6670.00
1545.00	6769.00
1546.00	6810.00
1547.00	6771.00
1548.00	6745.00
1549.00	6756.00
1550.00	6747.00
1551.00	6985.00
1552.00	7118.00
1553.00	7273.00
1554.00	7287.00
1555.00	7455.00
1556.00	7260.00
1557.00	7457.00
1558.00	7666.00
1559.00	7845.00
1560.00	7636.00
1561.00	7962.00
1562.00	8025.00
1563.00	8389.00
1564.00	8241.00
1565.00	8520.00
1566.00	8665.00
1567.00	8753.00
1568.00	8810.00
1569.00	8807.00
1570.00	9173.00
1571.00	9181.00
1572.00	9356.00
1573.00	9699.00
1574.00	9574.00
1575.00	9596.00
1576.00	10150.00
1577.00	9829.00
1578.00	10161.00
1579.00	10138.00
1580.00	10360.00
1581.00	10303.00
1582.00	10285.00
1583.00	10345.00
1584.00	10531.00
1585.00	10621.00
1586.00	10530.00
1587.00	10726.00
1588.00	10622.00
1589.00	10645.00
1590.00	10664.00
1591.00	10639.00
1592.00	10610.00
1593.00	10521.00
1594.00	10424.00
1595.00	10163.00
1596.00	10207.00
1597.00	10040.00
1598.00	10238.00
1599.00	9925.00
1600.00	9852.00
1601.00	9947.00
1602.00	9695.00
1603.00	9699.00
1604.00	9415.00
1605.00	9350.00
1606.00	9193.00
1607.00	8992.00
1608.00	8862.00
1609.00	8775.00
1610.00	8598.00
1611.00	8526.00
1612.00	8181.00
1613.00	8153.00
1614.00	7956.00
1615.00	7915.00
1616.00	7481.00
1617.00	7415.00
1618.00	7333.00
1619.00	7266.00
1620.00	6911.00
1621.00	7091.00
1622.00	6839.00
1623.00	6785.00
1624.00	6807.00
1625.00	6475.00
1626.00	6322.00
1627.00	6274.00
1628.00	6020.00
1629.00	6131.00
1630.00	6120.00
1631.00	5975.00
1632.00	5751.00
1633.00	5912.00
1634.00	5640.00
1635.00	5738.00
1636.00	5535.00
1637.00	5448.00
1638.00	5439.00
1639.00	5448.00
1640.00	5381.00
1641.00	5299.00
1642.00	5202.00
1643.00	5288.00
1644.00	5138.00
1645.00	5084.00
1646.00	5105.00
1647.00	5019.00
1648.00	5129.00
1649.00	5060.00
1650.00	5016.00
1651.00	4988.00
1652.00	5033.00
1653.00	4955.00
1654.00	4928.00
1655.00	4915.00
1656.00	5012.00
1657.00	5143.00
1658.00	5047.00
1659.00	5050.00
1660.00	5034.00
1661.00	5310.00
1662.00	5468.00
1663.00	5532.00
1664.00	5754.00
1665.00	5741.00
1666.00	6057.00
1667.00	6175.00
1668.00	6444.00
1669.00	6617.00
1670.00	6772.00
1671.00	6975.00
1672.00	7292.00
1673.00	7660.00
1674.00	7745.00
1675.00	8015.00
1676.00	8331.00
1677.00	8445.00
1678.00	8673.00
1679.00	8732.00
1680.00	8918.00
1681.00	8934.00
1682.00	8824.00
1683.00	8942.00
1684.00	8924.00
1685.00	8667.00
1686.00	8364.00
1687.00	8351.00
1688.00	8319.00
1689.00	7862.00
1690.00	7775.00
1691.00	7422.00
1692.00	7071.00
1693.00	6891.00
1694.00	6555.00
1695.00	6211.00
1696.00	5924.00
1697.00	5784.00
1698.00	5435.00
1699.00	5292.00
1700.00	5040.00
1701.00	4817.00
1702.00	4638.00
1703.00	4539.00
1704.00	4331.00
1705.00	4432.00
1706.00	4158.00
1707.00	4152.00
1708.00	4184.00
1709.00	4181.00
1710.00	4104.00
1711.00	4011.00
1712.00	4010.00
1713.00	4041.00
1714.00	3966.00
1715.00	3926.00
1716.00	3832.00
1717.00	3845.00
1718.00	3825.00
1719.00	3803.00
1720.00	3806.00
1721.00	3851.00
1722.00	3797.00
1723.00	3726.00
1724.00	3695.00
1725.00	3802.00
1726.00	3769.00
1727.00	3847.00
1728.00	3780.00
1729.00	3759.00
1730.00	3737.00
1731.00	3869.00
1732.00	3800.00
1733.00	3642.00
1734.00	3771.00
1735.00	3868.00
1736.00	3802.00
1737.00	3718.00
1738.00	3773.00
1739.00	3837.00
1740.00	3779.00
1741.00	3821.00
1742.00	3965.00
1743.00	3974.00
1744.00	3955.00
1745.00	3748.00
1746.00	3897.00
1747.00	3804.00
1748.00	3873.00
1749.00	3920.00
1750.00	3876.00
1751.00	3865.00
1752.00	3863.00
1753.00	3824.00
1754.00	3944.00
1755.00	4025.00
1756.00	3990.00
1757.00	4024.00
1758.00	3903.00
1759.00	3955.00
1760.00	3983.00
1761.00	3937.00
1762.00	4084.00
1763.00	3981.00
1764.00	3949.00
1765.00	4049.00
1766.00	3969.00
1767.00	4040.00
1768.00	3992.00
1769.00	4060.00
1770.00	4027.00
1771.00	3940.00
1772.00	3964.00
1773.00	3936.00
1774.00	3959.00
1775.00	3882.00
1776.00	3962.00
1777.00	3940.00
1778.00	3937.00
1779.00	3776.00
1780.00	3755.00
1781.00	3861.00
1782.00	3742.00
1783.00	3777.00
1784.00	3803.00
1785.00	3764.00
1786.00	3564.00
1787.00	3695.00
1788.00	3662.00
1789.00	3651.00
1790.00	3731.00
1791.00	3608.00
1792.00	3483.00
1793.00	3493.00
1794.00	3634.00
1795.00	3467.00
1796.00	3334.00
1797.00	3317.00
1798.00	3282.00
1799.00	3344.00
1800.00	3247.00
1801.00	3212.00
1802.00	3121.00
1803.00	3271.00
1804.00	3102.00
1805.00	3087.00
1806.00	3086.00
1807.00	3045.00
1808.00	2951.00
1809.00	3000.00
1810.00	2807.00
1811.00	2999.00
1812.00	2932.00
1813.00	2859.00
1814.00	2766.00
1815.00	2739.00
1816.00	2767.00
1817.00	2711.00
1818.00	2538.00
1819.00	2687.00
1820.00	2641.00
1821.00	2642.00
1822.00	2519.00
1823.00	2515.00
1824.00	2598.00
1825.00	2645.00
1826.00	2529.00
1827.00	2514.00
1828.00	2480.00
1829.00	2439.00
1830.00	2409.00
1831.00	2421.00
1832.00	2398.00
1833.00	2284.00
1834.00	2329.00
1835.00	2331.00
1836.00	2319.00
1837.00	2260.00
1838.00	2212.00
1839.00	2309.00
1840.00	2244.00
1841.00	2210.00
1842.00	2201.00
1843.00	2098.00
1844.00	2120.00
1845.00	2064.00
1846.00	2168.00
1847.00	2166.00
1848.00	2138.00
1849.00	2157.00
1850.00	1998.00
1851.00	2042.00
1852.00	2013.00
1853.00	2061.00
1854.00	1995.00
1855.00	2099.00
1856.00	2031.00
1857.00	2057.00
1858.00	2013.00
1859.00	1949.00
1860.00	1952.00
1861.00	1939.00
1862.00	2035.00
1863.00	1884.00
1864.00	1896.00
1865.00	1888.00
1866.00	1981.00
1867.00	2017.00
1868.00	1900.00
1869.00	1940.00
1870.00	1924.00
1871.00	1975.00
1872.00	2058.00
1873.00	1995.00
1874.00	2001.00
1875.00	2044.00
1876.00	2032.00
1877.00	2054.00
1878.00	2091.00
1879.00	2121.00
1880.00	2129.00
1881.00	2188.00
1882.00	2222.00
1883.00	2318.00
1884.00	2297.00
1885.00	2250.00
1886.00	2326.00
1887.00	2298.00
1888.00	2369.00
1889.00	2357.00
1890.00	2373.00
1891.00	2267.00
1892.00	2349.00
1893.00	2260.00
1894.00	2241.00
1895.00	2182.00
1896.00	2180.00
1897.00	2122.00
1898.00	2045.00
1899.00	2070.00
1900.00	2054.00
1901.00	2003.00
1902.00	1941.00
1903.00	1902.00
1904.00	1843.00
1905.00	1776.00
1906.00	1792.00
1907.00	1756.00
1908.00	1759.00
1909.00	1702.00
1910.00	1753.00
1911.00	1684.00
1912.00	1609.00
1913.00	1611.00
1914.00	1497.00
1915.00	1647.00
1916.00	1645.00
1917.00	1636.00
1918.00	1615.00
1919.00	1623.00
1920.00	1521.00
1921.00	1617.00
1922.00	1589.00
1923.00	1560.00
1924.00	1489.00
1925.00	1538.00
1926.00	1518.00
1927.00	1510.00
1928.00	1547.00
1929.00	1467.00
1930.00	1489.00
1931.00	1445.00
1932.00	1416.00
1933.00	1418.00
1934.00	1396.00
1935.00	1418.00
1936.00	1435.00
1937.00	1350.00
1938.00	1348.00
1939.00	1346.00
1940.00	1398.00
1941.00	1341.00
1942.00	1304.00
1943.00	1328.00
1944.00	1212.00
1945.00	1266.00
1946.00	1275.00
1947.00	1234.00
1948.00	1269.00
1949.00	1279.00
1950.00	1299.00
1951.00	1175.00
1952.00	1230.00
1953.00	1189.00
1954.00	1249.00
1955.00	1211.00
1956.00	1198.00
1957.00	1211.00
1958.00	1163.00
1959.00	1212.00
1960.00	1127.00
1961.00	1147.00
1962.00	1148.00
1963.00	1195.00
1964.00	1163.00
1965.00	1151.00
1966.00	1145.00
1967.00	1229.00
1968.00	1161.00
1969.00	1193.00
1970.00	1141.00
1971.00	1131.00
1972.00	1109.00
1973.00	1151.00
1974.00	1167.00
1975.00	1083.00
1976.00	1136.00
1977.00	1071.00
1978.00	1139.00
1979.00	1037.00
1980.00	1037.00
1981.00	1065.00
1982.00	1058.00
1983.00	1019.00
1984.00	1077.00
1985.00	1024.00
1986.00	1013.00
1987.00	1033.00
1988.00	1080.00
1989.00	1020.00
1990.00	1037.00
1991.00	1034.00
1992.00	1013.00
1993.00	1029.00
1994.00	1026.00
1995.00	990.00
1996.00	1001.00
1997.00	1044.00
1998.00	1002.00
1999.00	921.00
2000.00	956.00
2001.00	996.00
2002.00	959.00
2003.00	994.00
2004.00	912.00
2005.00	963.00
2006.00	991.00
2007.00	951.00
2008.00	967.00
2009.00	903.00
2010.00	909.00
2011.00	882.00
2012.00	880.00
2013.00	886.00
2014.00	865.00
2015.00	932.00
2016.00	920.00
2017.00	858.00
2018.00	852.00
2019.00	838.00
2020.00	842.00
2021.00	832.00
2022.00	835.00
2023.00	769.00
2024.00	840.00
2025.00	819.00
2026.00	804.00
2027.00	858.00
2028.00	808.00
2029.00	813.00
2030.00	834.00
2031.00	884.00
2032.00	858.00
2033.00	788.00
2034.00	843.00
2035.00	777.00
2036.00	755.00
2037.00	763.00
2038.00	726.00
2039.00	818.00
2040.00	724.00
2041.00	743.00
2042.00	713.00
2043.00	752.00
2044.00	727.00
2045.00	756.00
2046.00	708.00
2047.00	731.00
2048.00	 0.00
