Date:	2023-09-18		
Time:	20:25		
Sample name:	Pellets		
Position:	637.600011	mm	
Sample surface:	5.992237	cm	
Tube anode:	Mo		
Tube voltage:	30	kV	
Tube current:	50	mA	
Comments	not in position		
Gain	5.810000		
peaking_time	0.300000	m-sec	
trigger_threshold	30.000000	V	
mca_bin_width	2.000000	no:	
number_mca_channels	2048.000000	no:	
gap_time	0.100000	m-sec	
trigger_peaking_time	0.050000	m-sec	
livetime	17.185694	seconds	
runtime	20.000190	seconds	
input_count_rate	118288.092722	cps	
output_count_rate	101642.184399	cps	
triggers	2279658.000000	seconds	
events_in_run	2022546.000000	seconds	
channel	content		
 1.00	 0.00
 2.00	 0.00
 3.00	 0.00
 4.00	 0.00
 5.00	 0.00
 6.00	 0.00
 7.00	 0.00
 8.00	 0.00
 9.00	 0.00
10.00	 0.00
11.00	 0.00
12.00	 0.00
13.00	 0.00
14.00	 0.00
15.00	 0.00
16.00	 0.00
17.00	 0.00
18.00	 0.00
19.00	 0.00
20.00	 0.00
21.00	 0.00
22.00	 0.00
23.00	 0.00
24.00	 0.00
25.00	 0.00
26.00	 0.00
27.00	 0.00
28.00	 0.00
29.00	 0.00
30.00	 0.00
31.00	 0.00
32.00	 0.00
33.00	 2.00
34.00	 5.00
35.00	 3.00
36.00	10.00
37.00	15.00
38.00	20.00
39.00	26.00
40.00	29.00
41.00	47.00
42.00	81.00
43.00	94.00
44.00	124.00
45.00	131.00
46.00	153.00
47.00	164.00
48.00	190.00
49.00	186.00
50.00	228.00
51.00	255.00
52.00	257.00
53.00	293.00
54.00	288.00
55.00	292.00
56.00	319.00
57.00	314.00
58.00	301.00
59.00	386.00
60.00	355.00
61.00	340.00
62.00	353.00
63.00	365.00
64.00	398.00
65.00	400.00
66.00	358.00
67.00	380.00
68.00	374.00
69.00	325.00
70.00	369.00
71.00	386.00
72.00	363.00
73.00	363.00
74.00	364.00
75.00	411.00
76.00	399.00
77.00	338.00
78.00	377.00
79.00	369.00
80.00	369.00
81.00	368.00
82.00	390.00
83.00	385.00
84.00	361.00
85.00	390.00
86.00	346.00
87.00	340.00
88.00	333.00
89.00	322.00
90.00	330.00
91.00	338.00
92.00	349.00
93.00	339.00
94.00	343.00
95.00	335.00
96.00	306.00
97.00	308.00
98.00	354.00
99.00	301.00
100.00	329.00
101.00	321.00
102.00	271.00
103.00	307.00
104.00	323.00
105.00	302.00
106.00	289.00
107.00	304.00
108.00	315.00
109.00	257.00
110.00	265.00
111.00	276.00
112.00	258.00
113.00	277.00
114.00	268.00
115.00	286.00
116.00	267.00
117.00	276.00
118.00	271.00
119.00	261.00
120.00	286.00
121.00	300.00
122.00	249.00
123.00	232.00
124.00	232.00
125.00	255.00
126.00	258.00
127.00	217.00
128.00	227.00
129.00	207.00
130.00	199.00
131.00	199.00
132.00	174.00
133.00	209.00
134.00	209.00
135.00	223.00
136.00	243.00
137.00	298.00
138.00	388.00
139.00	446.00
140.00	569.00
141.00	707.00
142.00	864.00
143.00	956.00
144.00	1004.00
145.00	1026.00
146.00	1018.00
147.00	965.00
148.00	831.00
149.00	711.00
150.00	646.00
151.00	594.00
152.00	555.00
153.00	470.00
154.00	473.00
155.00	451.00
156.00	391.00
157.00	383.00
158.00	448.00
159.00	574.00
160.00	852.00
161.00	1489.00
162.00	2509.00
163.00	3952.00
164.00	6010.00
165.00	8263.00
166.00	10670.00
167.00	13050.00
168.00	14327.00
169.00	15180.00
170.00	14904.00
171.00	12962.00
172.00	11114.00
173.00	8670.00
174.00	6391.00
175.00	4377.00
176.00	3081.00
177.00	2206.00
178.00	1582.00
179.00	1193.00
180.00	985.00
181.00	817.00
182.00	650.00
183.00	500.00
184.00	446.00
185.00	397.00
186.00	386.00
187.00	353.00
188.00	376.00
189.00	369.00
190.00	348.00
191.00	355.00
192.00	337.00
193.00	293.00
194.00	339.00
195.00	293.00
196.00	307.00
197.00	269.00
198.00	267.00
199.00	232.00
200.00	214.00
201.00	219.00
202.00	202.00
203.00	161.00
204.00	163.00
205.00	166.00
206.00	194.00
207.00	168.00
208.00	175.00
209.00	193.00
210.00	150.00
211.00	180.00
212.00	172.00
213.00	204.00
214.00	170.00
215.00	197.00
216.00	189.00
217.00	183.00
218.00	245.00
219.00	251.00
220.00	248.00
221.00	299.00
222.00	301.00
223.00	303.00
224.00	323.00
225.00	271.00
226.00	298.00
227.00	268.00
228.00	242.00
229.00	249.00
230.00	215.00
231.00	193.00
232.00	195.00
233.00	198.00
234.00	167.00
235.00	178.00
236.00	175.00
237.00	171.00
238.00	191.00
239.00	177.00
240.00	171.00
241.00	175.00
242.00	164.00
243.00	168.00
244.00	179.00
245.00	178.00
246.00	170.00
247.00	170.00
248.00	168.00
249.00	177.00
250.00	173.00
251.00	186.00
252.00	180.00
253.00	177.00
254.00	176.00
255.00	188.00
256.00	174.00
257.00	192.00
258.00	175.00
259.00	207.00
260.00	199.00
261.00	194.00
262.00	211.00
263.00	213.00
264.00	241.00
265.00	239.00
266.00	279.00
267.00	281.00
268.00	282.00
269.00	233.00
270.00	272.00
271.00	266.00
272.00	251.00
273.00	234.00
274.00	221.00
275.00	238.00
276.00	272.00
277.00	332.00
278.00	394.00
279.00	513.00
280.00	652.00
281.00	860.00
282.00	1227.00
283.00	1411.00
284.00	1651.00
285.00	1823.00
286.00	2046.00
287.00	2101.00
288.00	2007.00
289.00	1778.00
290.00	1593.00
291.00	1317.00
292.00	1025.00
293.00	783.00
294.00	587.00
295.00	431.00
296.00	361.00
297.00	256.00
298.00	247.00
299.00	214.00
300.00	226.00
301.00	213.00
302.00	244.00
303.00	249.00
304.00	320.00
305.00	379.00
306.00	399.00
307.00	518.00
308.00	663.00
309.00	876.00
310.00	1185.00
311.00	1790.00
312.00	2399.00
313.00	3445.00
314.00	5068.00
315.00	6843.00
316.00	8993.00
317.00	11306.00
318.00	13644.00
319.00	15355.00
320.00	16896.00
321.00	17443.00
322.00	17116.00
323.00	15862.00
324.00	14093.00
325.00	11726.00
326.00	9446.00
327.00	7324.00
328.00	5258.00
329.00	3763.00
330.00	2442.00
331.00	1667.00
332.00	1018.00
333.00	724.00
334.00	558.00
335.00	390.00
336.00	417.00
337.00	415.00
338.00	476.00
339.00	653.00
340.00	859.00
341.00	1069.00
342.00	1417.00
343.00	1756.00
344.00	2120.00
345.00	2539.00
346.00	2988.00
347.00	3516.00
348.00	4189.00
349.00	4860.00
350.00	5811.00
351.00	6887.00
352.00	8107.00
353.00	9291.00
354.00	10782.00
355.00	12141.00
356.00	13070.00
357.00	13352.00
358.00	13514.00
359.00	12813.00
360.00	11319.00
361.00	9788.00
362.00	8133.00
363.00	6396.00
364.00	4809.00
365.00	3588.00
366.00	2439.00
367.00	1685.00
368.00	1142.00
369.00	760.00
370.00	534.00
371.00	403.00
372.00	337.00
373.00	299.00
374.00	289.00
375.00	269.00
376.00	348.00
377.00	370.00
378.00	488.00
379.00	544.00
380.00	674.00
381.00	885.00
382.00	1005.00
383.00	1262.00
384.00	1546.00
385.00	1748.00
386.00	1893.00
387.00	2125.00
388.00	2218.00
389.00	2128.00
390.00	2085.00
391.00	1915.00
392.00	1744.00
393.00	1539.00
394.00	1358.00
395.00	1165.00
396.00	862.00
397.00	752.00
398.00	600.00
399.00	570.00
400.00	439.00
401.00	443.00
402.00	413.00
403.00	354.00
404.00	340.00
405.00	331.00
406.00	309.00
407.00	326.00
408.00	315.00
409.00	305.00
410.00	297.00
411.00	318.00
412.00	360.00
413.00	326.00
414.00	368.00
415.00	342.00
416.00	389.00
417.00	400.00
418.00	461.00
419.00	478.00
420.00	609.00
421.00	612.00
422.00	823.00
423.00	1053.00
424.00	1420.00
425.00	1909.00
426.00	2655.00
427.00	3654.00
428.00	5037.00
429.00	6296.00
430.00	8147.00
431.00	9951.00
432.00	11583.00
433.00	13524.00
434.00	14891.00
435.00	15574.00
436.00	16339.00
437.00	15861.00
438.00	15266.00
439.00	13890.00
440.00	12308.00
441.00	10479.00
442.00	8634.00
443.00	7203.00
444.00	5791.00
445.00	4691.00
446.00	3993.00
447.00	3458.00
448.00	3048.00
449.00	2842.00
450.00	2620.00
451.00	2472.00
452.00	2435.00
453.00	2109.00
454.00	1919.00
455.00	1760.00
456.00	1562.00
457.00	1426.00
458.00	1269.00
459.00	1292.00
460.00	1270.00
461.00	1346.00
462.00	1419.00
463.00	1631.00
464.00	1717.00
465.00	1896.00
466.00	2054.00
467.00	2345.00
468.00	2589.00
469.00	2674.00
470.00	2893.00
471.00	3137.00
472.00	3551.00
473.00	3755.00
474.00	3975.00
475.00	4212.00
476.00	4303.00
477.00	4375.00
478.00	4368.00
479.00	3995.00
480.00	3726.00
481.00	3472.00
482.00	3100.00
483.00	2661.00
484.00	2262.00
485.00	1987.00
486.00	1628.00
487.00	1409.00
488.00	1238.00
489.00	1094.00
490.00	1052.00
491.00	961.00
492.00	874.00
493.00	975.00
494.00	941.00
495.00	951.00
496.00	1073.00
497.00	1078.00
498.00	1150.00
499.00	1146.00
500.00	1202.00
501.00	1266.00
502.00	1287.00
503.00	1275.00
504.00	1275.00
505.00	1332.00
506.00	1352.00
507.00	1372.00
508.00	1440.00
509.00	1581.00
510.00	1514.00
511.00	1562.00
512.00	1636.00
513.00	1696.00
514.00	1616.00
515.00	1845.00
516.00	1900.00
517.00	1931.00
518.00	2033.00
519.00	2174.00
520.00	2333.00
521.00	2409.00
522.00	2464.00
523.00	2461.00
524.00	2494.00
525.00	2434.00
526.00	2412.00
527.00	2348.00
528.00	2218.00
529.00	2157.00
530.00	2068.00
531.00	1913.00
532.00	1924.00
533.00	1869.00
534.00	1824.00
535.00	1865.00
536.00	1858.00
537.00	1855.00
538.00	1807.00
539.00	1938.00
540.00	1895.00
541.00	1949.00
542.00	1904.00
543.00	1896.00
544.00	1993.00
545.00	1999.00
546.00	1866.00
547.00	1995.00
548.00	1964.00
549.00	2031.00
550.00	2066.00
551.00	2103.00
552.00	2094.00
553.00	2268.00
554.00	2488.00
555.00	2770.00
556.00	3087.00
557.00	3745.00
558.00	4702.00
559.00	5941.00
560.00	7398.00
561.00	9419.00
562.00	12091.00
563.00	14262.00
564.00	17480.00
565.00	20227.00
566.00	23049.00
567.00	25236.00
568.00	27478.00
569.00	28512.00
570.00	28717.00
571.00	28151.00
572.00	26746.00
573.00	24377.00
574.00	22110.00
575.00	18756.00
576.00	16149.00
577.00	13112.00
578.00	10731.00
579.00	8524.00
580.00	6752.00
581.00	5122.00
582.00	4238.00
583.00	3432.00
584.00	2996.00
585.00	2608.00
586.00	2521.00
587.00	2407.00
588.00	2369.00
589.00	2356.00
590.00	2592.00
591.00	2653.00
592.00	2678.00
593.00	2853.00
594.00	2949.00
595.00	3262.00
596.00	3609.00
597.00	3915.00
598.00	4608.00
599.00	5583.00
600.00	7083.00
601.00	9416.00
602.00	13008.00
603.00	18179.00
604.00	25862.00
605.00	37343.00
606.00	52275.00
607.00	71971.00
608.00	97957.00
609.00	130368.00
610.00	169532.00
611.00	212883.00
612.00	261291.00
613.00	311083.00
614.00	360279.00
615.00	404324.00
616.00	441175.00
617.00	468909.00
618.00	480320.00
619.00	479671.00
620.00	462045.00
621.00	434773.00
622.00	395032.00
623.00	348791.00
624.00	299370.00
625.00	249842.00
626.00	202361.00
627.00	158682.00
628.00	122406.00
629.00	91272.00
630.00	66622.00
631.00	48104.00
632.00	34402.00
633.00	24195.00
634.00	16909.00
635.00	12139.00
636.00	8956.00
637.00	6861.00
638.00	5675.00
639.00	4667.00
640.00	4058.00
641.00	3875.00
642.00	3632.00
643.00	3536.00
644.00	3524.00
645.00	3404.00
646.00	3529.00
647.00	3478.00
648.00	3552.00
649.00	3619.00
650.00	3605.00
651.00	3711.00
652.00	3843.00
653.00	3821.00
654.00	3925.00
655.00	4111.00
656.00	4056.00
657.00	4282.00
658.00	4535.00
659.00	4642.00
660.00	4903.00
661.00	5083.00
662.00	5503.00
663.00	5896.00
664.00	6581.00
665.00	7281.00
666.00	8498.00
667.00	9984.00
668.00	11706.00
669.00	14516.00
670.00	18061.00
671.00	21984.00
672.00	26787.00
673.00	32719.00
674.00	38998.00
675.00	45937.00
676.00	53651.00
677.00	60202.00
678.00	66449.00
679.00	71220.00
680.00	75154.00
681.00	76770.00
682.00	76735.00
683.00	74803.00
684.00	70376.00
685.00	65767.00
686.00	58794.00
687.00	51426.00
688.00	43961.00
689.00	37249.00
690.00	30308.00
691.00	24556.00
692.00	19201.00
693.00	15042.00
694.00	11665.00
695.00	8963.00
696.00	7201.00
697.00	5717.00
698.00	4668.00
699.00	4162.00
700.00	3701.00
701.00	3386.00
702.00	3309.00
703.00	3293.00
704.00	3198.00
705.00	3344.00
706.00	3354.00
707.00	3427.00
708.00	3498.00
709.00	3532.00
710.00	3639.00
711.00	3776.00
712.00	4057.00
713.00	4233.00
714.00	4393.00
715.00	4440.00
716.00	4865.00
717.00	4882.00
718.00	5027.00
719.00	5169.00
720.00	5337.00
721.00	5428.00
722.00	5323.00
723.00	5419.00
724.00	5123.00
725.00	5089.00
726.00	4976.00
727.00	4775.00
728.00	4401.00
729.00	4292.00
730.00	4193.00
731.00	4030.00
732.00	3737.00
733.00	3679.00
734.00	3564.00
735.00	3452.00
736.00	3324.00
737.00	3336.00
738.00	3265.00
739.00	3258.00
740.00	3254.00
741.00	3262.00
742.00	3202.00
743.00	3222.00
744.00	3107.00
745.00	3079.00
746.00	3117.00
747.00	3045.00
748.00	3111.00
749.00	3147.00
750.00	3079.00
751.00	3152.00
752.00	3115.00
753.00	3138.00
754.00	3099.00
755.00	3182.00
756.00	3203.00
757.00	3241.00
758.00	3315.00
759.00	3399.00
760.00	3451.00
761.00	3499.00
762.00	3518.00
763.00	3624.00
764.00	3742.00
765.00	3921.00
766.00	4045.00
767.00	4152.00
768.00	4251.00
769.00	4498.00
770.00	4723.00
771.00	4811.00
772.00	4892.00
773.00	5237.00
774.00	5238.00
775.00	5447.00
776.00	5323.00
777.00	5471.00
778.00	5635.00
779.00	5608.00
780.00	5510.00
781.00	5681.00
782.00	5779.00
783.00	5445.00
784.00	5586.00
785.00	5393.00
786.00	5445.00
787.00	5311.00
788.00	5253.00
789.00	5367.00
790.00	5472.00
791.00	5396.00
792.00	5382.00
793.00	5578.00
794.00	5665.00
795.00	5701.00
796.00	5669.00
797.00	5726.00
798.00	5740.00
799.00	5666.00
800.00	5767.00
801.00	5764.00
802.00	5730.00
803.00	5948.00
804.00	5828.00
805.00	5911.00
806.00	5861.00
807.00	5733.00
808.00	5950.00
809.00	5838.00
810.00	5813.00
811.00	5855.00
812.00	5817.00
813.00	5775.00
814.00	5629.00
815.00	5682.00
816.00	5689.00
817.00	5963.00
818.00	5917.00
819.00	6043.00
820.00	6195.00
821.00	6415.00
822.00	6801.00
823.00	7192.00
824.00	7840.00
825.00	8230.00
826.00	8653.00
827.00	9437.00
828.00	9860.00
829.00	10529.00
830.00	10823.00
831.00	11409.00
832.00	11613.00
833.00	11611.00
834.00	11644.00
835.00	11570.00
836.00	11376.00
837.00	10882.00
838.00	10487.00
839.00	9778.00
840.00	8993.00
841.00	8672.00
842.00	7852.00
843.00	7595.00
844.00	7110.00
845.00	6718.00
846.00	6499.00
847.00	6182.00
848.00	5977.00
849.00	5949.00
850.00	5642.00
851.00	5716.00
852.00	5714.00
853.00	5579.00
854.00	5671.00
855.00	5696.00
856.00	5606.00
857.00	5616.00
858.00	5671.00
859.00	5723.00
860.00	5823.00
861.00	5685.00
862.00	5623.00
863.00	5881.00
864.00	5688.00
865.00	5845.00
866.00	5844.00
867.00	5775.00
868.00	5800.00
869.00	5760.00
870.00	5863.00
871.00	5900.00
872.00	5843.00
873.00	5890.00
874.00	5903.00
875.00	5884.00
876.00	5978.00
877.00	6072.00
878.00	6321.00
879.00	6055.00
880.00	6187.00
881.00	6244.00
882.00	6304.00
883.00	6408.00
884.00	6451.00
885.00	6701.00
886.00	6570.00
887.00	6564.00
888.00	6853.00
889.00	6970.00
890.00	6840.00
891.00	6850.00
892.00	6927.00
893.00	6822.00
894.00	6824.00
895.00	7146.00
896.00	6769.00
897.00	6962.00
898.00	6965.00
899.00	7026.00
900.00	7016.00
901.00	6922.00
902.00	6864.00
903.00	6975.00
904.00	7063.00
905.00	6915.00
906.00	6947.00
907.00	6974.00
908.00	7065.00
909.00	7087.00
910.00	7135.00
911.00	7316.00
912.00	7352.00
913.00	7343.00
914.00	7310.00
915.00	7454.00
916.00	7670.00
917.00	7701.00
918.00	7752.00
919.00	7938.00
920.00	7942.00
921.00	8180.00
922.00	8115.00
923.00	8163.00
924.00	8364.00
925.00	8136.00
926.00	8104.00
927.00	8022.00
928.00	8190.00
929.00	7930.00
930.00	8051.00
931.00	7850.00
932.00	7854.00
933.00	7806.00
934.00	7538.00
935.00	7478.00
936.00	7447.00
937.00	7497.00
938.00	7472.00
939.00	7358.00
940.00	7408.00
941.00	7319.00
942.00	7287.00
943.00	7131.00
944.00	7154.00
945.00	7094.00
946.00	7161.00
947.00	7015.00
948.00	7111.00
949.00	7150.00
950.00	7170.00
951.00	7185.00
952.00	7129.00
953.00	7091.00
954.00	7163.00
955.00	7044.00
956.00	7076.00
957.00	7148.00
958.00	7241.00
959.00	7108.00
960.00	7135.00
961.00	7051.00
962.00	7088.00
963.00	7304.00
964.00	7283.00
965.00	7187.00
966.00	7225.00
967.00	7157.00
968.00	7220.00
969.00	7204.00
970.00	7070.00
971.00	7280.00
972.00	7053.00
973.00	7222.00
974.00	7278.00
975.00	7177.00
976.00	7203.00
977.00	6987.00
978.00	7314.00
979.00	7320.00
980.00	7285.00
981.00	7330.00
982.00	7263.00
983.00	7163.00
984.00	7358.00
985.00	7207.00
986.00	7372.00
987.00	7284.00
988.00	7420.00
989.00	7489.00
990.00	7474.00
991.00	7390.00
992.00	7462.00
993.00	7260.00
994.00	7497.00
995.00	7259.00
996.00	7394.00
997.00	7316.00
998.00	7267.00
999.00	7544.00
1000.00	7537.00
1001.00	7592.00
1002.00	7633.00
1003.00	7473.00
1004.00	7755.00
1005.00	7721.00
1006.00	7867.00
1007.00	7995.00
1008.00	7899.00
1009.00	8008.00
1010.00	8097.00
1011.00	8304.00
1012.00	8213.00
1013.00	8185.00
1014.00	8309.00
1015.00	8405.00
1016.00	8363.00
1017.00	8399.00
1018.00	8501.00
1019.00	8344.00
1020.00	8272.00
1021.00	8424.00
1022.00	8211.00
1023.00	8218.00
1024.00	8009.00
1025.00	7929.00
1026.00	7843.00
1027.00	7932.00
1028.00	7579.00
1029.00	7758.00
1030.00	7498.00
1031.00	7357.00
1032.00	7377.00
1033.00	7457.00
1034.00	7456.00
1035.00	7468.00
1036.00	7303.00
1037.00	7460.00
1038.00	7447.00
1039.00	7486.00
1040.00	7511.00
1041.00	7357.00
1042.00	7479.00
1043.00	7434.00
1044.00	7512.00
1045.00	7491.00
1046.00	7544.00
1047.00	7598.00
1048.00	7629.00
1049.00	7668.00
1050.00	7569.00
1051.00	7410.00
1052.00	7594.00
1053.00	7731.00
1054.00	7692.00
1055.00	7609.00
1056.00	7560.00
1057.00	7661.00
1058.00	7647.00
1059.00	7616.00
1060.00	7723.00
1061.00	7620.00
1062.00	7528.00
1063.00	7519.00
1064.00	7746.00
1065.00	7663.00
1066.00	7750.00
1067.00	7643.00
1068.00	7833.00
1069.00	7735.00
1070.00	7657.00
1071.00	7715.00
1072.00	7727.00
1073.00	7730.00
1074.00	7813.00
1075.00	7789.00
1076.00	7835.00
1077.00	7974.00
1078.00	8029.00
1079.00	7889.00
1080.00	7773.00
1081.00	7996.00
1082.00	8058.00
1083.00	7944.00
1084.00	7886.00
1085.00	8030.00
1086.00	7859.00
1087.00	7986.00
1088.00	8069.00
1089.00	8070.00
1090.00	8179.00
1091.00	8154.00
1092.00	7941.00
1093.00	8090.00
1094.00	8040.00
1095.00	8185.00
1096.00	8136.00
1097.00	8126.00
1098.00	7997.00
1099.00	8131.00
1100.00	8124.00
1101.00	8073.00
1102.00	8143.00
1103.00	8024.00
1104.00	8004.00
1105.00	8181.00
1106.00	8242.00
1107.00	8236.00
1108.00	8018.00
1109.00	8245.00
1110.00	8016.00
1111.00	8052.00
1112.00	8095.00
1113.00	8091.00
1114.00	8054.00
1115.00	8127.00
1116.00	8141.00
1117.00	7932.00
1118.00	8112.00
1119.00	8124.00
1120.00	8176.00
1121.00	8206.00
1122.00	8159.00
1123.00	8004.00
1124.00	8174.00
1125.00	8199.00
1126.00	8106.00
1127.00	8102.00
1128.00	8080.00
1129.00	8108.00
1130.00	8167.00
1131.00	8257.00
1132.00	8105.00
1133.00	8298.00
1134.00	8135.00
1135.00	8208.00
1136.00	8126.00
1137.00	8191.00
1138.00	8149.00
1139.00	8221.00
1140.00	8257.00
1141.00	8334.00
1142.00	8193.00
1143.00	8329.00
1144.00	8120.00
1145.00	8312.00
1146.00	8366.00
1147.00	8273.00
1148.00	8463.00
1149.00	8343.00
1150.00	8304.00
1151.00	8315.00
1152.00	8394.00
1153.00	8140.00
1154.00	8235.00
1155.00	8113.00
1156.00	8197.00
1157.00	8099.00
1158.00	8070.00
1159.00	8215.00
1160.00	8196.00
1161.00	7949.00
1162.00	8042.00
1163.00	7985.00
1164.00	7962.00
1165.00	7933.00
1166.00	7915.00
1167.00	7953.00
1168.00	8074.00
1169.00	7919.00
1170.00	7980.00
1171.00	8101.00
1172.00	7996.00
1173.00	7895.00
1174.00	7877.00
1175.00	8101.00
1176.00	7947.00
1177.00	8064.00
1178.00	8028.00
1179.00	8054.00
1180.00	8041.00
1181.00	8180.00
1182.00	8025.00
1183.00	8033.00
1184.00	8193.00
1185.00	8065.00
1186.00	8067.00
1187.00	8091.00
1188.00	8096.00
1189.00	8144.00
1190.00	8068.00
1191.00	8110.00
1192.00	8155.00
1193.00	8320.00
1194.00	7992.00
1195.00	8132.00
1196.00	8165.00
1197.00	8123.00
1198.00	8210.00
1199.00	7978.00
1200.00	8327.00
1201.00	8116.00
1202.00	8328.00
1203.00	8148.00
1204.00	8285.00
1205.00	8297.00
1206.00	8441.00
1207.00	8517.00
1208.00	8363.00
1209.00	8568.00
1210.00	8481.00
1211.00	8576.00
1212.00	8708.00
1213.00	8574.00
1214.00	8676.00
1215.00	8712.00
1216.00	8721.00
1217.00	8700.00
1218.00	8897.00
1219.00	8949.00
1220.00	8909.00
1221.00	8786.00
1222.00	8777.00
1223.00	9014.00
1224.00	8841.00
1225.00	8928.00
1226.00	9011.00
1227.00	9122.00
1228.00	9004.00
1229.00	9091.00
1230.00	9283.00
1231.00	9069.00
1232.00	9134.00
1233.00	9096.00
1234.00	9162.00
1235.00	8929.00
1236.00	9072.00
1237.00	9008.00
1238.00	8945.00
1239.00	9161.00
1240.00	8825.00
1241.00	8828.00
1242.00	8732.00
1243.00	8739.00
1244.00	8662.00
1245.00	8658.00
1246.00	8462.00
1247.00	8527.00
1248.00	8499.00
1249.00	8512.00
1250.00	8431.00
1251.00	8393.00
1252.00	8271.00
1253.00	8329.00
1254.00	8364.00
1255.00	8253.00
1256.00	8314.00
1257.00	8392.00
1258.00	8169.00
1259.00	8253.00
1260.00	8329.00
1261.00	8386.00
1262.00	8273.00
1263.00	8162.00
1264.00	8297.00
1265.00	8267.00
1266.00	8423.00
1267.00	8236.00
1268.00	8399.00
1269.00	8478.00
1270.00	8348.00
1271.00	8407.00
1272.00	8358.00
1273.00	8564.00
1274.00	8453.00
1275.00	8541.00
1276.00	8704.00
1277.00	8708.00
1278.00	9117.00
1279.00	9025.00
1280.00	9026.00
1281.00	9334.00
1282.00	9213.00
1283.00	9476.00
1284.00	9663.00
1285.00	9742.00
1286.00	9949.00
1287.00	10029.00
1288.00	10103.00
1289.00	9988.00
1290.00	10109.00
1291.00	10210.00
1292.00	10016.00
1293.00	10046.00
1294.00	9985.00
1295.00	9844.00
1296.00	9766.00
1297.00	9645.00
1298.00	9492.00
1299.00	9461.00
1300.00	9406.00
1301.00	9111.00
1302.00	8689.00
1303.00	8936.00
1304.00	8642.00
1305.00	8470.00
1306.00	8473.00
1307.00	8478.00
1308.00	8380.00
1309.00	8312.00
1310.00	8294.00
1311.00	8107.00
1312.00	8040.00
1313.00	8184.00
1314.00	8053.00
1315.00	8071.00
1316.00	7952.00
1317.00	8053.00
1318.00	7992.00
1319.00	8011.00
1320.00	8050.00
1321.00	7933.00
1322.00	8029.00
1323.00	7959.00
1324.00	7937.00
1325.00	8008.00
1326.00	7941.00
1327.00	7973.00
1328.00	7959.00
1329.00	8063.00
1330.00	7854.00
1331.00	7823.00
1332.00	7998.00
1333.00	7927.00
1334.00	7902.00
1335.00	8021.00
1336.00	7995.00
1337.00	7918.00
1338.00	7947.00
1339.00	7916.00
1340.00	7824.00
1341.00	7927.00
1342.00	7835.00
1343.00	7843.00
1344.00	7925.00
1345.00	8029.00
1346.00	8107.00
1347.00	8084.00
1348.00	8095.00
1349.00	8241.00
1350.00	8252.00
1351.00	8199.00
1352.00	8315.00
1353.00	8426.00
1354.00	8629.00
1355.00	8676.00
1356.00	8809.00
1357.00	8906.00
1358.00	8884.00
1359.00	8986.00
1360.00	8921.00
1361.00	9036.00
1362.00	9195.00
1363.00	9181.00
1364.00	9103.00
1365.00	9255.00
1366.00	8994.00
1367.00	8979.00
1368.00	8940.00
1369.00	8769.00
1370.00	8837.00
1371.00	8408.00
1372.00	8600.00
1373.00	8370.00
1374.00	8386.00
1375.00	7995.00
1376.00	8010.00
1377.00	7933.00
1378.00	7653.00
1379.00	7742.00
1380.00	7612.00
1381.00	7603.00
1382.00	7624.00
1383.00	7365.00
1384.00	7551.00
1385.00	7535.00
1386.00	7301.00
1387.00	7364.00
1388.00	7366.00
1389.00	7319.00
1390.00	7249.00
1391.00	7206.00
1392.00	7202.00
1393.00	7221.00
1394.00	7084.00
1395.00	7290.00
1396.00	7248.00
1397.00	7222.00
1398.00	7168.00
1399.00	7101.00
1400.00	7070.00
1401.00	7143.00
1402.00	7094.00
1403.00	6944.00
1404.00	7091.00
1405.00	7049.00
1406.00	6971.00
1407.00	7083.00
1408.00	6917.00
1409.00	7168.00
1410.00	7069.00
1411.00	6955.00
1412.00	6865.00
1413.00	6986.00
1414.00	6970.00
1415.00	7049.00
1416.00	6944.00
1417.00	7034.00
1418.00	7083.00
1419.00	6912.00
1420.00	7209.00
1421.00	6848.00
1422.00	6965.00
1423.00	7132.00
1424.00	7059.00
1425.00	7198.00
1426.00	7183.00
1427.00	7176.00
1428.00	7191.00
1429.00	7064.00
1430.00	7291.00
1431.00	7351.00
1432.00	7375.00
1433.00	7504.00
1434.00	7317.00
1435.00	7508.00
1436.00	7356.00
1437.00	7446.00
1438.00	7511.00
1439.00	7543.00
1440.00	7523.00
1441.00	7526.00
1442.00	7438.00
1443.00	7419.00
1444.00	7496.00
1445.00	7550.00
1446.00	7403.00
1447.00	7369.00
1448.00	7418.00
1449.00	7441.00
1450.00	7295.00
1451.00	7090.00
1452.00	7214.00
1453.00	7032.00
1454.00	6987.00
1455.00	6966.00
1456.00	6906.00
1457.00	6958.00
1458.00	6982.00
1459.00	6851.00
1460.00	6921.00
1461.00	6877.00
1462.00	6920.00
1463.00	6759.00
1464.00	6760.00
1465.00	6903.00
1466.00	6637.00
1467.00	6809.00
1468.00	6757.00
1469.00	6816.00
1470.00	6752.00
1471.00	6659.00
1472.00	6682.00
1473.00	6672.00
1474.00	6777.00
1475.00	6848.00
1476.00	6777.00
1477.00	6654.00
1478.00	6626.00
1479.00	6723.00
1480.00	6585.00
1481.00	6745.00
1482.00	6678.00
1483.00	6566.00
1484.00	6595.00
1485.00	6580.00
1486.00	6839.00
1487.00	6655.00
1488.00	6598.00
1489.00	6623.00
1490.00	6695.00
1491.00	6624.00
1492.00	6758.00
1493.00	6822.00
1494.00	6739.00
1495.00	6740.00
1496.00	6686.00
1497.00	6757.00
1498.00	6796.00
1499.00	6676.00
1500.00	6931.00
1501.00	6980.00
1502.00	6860.00
1503.00	7053.00
1504.00	6928.00
1505.00	7039.00
1506.00	7128.00
1507.00	7261.00
1508.00	7291.00
1509.00	7434.00
1510.00	7526.00
1511.00	7608.00
1512.00	7570.00
1513.00	7703.00
1514.00	7624.00
1515.00	7906.00
1516.00	7872.00
1517.00	7804.00
1518.00	7869.00
1519.00	8005.00
1520.00	8050.00
1521.00	7947.00
1522.00	7972.00
1523.00	7904.00
1524.00	8046.00
1525.00	7809.00
1526.00	7787.00
1527.00	7826.00
1528.00	7762.00
1529.00	7596.00
1530.00	7670.00
1531.00	7498.00
1532.00	7496.00
1533.00	7393.00
1534.00	7320.00
1535.00	7430.00
1536.00	7342.00
1537.00	7293.00
1538.00	7279.00
1539.00	7392.00
1540.00	7405.00
1541.00	7394.00
1542.00	7322.00
1543.00	7361.00
1544.00	7420.00
1545.00	7411.00
1546.00	7391.00
1547.00	7516.00
1548.00	7413.00
1549.00	7640.00
1550.00	7712.00
1551.00	7872.00
1552.00	7857.00
1553.00	7837.00
1554.00	8028.00
1555.00	8028.00
1556.00	8268.00
1557.00	8489.00
1558.00	8457.00
1559.00	8723.00
1560.00	8641.00
1561.00	8860.00
1562.00	8968.00
1563.00	9255.00
1564.00	9253.00
1565.00	9531.00
1566.00	9466.00
1567.00	9596.00
1568.00	9735.00
1569.00	9942.00
1570.00	10078.00
1571.00	10166.00
1572.00	10424.00
1573.00	10532.00
1574.00	10864.00
1575.00	10995.00
1576.00	10965.00
1577.00	11195.00
1578.00	11221.00
1579.00	11366.00
1580.00	11286.00
1581.00	11620.00
1582.00	11526.00
1583.00	11749.00
1584.00	11468.00
1585.00	11829.00
1586.00	11922.00
1587.00	11709.00
1588.00	11881.00
1589.00	11773.00
1590.00	11935.00
1591.00	11958.00
1592.00	11666.00
1593.00	11581.00
1594.00	11661.00
1595.00	11785.00
1596.00	11382.00
1597.00	11385.00
1598.00	11502.00
1599.00	11250.00
1600.00	11081.00
1601.00	10935.00
1602.00	10730.00
1603.00	10656.00
1604.00	10743.00
1605.00	10320.00
1606.00	10247.00
1607.00	10034.00
1608.00	9829.00
1609.00	9772.00
1610.00	9544.00
1611.00	9512.00
1612.00	9339.00
1613.00	9149.00
1614.00	8970.00
1615.00	8871.00
1616.00	8519.00
1617.00	8544.00
1618.00	8207.00
1619.00	8065.00
1620.00	8068.00
1621.00	7948.00
1622.00	7705.00
1623.00	7669.00
1624.00	7393.00
1625.00	7289.00
1626.00	7051.00
1627.00	6910.00
1628.00	6898.00
1629.00	6962.00
1630.00	6705.00
1631.00	6765.00
1632.00	6603.00
1633.00	6428.00
1634.00	6263.00
1635.00	6131.00
1636.00	6389.00
1637.00	6112.00
1638.00	6126.00
1639.00	6055.00
1640.00	5924.00
1641.00	5980.00
1642.00	6036.00
1643.00	5878.00
1644.00	5883.00
1645.00	5818.00
1646.00	5765.00
1647.00	5596.00
1648.00	5698.00
1649.00	5674.00
1650.00	5539.00
1651.00	5597.00
1652.00	5568.00
1653.00	5374.00
1654.00	5672.00
1655.00	5485.00
1656.00	5510.00
1657.00	5649.00
1658.00	5669.00
1659.00	5698.00
1660.00	5737.00
1661.00	5860.00
1662.00	6080.00
1663.00	6099.00
1664.00	6297.00
1665.00	6524.00
1666.00	6680.00
1667.00	6904.00
1668.00	7064.00
1669.00	7389.00
1670.00	7667.00
1671.00	8007.00
1672.00	8081.00
1673.00	8474.00
1674.00	8743.00
1675.00	9214.00
1676.00	9345.00
1677.00	9361.00
1678.00	9659.00
1679.00	9716.00
1680.00	9898.00
1681.00	9869.00
1682.00	9642.00
1683.00	9885.00
1684.00	9907.00
1685.00	9865.00
1686.00	9381.00
1687.00	9460.00
1688.00	8964.00
1689.00	8836.00
1690.00	8605.00
1691.00	8136.00
1692.00	7899.00
1693.00	7735.00
1694.00	7291.00
1695.00	7049.00
1696.00	6646.00
1697.00	6340.00
1698.00	6010.00
1699.00	5629.00
1700.00	5702.00
1701.00	5467.00
1702.00	5244.00
1703.00	5131.00
1704.00	5090.00
1705.00	4847.00
1706.00	4824.00
1707.00	4736.00
1708.00	4613.00
1709.00	4583.00
1710.00	4554.00
1711.00	4506.00
1712.00	4415.00
1713.00	4405.00
1714.00	4342.00
1715.00	4360.00
1716.00	4208.00
1717.00	4406.00
1718.00	4271.00
1719.00	4238.00
1720.00	4249.00
1721.00	4400.00
1722.00	4269.00
1723.00	4215.00
1724.00	4185.00
1725.00	4221.00
1726.00	4202.00
1727.00	4308.00
1728.00	4180.00
1729.00	4225.00
1730.00	4186.00
1731.00	4198.00
1732.00	4349.00
1733.00	4210.00
1734.00	4289.00
1735.00	4219.00
1736.00	4218.00
1737.00	4235.00
1738.00	4309.00
1739.00	4192.00
1740.00	4310.00
1741.00	4323.00
1742.00	4256.00
1743.00	4253.00
1744.00	4319.00
1745.00	4147.00
1746.00	4286.00
1747.00	4193.00
1748.00	4280.00
1749.00	4314.00
1750.00	4349.00
1751.00	4219.00
1752.00	4372.00
1753.00	4343.00
1754.00	4382.00
1755.00	4403.00
1756.00	4362.00
1757.00	4401.00
1758.00	4469.00
1759.00	4457.00
1760.00	4523.00
1761.00	4469.00
1762.00	4428.00
1763.00	4345.00
1764.00	4578.00
1765.00	4482.00
1766.00	4397.00
1767.00	4426.00
1768.00	4503.00
1769.00	4449.00
1770.00	4295.00
1771.00	4488.00
1772.00	4424.00
1773.00	4472.00
1774.00	4413.00
1775.00	4368.00
1776.00	4490.00
1777.00	4288.00
1778.00	4348.00
1779.00	4305.00
1780.00	4351.00
1781.00	4162.00
1782.00	4180.00
1783.00	4258.00
1784.00	4101.00
1785.00	4136.00
1786.00	4232.00
1787.00	4221.00
1788.00	3974.00
1789.00	4002.00
1790.00	4009.00
1791.00	3950.00
1792.00	3880.00
1793.00	3873.00
1794.00	3910.00
1795.00	3798.00
1796.00	3809.00
1797.00	3705.00
1798.00	3739.00
1799.00	3644.00
1800.00	3490.00
1801.00	3628.00
1802.00	3578.00
1803.00	3545.00
1804.00	3405.00
1805.00	3463.00
1806.00	3468.00
1807.00	3375.00
1808.00	3290.00
1809.00	3221.00
1810.00	3193.00
1811.00	3231.00
1812.00	3094.00
1813.00	3192.00
1814.00	3127.00
1815.00	3046.00
1816.00	3016.00
1817.00	3064.00
1818.00	2982.00
1819.00	2892.00
1820.00	2987.00
1821.00	2957.00
1822.00	2765.00
1823.00	2853.00
1824.00	2811.00
1825.00	2677.00
1826.00	2784.00
1827.00	2731.00
1828.00	2659.00
1829.00	2777.00
1830.00	2672.00
1831.00	2775.00
1832.00	2703.00
1833.00	2607.00
1834.00	2561.00
1835.00	2527.00
1836.00	2489.00
1837.00	2589.00
1838.00	2498.00
1839.00	2565.00
1840.00	2470.00
1841.00	2488.00
1842.00	2475.00
1843.00	2486.00
1844.00	2423.00
1845.00	2342.00
1846.00	2444.00
1847.00	2397.00
1848.00	2359.00
1849.00	2327.00
1850.00	2349.00
1851.00	2418.00
1852.00	2334.00
1853.00	2307.00
1854.00	2285.00
1855.00	2146.00
1856.00	2299.00
1857.00	2149.00
1858.00	2259.00
1859.00	2236.00
1860.00	2291.00
1861.00	2220.00
1862.00	2219.00
1863.00	2124.00
1864.00	2251.00
1865.00	2225.00
1866.00	2137.00
1867.00	2182.00
1868.00	2186.00
1869.00	2155.00
1870.00	2201.00
1871.00	2268.00
1872.00	2139.00
1873.00	2300.00
1874.00	2214.00
1875.00	2296.00
1876.00	2299.00
1877.00	2434.00
1878.00	2421.00
1879.00	2365.00
1880.00	2377.00
1881.00	2387.00
1882.00	2461.00
1883.00	2512.00
1884.00	2520.00
1885.00	2560.00
1886.00	2630.00
1887.00	2534.00
1888.00	2574.00
1889.00	2569.00
1890.00	2578.00
1891.00	2580.00
1892.00	2474.00
1893.00	2476.00
1894.00	2527.00
1895.00	2358.00
1896.00	2405.00
1897.00	2234.00
1898.00	2258.00
1899.00	2282.00
1900.00	2269.00
1901.00	2265.00
1902.00	2086.00
1903.00	2046.00
1904.00	2015.00
1905.00	1962.00
1906.00	1939.00
1907.00	1955.00
1908.00	1890.00
1909.00	1863.00
1910.00	1907.00
1911.00	1894.00
1912.00	1857.00
1913.00	1809.00
1914.00	1702.00
1915.00	1831.00
1916.00	1727.00
1917.00	1859.00
1918.00	1792.00
1919.00	1757.00
1920.00	1738.00
1921.00	1752.00
1922.00	1716.00
1923.00	1739.00
1924.00	1710.00
1925.00	1715.00
1926.00	1692.00
1927.00	1684.00
1928.00	1647.00
1929.00	1713.00
1930.00	1566.00
1931.00	1522.00
1932.00	1530.00
1933.00	1502.00
1934.00	1617.00
1935.00	1486.00
1936.00	1466.00
1937.00	1497.00
1938.00	1509.00
1939.00	1523.00
1940.00	1530.00
1941.00	1519.00
1942.00	1470.00
1943.00	1458.00
1944.00	1412.00
1945.00	1446.00
1946.00	1380.00
1947.00	1456.00
1948.00	1343.00
1949.00	1406.00
1950.00	1378.00
1951.00	1360.00
1952.00	1455.00
1953.00	1385.00
1954.00	1453.00
1955.00	1286.00
1956.00	1365.00
1957.00	1363.00
1958.00	1289.00
1959.00	1291.00
1960.00	1307.00
1961.00	1230.00
1962.00	1324.00
1963.00	1257.00
1964.00	1285.00
1965.00	1305.00
1966.00	1310.00
1967.00	1338.00
1968.00	1334.00
1969.00	1341.00
1970.00	1260.00
1971.00	1259.00
1972.00	1241.00
1973.00	1178.00
1974.00	1253.00
1975.00	1207.00
1976.00	1269.00
1977.00	1261.00
1978.00	1165.00
1979.00	1164.00
1980.00	1256.00
1981.00	1265.00
1982.00	1212.00
1983.00	1215.00
1984.00	1145.00
1985.00	1172.00
1986.00	1168.00
1987.00	1176.00
1988.00	1130.00
1989.00	1096.00
1990.00	1182.00
1991.00	1152.00
1992.00	1144.00
1993.00	1172.00
1994.00	1128.00
1995.00	1096.00
1996.00	1100.00
1997.00	1084.00
1998.00	1066.00
1999.00	1058.00
2000.00	1075.00
2001.00	1126.00
2002.00	1130.00
2003.00	1098.00
2004.00	1042.00
2005.00	1046.00
2006.00	1099.00
2007.00	1050.00
2008.00	1013.00
2009.00	975.00
2010.00	1005.00
2011.00	999.00
2012.00	958.00
2013.00	1041.00
2014.00	952.00
2015.00	985.00
2016.00	1027.00
2017.00	928.00
2018.00	978.00
2019.00	1010.00
2020.00	975.00
2021.00	956.00
2022.00	1002.00
2023.00	929.00
2024.00	968.00
2025.00	945.00
2026.00	881.00
2027.00	910.00
2028.00	952.00
2029.00	950.00
2030.00	926.00
2031.00	878.00
2032.00	888.00
2033.00	893.00
2034.00	829.00
2035.00	880.00
2036.00	832.00
2037.00	842.00
2038.00	843.00
2039.00	897.00
2040.00	839.00
2041.00	812.00
2042.00	782.00
2043.00	791.00
2044.00	812.00
2045.00	778.00
2046.00	814.00
2047.00	786.00
2048.00	 0.00
