Date:	2023-09-18		
Time:	21:31		
Sample name:	Pellets		
Position:	1351.200011	mm	
Sample surface:	5.975607	cm	
Tube anode:	Mo		
Tube voltage:	30	kV	
Tube current:	50	mA	
Comments	in position		
Gain	5.810000		
peaking_time	0.300000	m-sec	
trigger_threshold	30.000000	V	
mca_bin_width	2.000000	no:	
number_mca_channels	2048.000000	no:	
gap_time	0.100000	m-sec	
trigger_peaking_time	0.050000	m-sec	
livetime	17.400933	seconds	
runtime	20.000055	seconds	
input_count_rate	117706.216009	cps	
output_count_rate	102409.618374	cps	
triggers	2278112.000000	seconds	
events_in_run	2040507.000000	seconds	
channel	content		
 1.00	 0.00
 2.00	 0.00
 3.00	 0.00
 4.00	 0.00
 5.00	 0.00
 6.00	 0.00
 7.00	 0.00
 8.00	 0.00
 9.00	 0.00
10.00	 0.00
11.00	 0.00
12.00	 0.00
13.00	 0.00
14.00	 0.00
15.00	 0.00
16.00	 0.00
17.00	 0.00
18.00	 0.00
19.00	 0.00
20.00	 0.00
21.00	 0.00
22.00	 0.00
23.00	 0.00
24.00	 0.00
25.00	 0.00
26.00	 0.00
27.00	 0.00
28.00	 0.00
29.00	 0.00
30.00	 0.00
31.00	 0.00
32.00	 0.00
33.00	 0.00
34.00	 0.00
35.00	 1.00
36.00	 0.00
37.00	 1.00
38.00	 1.00
39.00	 4.00
40.00	 2.00
41.00	 7.00
42.00	10.00
43.00	 9.00
44.00	 6.00
45.00	13.00
46.00	18.00
47.00	18.00
48.00	24.00
49.00	21.00
50.00	23.00
51.00	35.00
52.00	24.00
53.00	25.00
54.00	36.00
55.00	28.00
56.00	36.00
57.00	32.00
58.00	31.00
59.00	34.00
60.00	29.00
61.00	30.00
62.00	44.00
63.00	42.00
64.00	27.00
65.00	38.00
66.00	29.00
67.00	39.00
68.00	46.00
69.00	34.00
70.00	55.00
71.00	32.00
72.00	46.00
73.00	41.00
74.00	38.00
75.00	33.00
76.00	42.00
77.00	50.00
78.00	48.00
79.00	39.00
80.00	38.00
81.00	49.00
82.00	37.00
83.00	34.00
84.00	19.00
85.00	37.00
86.00	37.00
87.00	37.00
88.00	34.00
89.00	27.00
90.00	36.00
91.00	39.00
92.00	32.00
93.00	32.00
94.00	32.00
95.00	46.00
96.00	41.00
97.00	31.00
98.00	30.00
99.00	28.00
100.00	30.00
101.00	35.00
102.00	25.00
103.00	26.00
104.00	41.00
105.00	36.00
106.00	23.00
107.00	29.00
108.00	30.00
109.00	31.00
110.00	21.00
111.00	30.00
112.00	36.00
113.00	31.00
114.00	29.00
115.00	30.00
116.00	28.00
117.00	39.00
118.00	28.00
119.00	38.00
120.00	30.00
121.00	19.00
122.00	38.00
123.00	33.00
124.00	34.00
125.00	24.00
126.00	27.00
127.00	23.00
128.00	29.00
129.00	19.00
130.00	28.00
131.00	24.00
132.00	32.00
133.00	25.00
134.00	24.00
135.00	32.00
136.00	30.00
137.00	32.00
138.00	46.00
139.00	49.00
140.00	67.00
141.00	76.00
142.00	117.00
143.00	127.00
144.00	126.00
145.00	120.00
146.00	144.00
147.00	104.00
148.00	94.00
149.00	82.00
150.00	73.00
151.00	65.00
152.00	71.00
153.00	65.00
154.00	63.00
155.00	43.00
156.00	50.00
157.00	40.00
158.00	38.00
159.00	57.00
160.00	82.00
161.00	132.00
162.00	182.00
163.00	317.00
164.00	454.00
165.00	663.00
166.00	838.00
167.00	974.00
168.00	1146.00
169.00	1130.00
170.00	1170.00
171.00	1000.00
172.00	828.00
173.00	690.00
174.00	494.00
175.00	402.00
176.00	275.00
177.00	199.00
178.00	142.00
179.00	160.00
180.00	111.00
181.00	126.00
182.00	173.00
183.00	189.00
184.00	249.00
185.00	298.00
186.00	328.00
187.00	409.00
188.00	426.00
189.00	497.00
190.00	480.00
191.00	408.00
192.00	412.00
193.00	262.00
194.00	206.00
195.00	182.00
196.00	132.00
197.00	80.00
198.00	65.00
199.00	50.00
200.00	39.00
201.00	39.00
202.00	43.00
203.00	39.00
204.00	33.00
205.00	36.00
206.00	33.00
207.00	34.00
208.00	44.00
209.00	22.00
210.00	33.00
211.00	43.00
212.00	41.00
213.00	53.00
214.00	49.00
215.00	52.00
216.00	64.00
217.00	69.00
218.00	87.00
219.00	74.00
220.00	78.00
221.00	119.00
222.00	89.00
223.00	71.00
224.00	71.00
225.00	61.00
226.00	58.00
227.00	37.00
228.00	42.00
229.00	39.00
230.00	32.00
231.00	34.00
232.00	26.00
233.00	30.00
234.00	34.00
235.00	23.00
236.00	25.00
237.00	21.00
238.00	25.00
239.00	32.00
240.00	24.00
241.00	21.00
242.00	23.00
243.00	36.00
244.00	25.00
245.00	32.00
246.00	26.00
247.00	24.00
248.00	30.00
249.00	32.00
250.00	37.00
251.00	32.00
252.00	27.00
253.00	20.00
254.00	33.00
255.00	43.00
256.00	32.00
257.00	31.00
258.00	42.00
259.00	30.00
260.00	28.00
261.00	34.00
262.00	30.00
263.00	31.00
264.00	36.00
265.00	36.00
266.00	48.00
267.00	42.00
268.00	39.00
269.00	42.00
270.00	34.00
271.00	39.00
272.00	48.00
273.00	31.00
274.00	55.00
275.00	42.00
276.00	39.00
277.00	48.00
278.00	65.00
279.00	72.00
280.00	109.00
281.00	97.00
282.00	172.00
283.00	206.00
284.00	222.00
285.00	253.00
286.00	246.00
287.00	263.00
288.00	265.00
289.00	234.00
290.00	204.00
291.00	163.00
292.00	158.00
293.00	119.00
294.00	96.00
295.00	87.00
296.00	71.00
297.00	68.00
298.00	63.00
299.00	48.00
300.00	43.00
301.00	46.00
302.00	66.00
303.00	69.00
304.00	87.00
305.00	72.00
306.00	88.00
307.00	99.00
308.00	117.00
309.00	136.00
310.00	165.00
311.00	232.00
312.00	341.00
313.00	502.00
314.00	645.00
315.00	858.00
316.00	1157.00
317.00	1414.00
318.00	1692.00
319.00	1905.00
320.00	2131.00
321.00	2075.00
322.00	2137.00
323.00	1884.00
324.00	1724.00
325.00	1455.00
326.00	1192.00
327.00	887.00
328.00	643.00
329.00	490.00
330.00	312.00
331.00	244.00
332.00	164.00
333.00	128.00
334.00	110.00
335.00	103.00
336.00	102.00
337.00	128.00
338.00	154.00
339.00	205.00
340.00	250.00
341.00	327.00
342.00	445.00
343.00	622.00
344.00	926.00
345.00	1416.00
346.00	2168.00
347.00	3383.00
348.00	4987.00
349.00	7510.00
350.00	10429.00
351.00	14840.00
352.00	19111.00
353.00	24339.00
354.00	29019.00
355.00	33389.00
356.00	36945.00
357.00	38578.00
358.00	38877.00
359.00	36397.00
360.00	33507.00
361.00	28824.00
362.00	23943.00
363.00	18882.00
364.00	14188.00
365.00	9988.00
366.00	7077.00
367.00	4614.00
368.00	2963.00
369.00	1850.00
370.00	1144.00
371.00	719.00
372.00	470.00
373.00	339.00
374.00	328.00
375.00	345.00
376.00	421.00
377.00	592.00
378.00	755.00
379.00	977.00
380.00	1398.00
381.00	1797.00
382.00	2445.00
383.00	3044.00
384.00	3732.00
385.00	4551.00
386.00	5033.00
387.00	5508.00
388.00	5669.00
389.00	5800.00
390.00	5549.00
391.00	5183.00
392.00	4504.00
393.00	3752.00
394.00	3169.00
395.00	2421.00
396.00	1723.00
397.00	1294.00
398.00	831.00
399.00	593.00
400.00	377.00
401.00	245.00
402.00	152.00
403.00	107.00
404.00	90.00
405.00	75.00
406.00	50.00
407.00	30.00
408.00	35.00
409.00	36.00
410.00	35.00
411.00	36.00
412.00	39.00
413.00	37.00
414.00	31.00
415.00	32.00
416.00	42.00
417.00	38.00
418.00	40.00
419.00	59.00
420.00	48.00
421.00	51.00
422.00	62.00
423.00	89.00
424.00	107.00
425.00	136.00
426.00	215.00
427.00	257.00
428.00	370.00
429.00	460.00
430.00	595.00
431.00	714.00
432.00	841.00
433.00	987.00
434.00	1076.00
435.00	1205.00
436.00	1242.00
437.00	1191.00
438.00	1131.00
439.00	1064.00
440.00	907.00
441.00	788.00
442.00	715.00
443.00	561.00
444.00	426.00
445.00	353.00
446.00	318.00
447.00	244.00
448.00	253.00
449.00	216.00
450.00	217.00
451.00	200.00
452.00	173.00
453.00	167.00
454.00	154.00
455.00	147.00
456.00	136.00
457.00	101.00
458.00	109.00
459.00	97.00
460.00	87.00
461.00	82.00
462.00	92.00
463.00	110.00
464.00	121.00
465.00	121.00
466.00	116.00
467.00	141.00
468.00	171.00
469.00	167.00
470.00	196.00
471.00	214.00
472.00	230.00
473.00	245.00
474.00	288.00
475.00	325.00
476.00	315.00
477.00	296.00
478.00	313.00
479.00	290.00
480.00	278.00
481.00	269.00
482.00	213.00
483.00	207.00
484.00	171.00
485.00	162.00
486.00	127.00
487.00	106.00
488.00	115.00
489.00	85.00
490.00	71.00
491.00	78.00
492.00	83.00
493.00	76.00
494.00	70.00
495.00	87.00
496.00	71.00
497.00	78.00
498.00	96.00
499.00	88.00
500.00	99.00
501.00	89.00
502.00	100.00
503.00	85.00
504.00	82.00
505.00	97.00
506.00	113.00
507.00	103.00
508.00	132.00
509.00	115.00
510.00	99.00
511.00	121.00
512.00	114.00
513.00	135.00
514.00	120.00
515.00	135.00
516.00	141.00
517.00	156.00
518.00	152.00
519.00	162.00
520.00	196.00
521.00	195.00
522.00	190.00
523.00	193.00
524.00	195.00
525.00	185.00
526.00	178.00
527.00	172.00
528.00	184.00
529.00	146.00
530.00	166.00
531.00	158.00
532.00	135.00
533.00	140.00
534.00	115.00
535.00	147.00
536.00	136.00
537.00	133.00
538.00	122.00
539.00	134.00
540.00	143.00
541.00	141.00
542.00	132.00
543.00	152.00
544.00	151.00
545.00	151.00
546.00	154.00
547.00	148.00
548.00	166.00
549.00	187.00
550.00	173.00
551.00	177.00
552.00	194.00
553.00	176.00
554.00	230.00
555.00	244.00
556.00	252.00
557.00	321.00
558.00	403.00
559.00	474.00
560.00	608.00
561.00	868.00
562.00	981.00
563.00	1219.00
564.00	1456.00
565.00	1774.00
566.00	1949.00
567.00	2093.00
568.00	2391.00
569.00	2360.00
570.00	2389.00
571.00	2341.00
572.00	2248.00
573.00	2045.00
574.00	1868.00
575.00	1493.00
576.00	1316.00
577.00	1096.00
578.00	908.00
579.00	709.00
580.00	531.00
581.00	443.00
582.00	375.00
583.00	282.00
584.00	258.00
585.00	202.00
586.00	202.00
587.00	180.00
588.00	185.00
589.00	189.00
590.00	192.00
591.00	202.00
592.00	224.00
593.00	196.00
594.00	229.00
595.00	248.00
596.00	268.00
597.00	324.00
598.00	385.00
599.00	435.00
600.00	549.00
601.00	726.00
602.00	983.00
603.00	1356.00
604.00	2001.00
605.00	2895.00
606.00	3948.00
607.00	5641.00
608.00	7614.00
609.00	9963.00
610.00	13100.00
611.00	16441.00
612.00	20203.00
613.00	23642.00
614.00	27697.00
615.00	30886.00
616.00	33657.00
617.00	35842.00
618.00	36526.00
619.00	36540.00
620.00	35233.00
621.00	33264.00
622.00	30203.00
623.00	26460.00
624.00	22828.00
625.00	18921.00
626.00	15434.00
627.00	12221.00
628.00	9452.00
629.00	7057.00
630.00	5151.00
631.00	3685.00
632.00	2608.00
633.00	1948.00
634.00	1396.00
635.00	960.00
636.00	691.00
637.00	579.00
638.00	419.00
639.00	359.00
640.00	344.00
641.00	320.00
642.00	330.00
643.00	299.00
644.00	329.00
645.00	258.00
646.00	308.00
647.00	276.00
648.00	311.00
649.00	273.00
650.00	344.00
651.00	307.00
652.00	301.00
653.00	333.00
654.00	316.00
655.00	352.00
656.00	320.00
657.00	376.00
658.00	392.00
659.00	431.00
660.00	407.00
661.00	431.00
662.00	460.00
663.00	495.00
664.00	549.00
665.00	604.00
666.00	681.00
667.00	802.00
668.00	1014.00
669.00	1120.00
670.00	1386.00
671.00	1680.00
672.00	2120.00
673.00	2593.00
674.00	3058.00
675.00	3569.00
676.00	3987.00
677.00	4598.00
678.00	5164.00
679.00	5418.00
680.00	5764.00
681.00	5891.00
682.00	5931.00
683.00	5746.00
684.00	5302.00
685.00	5009.00
686.00	4529.00
687.00	3989.00
688.00	3452.00
689.00	2880.00
690.00	2295.00
691.00	1861.00
692.00	1511.00
693.00	1218.00
694.00	946.00
695.00	717.00
696.00	584.00
697.00	490.00
698.00	402.00
699.00	349.00
700.00	333.00
701.00	308.00
702.00	277.00
703.00	309.00
704.00	338.00
705.00	355.00
706.00	312.00
707.00	347.00
708.00	352.00
709.00	377.00
710.00	369.00
711.00	403.00
712.00	404.00
713.00	414.00
714.00	419.00
715.00	460.00
716.00	474.00
717.00	511.00
718.00	515.00
719.00	486.00
720.00	500.00
721.00	496.00
722.00	475.00
723.00	549.00
724.00	475.00
725.00	468.00
726.00	461.00
727.00	430.00
728.00	426.00
729.00	402.00
730.00	375.00
731.00	374.00
732.00	312.00
733.00	358.00
734.00	337.00
735.00	306.00
736.00	337.00
737.00	320.00
738.00	306.00
739.00	289.00
740.00	351.00
741.00	285.00
742.00	306.00
743.00	318.00
744.00	246.00
745.00	313.00
746.00	297.00
747.00	283.00
748.00	300.00
749.00	329.00
750.00	293.00
751.00	334.00
752.00	277.00
753.00	300.00
754.00	304.00
755.00	302.00
756.00	292.00
757.00	312.00
758.00	292.00
759.00	323.00
760.00	284.00
761.00	300.00
762.00	329.00
763.00	345.00
764.00	308.00
765.00	336.00
766.00	367.00
767.00	367.00
768.00	379.00
769.00	411.00
770.00	376.00
771.00	432.00
772.00	415.00
773.00	457.00
774.00	457.00
775.00	456.00
776.00	463.00
777.00	472.00
778.00	452.00
779.00	456.00
780.00	484.00
781.00	439.00
782.00	459.00
783.00	476.00
784.00	475.00
785.00	457.00
786.00	458.00
787.00	447.00
788.00	443.00
789.00	480.00
790.00	490.00
791.00	469.00
792.00	416.00
793.00	457.00
794.00	444.00
795.00	439.00
796.00	507.00
797.00	505.00
798.00	467.00
799.00	480.00
800.00	470.00
801.00	501.00
802.00	457.00
803.00	478.00
804.00	475.00
805.00	549.00
806.00	524.00
807.00	479.00
808.00	528.00
809.00	493.00
810.00	499.00
811.00	511.00
812.00	526.00
813.00	527.00
814.00	535.00
815.00	490.00
816.00	494.00
817.00	490.00
818.00	510.00
819.00	488.00
820.00	562.00
821.00	547.00
822.00	546.00
823.00	572.00
824.00	601.00
825.00	614.00
826.00	660.00
827.00	653.00
828.00	686.00
829.00	701.00
830.00	741.00
831.00	798.00
832.00	755.00
833.00	797.00
834.00	754.00
835.00	712.00
836.00	752.00
837.00	744.00
838.00	708.00
839.00	663.00
840.00	675.00
841.00	603.00
842.00	643.00
843.00	599.00
844.00	594.00
845.00	568.00
846.00	562.00
847.00	557.00
848.00	515.00
849.00	519.00
850.00	517.00
851.00	496.00
852.00	508.00
853.00	520.00
854.00	510.00
855.00	518.00
856.00	565.00
857.00	523.00
858.00	544.00
859.00	532.00
860.00	494.00
861.00	544.00
862.00	530.00
863.00	537.00
864.00	532.00
865.00	508.00
866.00	476.00
867.00	516.00
868.00	482.00
869.00	459.00
870.00	473.00
871.00	532.00
872.00	530.00
873.00	492.00
874.00	527.00
875.00	494.00
876.00	499.00
877.00	540.00
878.00	518.00
879.00	546.00
880.00	515.00
881.00	512.00
882.00	536.00
883.00	501.00
884.00	541.00
885.00	558.00
886.00	518.00
887.00	567.00
888.00	566.00
889.00	573.00
890.00	572.00
891.00	569.00
892.00	601.00
893.00	571.00
894.00	581.00
895.00	585.00
896.00	602.00
897.00	590.00
898.00	639.00
899.00	581.00
900.00	586.00
901.00	609.00
902.00	584.00
903.00	591.00
904.00	611.00
905.00	616.00
906.00	617.00
907.00	576.00
908.00	588.00
909.00	621.00
910.00	616.00
911.00	627.00
912.00	577.00
913.00	594.00
914.00	623.00
915.00	671.00
916.00	592.00
917.00	690.00
918.00	639.00
919.00	696.00
920.00	689.00
921.00	674.00
922.00	665.00
923.00	653.00
924.00	664.00
925.00	689.00
926.00	733.00
927.00	709.00
928.00	682.00
929.00	662.00
930.00	710.00
931.00	660.00
932.00	653.00
933.00	676.00
934.00	662.00
935.00	645.00
936.00	624.00
937.00	622.00
938.00	650.00
939.00	668.00
940.00	590.00
941.00	673.00
942.00	655.00
943.00	653.00
944.00	641.00
945.00	685.00
946.00	640.00
947.00	681.00
948.00	679.00
949.00	643.00
950.00	612.00
951.00	618.00
952.00	628.00
953.00	635.00
954.00	636.00
955.00	642.00
956.00	659.00
957.00	654.00
958.00	630.00
959.00	660.00
960.00	670.00
961.00	671.00
962.00	647.00
963.00	657.00
964.00	670.00
965.00	688.00
966.00	695.00
967.00	695.00
968.00	729.00
969.00	761.00
970.00	757.00
971.00	718.00
972.00	738.00
973.00	704.00
974.00	755.00
975.00	750.00
976.00	759.00
977.00	710.00
978.00	759.00
979.00	741.00
980.00	666.00
981.00	726.00
982.00	686.00
983.00	693.00
984.00	706.00
985.00	687.00
986.00	683.00
987.00	697.00
988.00	697.00
989.00	632.00
990.00	646.00
991.00	709.00
992.00	667.00
993.00	669.00
994.00	667.00
995.00	631.00
996.00	686.00
997.00	673.00
998.00	656.00
999.00	683.00
1000.00	669.00
1001.00	692.00
1002.00	640.00
1003.00	661.00
1004.00	656.00
1005.00	676.00
1006.00	684.00
1007.00	725.00
1008.00	683.00
1009.00	711.00
1010.00	702.00
1011.00	701.00
1012.00	742.00
1013.00	752.00
1014.00	702.00
1015.00	687.00
1016.00	701.00
1017.00	740.00
1018.00	697.00
1019.00	639.00
1020.00	692.00
1021.00	701.00
1022.00	640.00
1023.00	695.00
1024.00	653.00
1025.00	691.00
1026.00	646.00
1027.00	659.00
1028.00	645.00
1029.00	695.00
1030.00	656.00
1031.00	728.00
1032.00	677.00
1033.00	679.00
1034.00	698.00
1035.00	699.00
1036.00	655.00
1037.00	668.00
1038.00	695.00
1039.00	668.00
1040.00	664.00
1041.00	678.00
1042.00	736.00
1043.00	711.00
1044.00	660.00
1045.00	682.00
1046.00	691.00
1047.00	658.00
1048.00	724.00
1049.00	728.00
1050.00	701.00
1051.00	735.00
1052.00	729.00
1053.00	635.00
1054.00	742.00
1055.00	674.00
1056.00	725.00
1057.00	672.00
1058.00	638.00
1059.00	686.00
1060.00	694.00
1061.00	694.00
1062.00	710.00
1063.00	753.00
1064.00	668.00
1065.00	645.00
1066.00	739.00
1067.00	755.00
1068.00	715.00
1069.00	675.00
1070.00	661.00
1071.00	704.00
1072.00	734.00
1073.00	699.00
1074.00	693.00
1075.00	706.00
1076.00	756.00
1077.00	713.00
1078.00	652.00
1079.00	679.00
1080.00	718.00
1081.00	690.00
1082.00	691.00
1083.00	665.00
1084.00	699.00
1085.00	736.00
1086.00	729.00
1087.00	715.00
1088.00	697.00
1089.00	703.00
1090.00	706.00
1091.00	738.00
1092.00	753.00
1093.00	747.00
1094.00	681.00
1095.00	673.00
1096.00	664.00
1097.00	721.00
1098.00	769.00
1099.00	755.00
1100.00	717.00
1101.00	725.00
1102.00	718.00
1103.00	722.00
1104.00	701.00
1105.00	745.00
1106.00	710.00
1107.00	711.00
1108.00	726.00
1109.00	777.00
1110.00	737.00
1111.00	742.00
1112.00	758.00
1113.00	674.00
1114.00	748.00
1115.00	754.00
1116.00	749.00
1117.00	694.00
1118.00	701.00
1119.00	737.00
1120.00	759.00
1121.00	724.00
1122.00	763.00
1123.00	735.00
1124.00	727.00
1125.00	719.00
1126.00	717.00
1127.00	726.00
1128.00	735.00
1129.00	806.00
1130.00	762.00
1131.00	776.00
1132.00	727.00
1133.00	778.00
1134.00	719.00
1135.00	743.00
1136.00	719.00
1137.00	748.00
1138.00	719.00
1139.00	702.00
1140.00	702.00
1141.00	728.00
1142.00	689.00
1143.00	729.00
1144.00	712.00
1145.00	754.00
1146.00	742.00
1147.00	674.00
1148.00	736.00
1149.00	747.00
1150.00	701.00
1151.00	711.00
1152.00	726.00
1153.00	744.00
1154.00	740.00
1155.00	789.00
1156.00	737.00
1157.00	727.00
1158.00	740.00
1159.00	716.00
1160.00	738.00
1161.00	712.00
1162.00	742.00
1163.00	695.00
1164.00	691.00
1165.00	715.00
1166.00	711.00
1167.00	750.00
1168.00	748.00
1169.00	734.00
1170.00	697.00
1171.00	688.00
1172.00	656.00
1173.00	722.00
1174.00	722.00
1175.00	709.00
1176.00	737.00
1177.00	734.00
1178.00	752.00
1179.00	733.00
1180.00	694.00
1181.00	710.00
1182.00	720.00
1183.00	735.00
1184.00	748.00
1185.00	694.00
1186.00	723.00
1187.00	697.00
1188.00	729.00
1189.00	734.00
1190.00	718.00
1191.00	743.00
1192.00	728.00
1193.00	723.00
1194.00	700.00
1195.00	800.00
1196.00	721.00
1197.00	685.00
1198.00	756.00
1199.00	775.00
1200.00	721.00
1201.00	744.00
1202.00	726.00
1203.00	722.00
1204.00	722.00
1205.00	708.00
1206.00	709.00
1207.00	749.00
1208.00	726.00
1209.00	686.00
1210.00	767.00
1211.00	782.00
1212.00	752.00
1213.00	747.00
1214.00	785.00
1215.00	729.00
1216.00	743.00
1217.00	767.00
1218.00	733.00
1219.00	772.00
1220.00	728.00
1221.00	737.00
1222.00	794.00
1223.00	791.00
1224.00	770.00
1225.00	799.00
1226.00	811.00
1227.00	754.00
1228.00	758.00
1229.00	772.00
1230.00	755.00
1231.00	750.00
1232.00	778.00
1233.00	751.00
1234.00	759.00
1235.00	774.00
1236.00	793.00
1237.00	771.00
1238.00	785.00
1239.00	777.00
1240.00	781.00
1241.00	790.00
1242.00	783.00
1243.00	773.00
1244.00	752.00
1245.00	740.00
1246.00	745.00
1247.00	728.00
1248.00	776.00
1249.00	744.00
1250.00	664.00
1251.00	718.00
1252.00	763.00
1253.00	735.00
1254.00	728.00
1255.00	714.00
1256.00	728.00
1257.00	754.00
1258.00	696.00
1259.00	734.00
1260.00	743.00
1261.00	683.00
1262.00	733.00
1263.00	676.00
1264.00	725.00
1265.00	683.00
1266.00	724.00
1267.00	709.00
1268.00	727.00
1269.00	741.00
1270.00	714.00
1271.00	751.00
1272.00	699.00
1273.00	714.00
1274.00	751.00
1275.00	719.00
1276.00	745.00
1277.00	707.00
1278.00	752.00
1279.00	786.00
1280.00	788.00
1281.00	768.00
1282.00	816.00
1283.00	830.00
1284.00	802.00
1285.00	786.00
1286.00	801.00
1287.00	864.00
1288.00	758.00
1289.00	767.00
1290.00	819.00
1291.00	836.00
1292.00	804.00
1293.00	847.00
1294.00	828.00
1295.00	829.00
1296.00	782.00
1297.00	771.00
1298.00	815.00
1299.00	796.00
1300.00	732.00
1301.00	753.00
1302.00	730.00
1303.00	806.00
1304.00	734.00
1305.00	731.00
1306.00	746.00
1307.00	752.00
1308.00	730.00
1309.00	764.00
1310.00	702.00
1311.00	706.00
1312.00	737.00
1313.00	717.00
1314.00	721.00
1315.00	684.00
1316.00	709.00
1317.00	700.00
1318.00	713.00
1319.00	709.00
1320.00	716.00
1321.00	731.00
1322.00	691.00
1323.00	721.00
1324.00	710.00
1325.00	666.00
1326.00	722.00
1327.00	743.00
1328.00	677.00
1329.00	706.00
1330.00	680.00
1331.00	675.00
1332.00	653.00
1333.00	696.00
1334.00	687.00
1335.00	684.00
1336.00	704.00
1337.00	709.00
1338.00	686.00
1339.00	697.00
1340.00	759.00
1341.00	675.00
1342.00	723.00
1343.00	729.00
1344.00	702.00
1345.00	771.00
1346.00	785.00
1347.00	796.00
1348.00	835.00
1349.00	804.00
1350.00	892.00
1351.00	928.00
1352.00	979.00
1353.00	957.00
1354.00	1027.00
1355.00	1062.00
1356.00	1128.00
1357.00	1144.00
1358.00	1206.00
1359.00	1201.00
1360.00	1255.00
1361.00	1228.00
1362.00	1283.00
1363.00	1287.00
1364.00	1382.00
1365.00	1275.00
1366.00	1320.00
1367.00	1288.00
1368.00	1235.00
1369.00	1228.00
1370.00	1157.00
1371.00	1131.00
1372.00	1079.00
1373.00	1006.00
1374.00	1064.00
1375.00	972.00
1376.00	925.00
1377.00	900.00
1378.00	821.00
1379.00	794.00
1380.00	777.00
1381.00	753.00
1382.00	753.00
1383.00	726.00
1384.00	695.00
1385.00	662.00
1386.00	645.00
1387.00	691.00
1388.00	659.00
1389.00	677.00
1390.00	663.00
1391.00	646.00
1392.00	679.00
1393.00	623.00
1394.00	590.00
1395.00	659.00
1396.00	650.00
1397.00	589.00
1398.00	608.00
1399.00	615.00
1400.00	642.00
1401.00	639.00
1402.00	620.00
1403.00	645.00
1404.00	660.00
1405.00	595.00
1406.00	610.00
1407.00	580.00
1408.00	627.00
1409.00	640.00
1410.00	574.00
1411.00	601.00
1412.00	674.00
1413.00	603.00
1414.00	661.00
1415.00	644.00
1416.00	624.00
1417.00	600.00
1418.00	656.00
1419.00	600.00
1420.00	636.00
1421.00	631.00
1422.00	640.00
1423.00	638.00
1424.00	639.00
1425.00	630.00
1426.00	644.00
1427.00	619.00
1428.00	613.00
1429.00	641.00
1430.00	628.00
1431.00	631.00
1432.00	601.00
1433.00	616.00
1434.00	666.00
1435.00	622.00
1436.00	609.00
1437.00	613.00
1438.00	670.00
1439.00	605.00
1440.00	604.00
1441.00	641.00
1442.00	666.00
1443.00	621.00
1444.00	639.00
1445.00	651.00
1446.00	666.00
1447.00	635.00
1448.00	620.00
1449.00	639.00
1450.00	609.00
1451.00	591.00
1452.00	606.00
1453.00	651.00
1454.00	608.00
1455.00	634.00
1456.00	599.00
1457.00	653.00
1458.00	592.00
1459.00	591.00
1460.00	605.00
1461.00	628.00
1462.00	596.00
1463.00	619.00
1464.00	547.00
1465.00	580.00
1466.00	556.00
1467.00	557.00
1468.00	609.00
1469.00	580.00
1470.00	575.00
1471.00	645.00
1472.00	643.00
1473.00	578.00
1474.00	560.00
1475.00	600.00
1476.00	590.00
1477.00	633.00
1478.00	557.00
1479.00	575.00
1480.00	601.00
1481.00	615.00
1482.00	665.00
1483.00	629.00
1484.00	542.00
1485.00	635.00
1486.00	597.00
1487.00	613.00
1488.00	578.00
1489.00	570.00
1490.00	576.00
1491.00	589.00
1492.00	586.00
1493.00	599.00
1494.00	582.00
1495.00	621.00
1496.00	617.00
1497.00	592.00
1498.00	575.00
1499.00	556.00
1500.00	623.00
1501.00	583.00
1502.00	563.00
1503.00	613.00
1504.00	638.00
1505.00	617.00
1506.00	649.00
1507.00	615.00
1508.00	642.00
1509.00	610.00
1510.00	636.00
1511.00	656.00
1512.00	721.00
1513.00	759.00
1514.00	670.00
1515.00	690.00
1516.00	730.00
1517.00	739.00
1518.00	735.00
1519.00	700.00
1520.00	755.00
1521.00	714.00
1522.00	722.00
1523.00	763.00
1524.00	761.00
1525.00	759.00
1526.00	726.00
1527.00	748.00
1528.00	733.00
1529.00	677.00
1530.00	755.00
1531.00	726.00
1532.00	682.00
1533.00	717.00
1534.00	717.00
1535.00	723.00
1536.00	648.00
1537.00	639.00
1538.00	662.00
1539.00	617.00
1540.00	646.00
1541.00	637.00
1542.00	688.00
1543.00	648.00
1544.00	636.00
1545.00	656.00
1546.00	648.00
1547.00	668.00
1548.00	663.00
1549.00	711.00
1550.00	668.00
1551.00	676.00
1552.00	697.00
1553.00	718.00
1554.00	742.00
1555.00	759.00
1556.00	691.00
1557.00	710.00
1558.00	707.00
1559.00	763.00
1560.00	719.00
1561.00	727.00
1562.00	763.00
1563.00	796.00
1564.00	772.00
1565.00	795.00
1566.00	756.00
1567.00	814.00
1568.00	852.00
1569.00	840.00
1570.00	931.00
1571.00	864.00
1572.00	858.00
1573.00	889.00
1574.00	919.00
1575.00	911.00
1576.00	896.00
1577.00	917.00
1578.00	992.00
1579.00	892.00
1580.00	958.00
1581.00	950.00
1582.00	972.00
1583.00	943.00
1584.00	981.00
1585.00	1006.00
1586.00	964.00
1587.00	944.00
1588.00	967.00
1589.00	940.00
1590.00	994.00
1591.00	995.00
1592.00	974.00
1593.00	946.00
1594.00	968.00
1595.00	989.00
1596.00	960.00
1597.00	962.00
1598.00	980.00
1599.00	942.00
1600.00	933.00
1601.00	949.00
1602.00	924.00
1603.00	973.00
1604.00	915.00
1605.00	825.00
1606.00	810.00
1607.00	788.00
1608.00	790.00
1609.00	841.00
1610.00	810.00
1611.00	794.00
1612.00	767.00
1613.00	763.00
1614.00	774.00
1615.00	710.00
1616.00	707.00
1617.00	748.00
1618.00	716.00
1619.00	732.00
1620.00	656.00
1621.00	632.00
1622.00	623.00
1623.00	585.00
1624.00	650.00
1625.00	632.00
1626.00	640.00
1627.00	613.00
1628.00	571.00
1629.00	604.00
1630.00	593.00
1631.00	581.00
1632.00	577.00
1633.00	569.00
1634.00	546.00
1635.00	535.00
1636.00	555.00
1637.00	565.00
1638.00	519.00
1639.00	503.00
1640.00	512.00
1641.00	517.00
1642.00	506.00
1643.00	473.00
1644.00	500.00
1645.00	486.00
1646.00	486.00
1647.00	492.00
1648.00	518.00
1649.00	500.00
1650.00	470.00
1651.00	442.00
1652.00	487.00
1653.00	457.00
1654.00	467.00
1655.00	482.00
1656.00	488.00
1657.00	479.00
1658.00	488.00
1659.00	490.00
1660.00	533.00
1661.00	533.00
1662.00	503.00
1663.00	521.00
1664.00	568.00
1665.00	582.00
1666.00	577.00
1667.00	614.00
1668.00	658.00
1669.00	687.00
1670.00	661.00
1671.00	671.00
1672.00	742.00
1673.00	798.00
1674.00	787.00
1675.00	893.00
1676.00	853.00
1677.00	889.00
1678.00	843.00
1679.00	913.00
1680.00	944.00
1681.00	944.00
1682.00	958.00
1683.00	918.00
1684.00	927.00
1685.00	905.00
1686.00	938.00
1687.00	930.00
1688.00	861.00
1689.00	835.00
1690.00	828.00
1691.00	767.00
1692.00	757.00
1693.00	735.00
1694.00	633.00
1695.00	614.00
1696.00	608.00
1697.00	528.00
1698.00	500.00
1699.00	521.00
1700.00	487.00
1701.00	468.00
1702.00	437.00
1703.00	409.00
1704.00	443.00
1705.00	420.00
1706.00	391.00
1707.00	397.00
1708.00	333.00
1709.00	401.00
1710.00	396.00
1711.00	436.00
1712.00	370.00
1713.00	397.00
1714.00	343.00
1715.00	329.00
1716.00	382.00
1717.00	381.00
1718.00	345.00
1719.00	333.00
1720.00	354.00
1721.00	346.00
1722.00	373.00
1723.00	386.00
1724.00	340.00
1725.00	389.00
1726.00	365.00
1727.00	335.00
1728.00	350.00
1729.00	357.00
1730.00	348.00
1731.00	377.00
1732.00	348.00
1733.00	359.00
1734.00	359.00
1735.00	339.00
1736.00	369.00
1737.00	348.00
1738.00	367.00
1739.00	407.00
1740.00	400.00
1741.00	367.00
1742.00	361.00
1743.00	391.00
1744.00	332.00
1745.00	387.00
1746.00	359.00
1747.00	333.00
1748.00	370.00
1749.00	392.00
1750.00	386.00
1751.00	405.00
1752.00	349.00
1753.00	363.00
1754.00	368.00
1755.00	376.00
1756.00	387.00
1757.00	359.00
1758.00	353.00
1759.00	384.00
1760.00	389.00
1761.00	391.00
1762.00	389.00
1763.00	353.00
1764.00	386.00
1765.00	393.00
1766.00	388.00
1767.00	384.00
1768.00	376.00
1769.00	353.00
1770.00	363.00
1771.00	384.00
1772.00	367.00
1773.00	373.00
1774.00	430.00
1775.00	356.00
1776.00	355.00
1777.00	387.00
1778.00	384.00
1779.00	366.00
1780.00	377.00
1781.00	342.00
1782.00	366.00
1783.00	346.00
1784.00	378.00
1785.00	348.00
1786.00	387.00
1787.00	365.00
1788.00	328.00
1789.00	335.00
1790.00	334.00
1791.00	362.00
1792.00	353.00
1793.00	351.00
1794.00	337.00
1795.00	285.00
1796.00	343.00
1797.00	326.00
1798.00	329.00
1799.00	328.00
1800.00	342.00
1801.00	326.00
1802.00	296.00
1803.00	303.00
1804.00	289.00
1805.00	271.00
1806.00	274.00
1807.00	287.00
1808.00	263.00
1809.00	286.00
1810.00	290.00
1811.00	281.00
1812.00	286.00
1813.00	247.00
1814.00	251.00
1815.00	279.00
1816.00	263.00
1817.00	274.00
1818.00	240.00
1819.00	229.00
1820.00	249.00
1821.00	265.00
1822.00	278.00
1823.00	244.00
1824.00	230.00
1825.00	233.00
1826.00	268.00
1827.00	261.00
1828.00	228.00
1829.00	238.00
1830.00	239.00
1831.00	245.00
1832.00	215.00
1833.00	207.00
1834.00	231.00
1835.00	253.00
1836.00	231.00
1837.00	243.00
1838.00	222.00
1839.00	221.00
1840.00	224.00
1841.00	228.00
1842.00	211.00
1843.00	227.00
1844.00	230.00
1845.00	213.00
1846.00	212.00
1847.00	215.00
1848.00	189.00
1849.00	216.00
1850.00	194.00
1851.00	197.00
1852.00	207.00
1853.00	194.00
1854.00	187.00
1855.00	203.00
1856.00	198.00
1857.00	199.00
1858.00	177.00
1859.00	172.00
1860.00	184.00
1861.00	181.00
1862.00	223.00
1863.00	166.00
1864.00	201.00
1865.00	186.00
1866.00	164.00
1867.00	185.00
1868.00	197.00
1869.00	183.00
1870.00	205.00
1871.00	203.00
1872.00	210.00
1873.00	200.00
1874.00	210.00
1875.00	228.00
1876.00	195.00
1877.00	204.00
1878.00	212.00
1879.00	220.00
1880.00	222.00
1881.00	227.00
1882.00	251.00
1883.00	246.00
1884.00	238.00
1885.00	217.00
1886.00	216.00
1887.00	222.00
1888.00	228.00
1889.00	221.00
1890.00	252.00
1891.00	247.00
1892.00	224.00
1893.00	238.00
1894.00	228.00
1895.00	211.00
1896.00	199.00
1897.00	189.00
1898.00	192.00
1899.00	187.00
1900.00	194.00
1901.00	172.00
1902.00	196.00
1903.00	179.00
1904.00	187.00
1905.00	181.00
1906.00	167.00
1907.00	182.00
1908.00	156.00
1909.00	152.00
1910.00	144.00
1911.00	134.00
1912.00	172.00
1913.00	172.00
1914.00	138.00
1915.00	162.00
1916.00	173.00
1917.00	146.00
1918.00	163.00
1919.00	134.00
1920.00	147.00
1921.00	153.00
1922.00	152.00
1923.00	162.00
1924.00	159.00
1925.00	141.00
1926.00	143.00
1927.00	151.00
1928.00	166.00
1929.00	135.00
1930.00	163.00
1931.00	144.00
1932.00	152.00
1933.00	138.00
1934.00	124.00
1935.00	124.00
1936.00	154.00
1937.00	131.00
1938.00	134.00
1939.00	125.00
1940.00	135.00
1941.00	134.00
1942.00	114.00
1943.00	126.00
1944.00	131.00
1945.00	118.00
1946.00	118.00
1947.00	105.00
1948.00	112.00
1949.00	124.00
1950.00	116.00
1951.00	138.00
1952.00	122.00
1953.00	113.00
1954.00	121.00
1955.00	107.00
1956.00	99.00
1957.00	134.00
1958.00	111.00
1959.00	127.00
1960.00	108.00
1961.00	118.00
1962.00	142.00
1963.00	104.00
1964.00	112.00
1965.00	122.00
1966.00	100.00
1967.00	112.00
1968.00	111.00
1969.00	112.00
1970.00	130.00
1971.00	82.00
1972.00	110.00
1973.00	88.00
1974.00	112.00
1975.00	106.00
1976.00	129.00
1977.00	109.00
1978.00	107.00
1979.00	102.00
1980.00	101.00
1981.00	108.00
1982.00	92.00
1983.00	115.00
1984.00	94.00
1985.00	121.00
1986.00	107.00
1987.00	84.00
1988.00	115.00
1989.00	98.00
1990.00	109.00
1991.00	98.00
1992.00	115.00
1993.00	99.00
1994.00	113.00
1995.00	104.00
1996.00	78.00
1997.00	89.00
1998.00	85.00
1999.00	81.00
2000.00	92.00
2001.00	92.00
2002.00	58.00
2003.00	94.00
2004.00	99.00
2005.00	100.00
2006.00	85.00
2007.00	89.00
2008.00	94.00
2009.00	67.00
2010.00	90.00
2011.00	86.00
2012.00	72.00
2013.00	74.00
2014.00	98.00
2015.00	88.00
2016.00	69.00
2017.00	78.00
2018.00	84.00
2019.00	78.00
2020.00	73.00
2021.00	84.00
2022.00	89.00
2023.00	92.00
2024.00	66.00
2025.00	88.00
2026.00	97.00
2027.00	79.00
2028.00	81.00
2029.00	84.00
2030.00	94.00
2031.00	80.00
2032.00	67.00
2033.00	81.00
2034.00	70.00
2035.00	77.00
2036.00	84.00
2037.00	95.00
2038.00	89.00
2039.00	73.00
2040.00	81.00
2041.00	68.00
2042.00	82.00
2043.00	67.00
2044.00	69.00
2045.00	94.00
2046.00	67.00
2047.00	58.00
2048.00	 0.00
