Date:	2023-09-18		
Time:	21:32		
Sample name:	Pellets		
Position:	1352.200011	mm	
Sample surface:	5.966962	cm	
Tube anode:	Mo		
Tube voltage:	30	kV	
Tube current:	50	mA	
Comments	in position		
Gain	5.810000		
peaking_time	0.300000	m-sec	
trigger_threshold	30.000000	V	
mca_bin_width	2.000000	no:	
number_mca_channels	2048.000000	no:	
gap_time	0.100000	m-sec	
trigger_peaking_time	0.050000	m-sec	
livetime	17.362521	seconds	
runtime	20.000092	seconds	
input_count_rate	119708.593530	cps	
output_count_rate	103921.669362	cps	
triggers	2315402.000000	seconds	
events_in_run	2070511.000000	seconds	
channel	content		
 1.00	 0.00
 2.00	 0.00
 3.00	 0.00
 4.00	 0.00
 5.00	 0.00
 6.00	 0.00
 7.00	 0.00
 8.00	 0.00
 9.00	 0.00
10.00	 0.00
11.00	 0.00
12.00	 0.00
13.00	 0.00
14.00	 0.00
15.00	 0.00
16.00	 0.00
17.00	 0.00
18.00	 0.00
19.00	 0.00
20.00	 0.00
21.00	 0.00
22.00	 0.00
23.00	 0.00
24.00	 0.00
25.00	 0.00
26.00	 0.00
27.00	 0.00
28.00	 0.00
29.00	 0.00
30.00	 0.00
31.00	 0.00
32.00	 0.00
33.00	 0.00
34.00	 1.00
35.00	 0.00
36.00	 0.00
37.00	 0.00
38.00	 2.00
39.00	 3.00
40.00	 6.00
41.00	 3.00
42.00	 4.00
43.00	 7.00
44.00	 7.00
45.00	12.00
46.00	13.00
47.00	18.00
48.00	23.00
49.00	19.00
50.00	20.00
51.00	28.00
52.00	18.00
53.00	37.00
54.00	31.00
55.00	36.00
56.00	27.00
57.00	26.00
58.00	41.00
59.00	29.00
60.00	44.00
61.00	37.00
62.00	37.00
63.00	36.00
64.00	35.00
65.00	32.00
66.00	28.00
67.00	44.00
68.00	38.00
69.00	37.00
70.00	39.00
71.00	48.00
72.00	36.00
73.00	49.00
74.00	42.00
75.00	40.00
76.00	38.00
77.00	47.00
78.00	36.00
79.00	41.00
80.00	37.00
81.00	47.00
82.00	56.00
83.00	53.00
84.00	47.00
85.00	48.00
86.00	40.00
87.00	42.00
88.00	41.00
89.00	43.00
90.00	32.00
91.00	36.00
92.00	40.00
93.00	33.00
94.00	43.00
95.00	31.00
96.00	26.00
97.00	37.00
98.00	38.00
99.00	33.00
100.00	22.00
101.00	29.00
102.00	29.00
103.00	45.00
104.00	41.00
105.00	38.00
106.00	32.00
107.00	30.00
108.00	33.00
109.00	36.00
110.00	31.00
111.00	29.00
112.00	27.00
113.00	28.00
114.00	33.00
115.00	27.00
116.00	20.00
117.00	34.00
118.00	40.00
119.00	38.00
120.00	28.00
121.00	28.00
122.00	31.00
123.00	25.00
124.00	33.00
125.00	27.00
126.00	32.00
127.00	25.00
128.00	25.00
129.00	41.00
130.00	31.00
131.00	28.00
132.00	33.00
133.00	26.00
134.00	33.00
135.00	26.00
136.00	30.00
137.00	23.00
138.00	49.00
139.00	51.00
140.00	74.00
141.00	81.00
142.00	111.00
143.00	133.00
144.00	157.00
145.00	129.00
146.00	129.00
147.00	106.00
148.00	94.00
149.00	100.00
150.00	87.00
151.00	73.00
152.00	70.00
153.00	62.00
154.00	47.00
155.00	50.00
156.00	52.00
157.00	49.00
158.00	62.00
159.00	45.00
160.00	96.00
161.00	129.00
162.00	240.00
163.00	286.00
164.00	504.00
165.00	717.00
166.00	945.00
167.00	1079.00
168.00	1213.00
169.00	1315.00
170.00	1242.00
171.00	1077.00
172.00	935.00
173.00	748.00
174.00	535.00
175.00	395.00
176.00	288.00
177.00	212.00
178.00	166.00
179.00	128.00
180.00	130.00
181.00	132.00
182.00	155.00
183.00	193.00
184.00	256.00
185.00	315.00
186.00	390.00
187.00	443.00
188.00	522.00
189.00	485.00
190.00	515.00
191.00	448.00
192.00	337.00
193.00	323.00
194.00	213.00
195.00	168.00
196.00	120.00
197.00	96.00
198.00	66.00
199.00	48.00
200.00	57.00
201.00	49.00
202.00	38.00
203.00	36.00
204.00	41.00
205.00	21.00
206.00	38.00
207.00	31.00
208.00	42.00
209.00	41.00
210.00	38.00
211.00	39.00
212.00	35.00
213.00	46.00
214.00	59.00
215.00	57.00
216.00	75.00
217.00	83.00
218.00	80.00
219.00	82.00
220.00	97.00
221.00	92.00
222.00	76.00
223.00	87.00
224.00	73.00
225.00	74.00
226.00	56.00
227.00	41.00
228.00	44.00
229.00	47.00
230.00	38.00
231.00	32.00
232.00	35.00
233.00	28.00
234.00	27.00
235.00	27.00
236.00	20.00
237.00	35.00
238.00	33.00
239.00	31.00
240.00	35.00
241.00	40.00
242.00	32.00
243.00	30.00
244.00	30.00
245.00	36.00
246.00	28.00
247.00	27.00
248.00	30.00
249.00	33.00
250.00	33.00
251.00	27.00
252.00	32.00
253.00	27.00
254.00	27.00
255.00	40.00
256.00	37.00
257.00	40.00
258.00	41.00
259.00	30.00
260.00	31.00
261.00	33.00
262.00	37.00
263.00	31.00
264.00	46.00
265.00	28.00
266.00	35.00
267.00	39.00
268.00	40.00
269.00	45.00
270.00	35.00
271.00	46.00
272.00	28.00
273.00	42.00
274.00	40.00
275.00	42.00
276.00	41.00
277.00	36.00
278.00	63.00
279.00	76.00
280.00	101.00
281.00	139.00
282.00	152.00
283.00	188.00
284.00	203.00
285.00	226.00
286.00	268.00
287.00	272.00
288.00	304.00
289.00	227.00
290.00	201.00
291.00	194.00
292.00	143.00
293.00	139.00
294.00	105.00
295.00	88.00
296.00	64.00
297.00	57.00
298.00	47.00
299.00	52.00
300.00	57.00
301.00	66.00
302.00	67.00
303.00	59.00
304.00	73.00
305.00	67.00
306.00	87.00
307.00	87.00
308.00	120.00
309.00	143.00
310.00	193.00
311.00	275.00
312.00	362.00
313.00	520.00
314.00	770.00
315.00	1015.00
316.00	1271.00
317.00	1559.00
318.00	1897.00
319.00	2244.00
320.00	2403.00
321.00	2385.00
322.00	2446.00
323.00	2243.00
324.00	2032.00
325.00	1775.00
326.00	1335.00
327.00	1023.00
328.00	801.00
329.00	542.00
330.00	356.00
331.00	207.00
332.00	191.00
333.00	142.00
334.00	125.00
335.00	124.00
336.00	114.00
337.00	127.00
338.00	152.00
339.00	206.00
340.00	266.00
341.00	346.00
342.00	453.00
343.00	652.00
344.00	975.00
345.00	1531.00
346.00	2289.00
347.00	3531.00
348.00	5182.00
349.00	7722.00
350.00	11036.00
351.00	15015.00
352.00	19943.00
353.00	24696.00
354.00	30372.00
355.00	34688.00
356.00	38012.00
357.00	39369.00
358.00	39519.00
359.00	37534.00
360.00	34307.00
361.00	29451.00
362.00	24322.00
363.00	19144.00
364.00	14527.00
365.00	10244.00
366.00	7107.00
367.00	4567.00
368.00	2998.00
369.00	1831.00
370.00	1160.00
371.00	707.00
372.00	499.00
373.00	379.00
374.00	359.00
375.00	370.00
376.00	444.00
377.00	565.00
378.00	753.00
379.00	1034.00
380.00	1378.00
381.00	1840.00
382.00	2499.00
383.00	3126.00
384.00	3661.00
385.00	4556.00
386.00	5115.00
387.00	5688.00
388.00	6104.00
389.00	5807.00
390.00	5603.00
391.00	5225.00
392.00	4520.00
393.00	3903.00
394.00	3010.00
395.00	2434.00
396.00	1877.00
397.00	1259.00
398.00	872.00
399.00	574.00
400.00	360.00
401.00	239.00
402.00	175.00
403.00	115.00
404.00	84.00
405.00	63.00
406.00	49.00
407.00	29.00
408.00	47.00
409.00	34.00
410.00	25.00
411.00	35.00
412.00	28.00
413.00	30.00
414.00	40.00
415.00	45.00
416.00	46.00
417.00	46.00
418.00	47.00
419.00	41.00
420.00	48.00
421.00	62.00
422.00	66.00
423.00	83.00
424.00	114.00
425.00	122.00
426.00	218.00
427.00	254.00
428.00	374.00
429.00	449.00
430.00	565.00
431.00	659.00
432.00	781.00
433.00	906.00
434.00	1088.00
435.00	1125.00
436.00	1127.00
437.00	1157.00
438.00	1122.00
439.00	978.00
440.00	856.00
441.00	762.00
442.00	680.00
443.00	512.00
444.00	453.00
445.00	406.00
446.00	292.00
447.00	259.00
448.00	245.00
449.00	216.00
450.00	222.00
451.00	178.00
452.00	206.00
453.00	179.00
454.00	150.00
455.00	152.00
456.00	142.00
457.00	126.00
458.00	113.00
459.00	89.00
460.00	98.00
461.00	97.00
462.00	76.00
463.00	122.00
464.00	101.00
465.00	115.00
466.00	118.00
467.00	152.00
468.00	134.00
469.00	179.00
470.00	171.00
471.00	193.00
472.00	258.00
473.00	281.00
474.00	258.00
475.00	289.00
476.00	305.00
477.00	310.00
478.00	335.00
479.00	297.00
480.00	305.00
481.00	257.00
482.00	232.00
483.00	212.00
484.00	158.00
485.00	163.00
486.00	111.00
487.00	118.00
488.00	105.00
489.00	91.00
490.00	81.00
491.00	65.00
492.00	84.00
493.00	87.00
494.00	74.00
495.00	67.00
496.00	81.00
497.00	91.00
498.00	99.00
499.00	77.00
500.00	91.00
501.00	101.00
502.00	112.00
503.00	97.00
504.00	104.00
505.00	101.00
506.00	95.00
507.00	107.00
508.00	116.00
509.00	106.00
510.00	93.00
511.00	104.00
512.00	137.00
513.00	117.00
514.00	146.00
515.00	172.00
516.00	131.00
517.00	162.00
518.00	168.00
519.00	181.00
520.00	180.00
521.00	179.00
522.00	200.00
523.00	185.00
524.00	207.00
525.00	208.00
526.00	192.00
527.00	213.00
528.00	160.00
529.00	179.00
530.00	158.00
531.00	143.00
532.00	135.00
533.00	131.00
534.00	147.00
535.00	133.00
536.00	139.00
537.00	142.00
538.00	143.00
539.00	158.00
540.00	126.00
541.00	136.00
542.00	126.00
543.00	157.00
544.00	136.00
545.00	126.00
546.00	141.00
547.00	149.00
548.00	155.00
549.00	167.00
550.00	170.00
551.00	165.00
552.00	165.00
553.00	202.00
554.00	189.00
555.00	173.00
556.00	231.00
557.00	256.00
558.00	284.00
559.00	378.00
560.00	457.00
561.00	544.00
562.00	687.00
563.00	837.00
564.00	911.00
565.00	1033.00
566.00	1193.00
567.00	1260.00
568.00	1402.00
569.00	1431.00
570.00	1500.00
571.00	1398.00
572.00	1374.00
573.00	1212.00
574.00	1110.00
575.00	1029.00
576.00	774.00
577.00	676.00
578.00	547.00
579.00	496.00
580.00	356.00
581.00	326.00
582.00	284.00
583.00	226.00
584.00	197.00
585.00	206.00
586.00	196.00
587.00	181.00
588.00	189.00
589.00	176.00
590.00	203.00
591.00	187.00
592.00	178.00
593.00	225.00
594.00	235.00
595.00	266.00
596.00	264.00
597.00	315.00
598.00	320.00
599.00	448.00
600.00	574.00
601.00	803.00
602.00	1022.00
603.00	1476.00
604.00	2061.00
605.00	2935.00
606.00	4046.00
607.00	5482.00
608.00	7673.00
609.00	10051.00
610.00	13204.00
611.00	16592.00
612.00	20186.00
613.00	23735.00
614.00	27966.00
615.00	31629.00
616.00	34232.00
617.00	35932.00
618.00	37190.00
619.00	36788.00
620.00	35532.00
621.00	33792.00
622.00	30341.00
623.00	27116.00
624.00	22858.00
625.00	19214.00
626.00	15572.00
627.00	12389.00
628.00	9371.00
629.00	6906.00
630.00	5265.00
631.00	3593.00
632.00	2595.00
633.00	1756.00
634.00	1215.00
635.00	954.00
636.00	705.00
637.00	536.00
638.00	445.00
639.00	388.00
640.00	341.00
641.00	337.00
642.00	312.00
643.00	307.00
644.00	293.00
645.00	274.00
646.00	295.00
647.00	292.00
648.00	272.00
649.00	309.00
650.00	306.00
651.00	307.00
652.00	299.00
653.00	347.00
654.00	324.00
655.00	327.00
656.00	378.00
657.00	394.00
658.00	386.00
659.00	367.00
660.00	446.00
661.00	412.00
662.00	452.00
663.00	483.00
664.00	522.00
665.00	634.00
666.00	759.00
667.00	866.00
668.00	994.00
669.00	1164.00
670.00	1484.00
671.00	1790.00
672.00	2129.00
673.00	2664.00
674.00	3174.00
675.00	3630.00
676.00	4254.00
677.00	4584.00
678.00	5232.00
679.00	5639.00
680.00	5923.00
681.00	5957.00
682.00	5839.00
683.00	5809.00
684.00	5426.00
685.00	5151.00
686.00	4585.00
687.00	4018.00
688.00	3307.00
689.00	2940.00
690.00	2310.00
691.00	1991.00
692.00	1540.00
693.00	1195.00
694.00	950.00
695.00	737.00
696.00	578.00
697.00	501.00
698.00	397.00
699.00	402.00
700.00	335.00
701.00	328.00
702.00	345.00
703.00	302.00
704.00	268.00
705.00	312.00
706.00	339.00
707.00	329.00
708.00	352.00
709.00	355.00
710.00	382.00
711.00	382.00
712.00	400.00
713.00	417.00
714.00	426.00
715.00	430.00
716.00	464.00
717.00	472.00
718.00	489.00
719.00	509.00
720.00	487.00
721.00	509.00
722.00	475.00
723.00	461.00
724.00	436.00
725.00	491.00
726.00	468.00
727.00	446.00
728.00	363.00
729.00	435.00
730.00	381.00
731.00	354.00
732.00	356.00
733.00	333.00
734.00	331.00
735.00	337.00
736.00	310.00
737.00	310.00
738.00	343.00
739.00	299.00
740.00	308.00
741.00	319.00
742.00	297.00
743.00	325.00
744.00	292.00
745.00	292.00
746.00	319.00
747.00	314.00
748.00	306.00
749.00	292.00
750.00	318.00
751.00	317.00
752.00	310.00
753.00	291.00
754.00	318.00
755.00	344.00
756.00	333.00
757.00	352.00
758.00	288.00
759.00	313.00
760.00	315.00
761.00	331.00
762.00	324.00
763.00	328.00
764.00	375.00
765.00	347.00
766.00	351.00
767.00	373.00
768.00	417.00
769.00	415.00
770.00	426.00
771.00	477.00
772.00	429.00
773.00	479.00
774.00	446.00
775.00	470.00
776.00	480.00
777.00	516.00
778.00	453.00
779.00	501.00
780.00	448.00
781.00	483.00
782.00	434.00
783.00	482.00
784.00	468.00
785.00	445.00
786.00	440.00
787.00	476.00
788.00	473.00
789.00	430.00
790.00	445.00
791.00	458.00
792.00	432.00
793.00	516.00
794.00	480.00
795.00	478.00
796.00	467.00
797.00	463.00
798.00	471.00
799.00	486.00
800.00	515.00
801.00	517.00
802.00	519.00
803.00	535.00
804.00	544.00
805.00	511.00
806.00	562.00
807.00	533.00
808.00	549.00
809.00	532.00
810.00	553.00
811.00	504.00
812.00	525.00
813.00	569.00
814.00	532.00
815.00	570.00
816.00	541.00
817.00	515.00
818.00	548.00
819.00	554.00
820.00	534.00
821.00	505.00
822.00	558.00
823.00	560.00
824.00	627.00
825.00	637.00
826.00	667.00
827.00	711.00
828.00	710.00
829.00	749.00
830.00	783.00
831.00	766.00
832.00	819.00
833.00	813.00
834.00	783.00
835.00	786.00
836.00	797.00
837.00	725.00
838.00	734.00
839.00	698.00
840.00	661.00
841.00	653.00
842.00	659.00
843.00	629.00
844.00	582.00
845.00	631.00
846.00	579.00
847.00	532.00
848.00	504.00
849.00	546.00
850.00	526.00
851.00	567.00
852.00	511.00
853.00	534.00
854.00	598.00
855.00	526.00
856.00	518.00
857.00	530.00
858.00	603.00
859.00	530.00
860.00	559.00
861.00	534.00
862.00	563.00
863.00	564.00
864.00	535.00
865.00	534.00
866.00	564.00
867.00	563.00
868.00	544.00
869.00	541.00
870.00	498.00
871.00	530.00
872.00	522.00
873.00	538.00
874.00	523.00
875.00	564.00
876.00	553.00
877.00	542.00
878.00	517.00
879.00	557.00
880.00	557.00
881.00	566.00
882.00	585.00
883.00	564.00
884.00	576.00
885.00	554.00
886.00	601.00
887.00	580.00
888.00	617.00
889.00	580.00
890.00	599.00
891.00	579.00
892.00	576.00
893.00	620.00
894.00	586.00
895.00	583.00
896.00	609.00
897.00	609.00
898.00	572.00
899.00	628.00
900.00	615.00
901.00	643.00
902.00	619.00
903.00	587.00
904.00	598.00
905.00	634.00
906.00	578.00
907.00	595.00
908.00	623.00
909.00	637.00
910.00	632.00
911.00	655.00
912.00	643.00
913.00	630.00
914.00	643.00
915.00	643.00
916.00	628.00
917.00	633.00
918.00	658.00
919.00	663.00
920.00	665.00
921.00	658.00
922.00	709.00
923.00	709.00
924.00	689.00
925.00	728.00
926.00	673.00
927.00	701.00
928.00	743.00
929.00	674.00
930.00	679.00
931.00	715.00
932.00	701.00
933.00	642.00
934.00	644.00
935.00	728.00
936.00	650.00
937.00	640.00
938.00	683.00
939.00	673.00
940.00	612.00
941.00	675.00
942.00	647.00
943.00	698.00
944.00	728.00
945.00	647.00
946.00	668.00
947.00	679.00
948.00	641.00
949.00	626.00
950.00	664.00
951.00	626.00
952.00	675.00
953.00	638.00
954.00	662.00
955.00	638.00
956.00	666.00
957.00	693.00
958.00	675.00
959.00	674.00
960.00	683.00
961.00	651.00
962.00	714.00
963.00	689.00
964.00	764.00
965.00	726.00
966.00	693.00
967.00	758.00
968.00	764.00
969.00	695.00
970.00	732.00
971.00	784.00
972.00	812.00
973.00	709.00
974.00	730.00
975.00	775.00
976.00	743.00
977.00	738.00
978.00	695.00
979.00	741.00
980.00	724.00
981.00	715.00
982.00	725.00
983.00	720.00
984.00	715.00
985.00	731.00
986.00	668.00
987.00	692.00
988.00	656.00
989.00	708.00
990.00	655.00
991.00	681.00
992.00	653.00
993.00	724.00
994.00	690.00
995.00	676.00
996.00	706.00
997.00	691.00
998.00	705.00
999.00	736.00
1000.00	682.00
1001.00	670.00
1002.00	666.00
1003.00	682.00
1004.00	685.00
1005.00	740.00
1006.00	693.00
1007.00	714.00
1008.00	705.00
1009.00	723.00
1010.00	676.00
1011.00	726.00
1012.00	690.00
1013.00	719.00
1014.00	690.00
1015.00	741.00
1016.00	748.00
1017.00	714.00
1018.00	760.00
1019.00	714.00
1020.00	690.00
1021.00	699.00
1022.00	728.00
1023.00	707.00
1024.00	670.00
1025.00	701.00
1026.00	652.00
1027.00	699.00
1028.00	654.00
1029.00	714.00
1030.00	714.00
1031.00	720.00
1032.00	710.00
1033.00	689.00
1034.00	707.00
1035.00	726.00
1036.00	711.00
1037.00	710.00
1038.00	690.00
1039.00	674.00
1040.00	698.00
1041.00	717.00
1042.00	684.00
1043.00	746.00
1044.00	716.00
1045.00	735.00
1046.00	691.00
1047.00	748.00
1048.00	667.00
1049.00	707.00
1050.00	660.00
1051.00	715.00
1052.00	651.00
1053.00	671.00
1054.00	737.00
1055.00	709.00
1056.00	704.00
1057.00	724.00
1058.00	727.00
1059.00	732.00
1060.00	687.00
1061.00	659.00
1062.00	696.00
1063.00	680.00
1064.00	690.00
1065.00	700.00
1066.00	711.00
1067.00	706.00
1068.00	707.00
1069.00	713.00
1070.00	732.00
1071.00	712.00
1072.00	767.00
1073.00	730.00
1074.00	757.00
1075.00	705.00
1076.00	726.00
1077.00	733.00
1078.00	727.00
1079.00	733.00
1080.00	744.00
1081.00	755.00
1082.00	771.00
1083.00	728.00
1084.00	707.00
1085.00	726.00
1086.00	737.00
1087.00	697.00
1088.00	744.00
1089.00	672.00
1090.00	788.00
1091.00	759.00
1092.00	723.00
1093.00	774.00
1094.00	720.00
1095.00	752.00
1096.00	731.00
1097.00	700.00
1098.00	769.00
1099.00	790.00
1100.00	726.00
1101.00	779.00
1102.00	736.00
1103.00	782.00
1104.00	761.00
1105.00	747.00
1106.00	748.00
1107.00	677.00
1108.00	762.00
1109.00	746.00
1110.00	764.00
1111.00	751.00
1112.00	786.00
1113.00	766.00
1114.00	769.00
1115.00	735.00
1116.00	775.00
1117.00	740.00
1118.00	690.00
1119.00	738.00
1120.00	745.00
1121.00	741.00
1122.00	744.00
1123.00	726.00
1124.00	749.00
1125.00	750.00
1126.00	739.00
1127.00	752.00
1128.00	713.00
1129.00	729.00
1130.00	713.00
1131.00	732.00
1132.00	751.00
1133.00	743.00
1134.00	726.00
1135.00	726.00
1136.00	743.00
1137.00	766.00
1138.00	731.00
1139.00	705.00
1140.00	722.00
1141.00	806.00
1142.00	746.00
1143.00	724.00
1144.00	748.00
1145.00	769.00
1146.00	802.00
1147.00	763.00
1148.00	743.00
1149.00	771.00
1150.00	737.00
1151.00	738.00
1152.00	711.00
1153.00	758.00
1154.00	732.00
1155.00	744.00
1156.00	705.00
1157.00	730.00
1158.00	781.00
1159.00	726.00
1160.00	785.00
1161.00	735.00
1162.00	807.00
1163.00	756.00
1164.00	768.00
1165.00	716.00
1166.00	708.00
1167.00	718.00
1168.00	781.00
1169.00	765.00
1170.00	706.00
1171.00	711.00
1172.00	730.00
1173.00	781.00
1174.00	807.00
1175.00	747.00
1176.00	745.00
1177.00	806.00
1178.00	749.00
1179.00	718.00
1180.00	746.00
1181.00	749.00
1182.00	762.00
1183.00	764.00
1184.00	703.00
1185.00	702.00
1186.00	751.00
1187.00	758.00
1188.00	776.00
1189.00	741.00
1190.00	714.00
1191.00	760.00
1192.00	733.00
1193.00	717.00
1194.00	734.00
1195.00	822.00
1196.00	790.00
1197.00	729.00
1198.00	788.00
1199.00	757.00
1200.00	742.00
1201.00	774.00
1202.00	717.00
1203.00	747.00
1204.00	750.00
1205.00	763.00
1206.00	754.00
1207.00	780.00
1208.00	778.00
1209.00	774.00
1210.00	789.00
1211.00	755.00
1212.00	826.00
1213.00	761.00
1214.00	773.00
1215.00	735.00
1216.00	796.00
1217.00	795.00
1218.00	772.00
1219.00	777.00
1220.00	778.00
1221.00	747.00
1222.00	759.00
1223.00	793.00
1224.00	807.00
1225.00	774.00
1226.00	822.00
1227.00	789.00
1228.00	777.00
1229.00	784.00
1230.00	784.00
1231.00	735.00
1232.00	781.00
1233.00	822.00
1234.00	726.00
1235.00	817.00
1236.00	777.00
1237.00	807.00
1238.00	782.00
1239.00	792.00
1240.00	746.00
1241.00	741.00
1242.00	811.00
1243.00	758.00
1244.00	757.00
1245.00	702.00
1246.00	769.00
1247.00	761.00
1248.00	748.00
1249.00	714.00
1250.00	707.00
1251.00	757.00
1252.00	771.00
1253.00	751.00
1254.00	760.00
1255.00	760.00
1256.00	751.00
1257.00	765.00
1258.00	760.00
1259.00	733.00
1260.00	761.00
1261.00	750.00
1262.00	723.00
1263.00	744.00
1264.00	698.00
1265.00	771.00
1266.00	757.00
1267.00	724.00
1268.00	722.00
1269.00	714.00
1270.00	760.00
1271.00	699.00
1272.00	775.00
1273.00	793.00
1274.00	750.00
1275.00	750.00
1276.00	699.00
1277.00	761.00
1278.00	772.00
1279.00	834.00
1280.00	760.00
1281.00	783.00
1282.00	806.00
1283.00	833.00
1284.00	824.00
1285.00	851.00
1286.00	861.00
1287.00	853.00
1288.00	791.00
1289.00	870.00
1290.00	881.00
1291.00	822.00
1292.00	806.00
1293.00	813.00
1294.00	793.00
1295.00	834.00
1296.00	800.00
1297.00	847.00
1298.00	812.00
1299.00	750.00
1300.00	735.00
1301.00	793.00
1302.00	818.00
1303.00	747.00
1304.00	794.00
1305.00	744.00
1306.00	718.00
1307.00	771.00
1308.00	770.00
1309.00	713.00
1310.00	739.00
1311.00	770.00
1312.00	704.00
1313.00	738.00
1314.00	696.00
1315.00	685.00
1316.00	732.00
1317.00	722.00
1318.00	671.00
1319.00	726.00
1320.00	737.00
1321.00	711.00
1322.00	726.00
1323.00	713.00
1324.00	666.00
1325.00	712.00
1326.00	692.00
1327.00	745.00
1328.00	727.00
1329.00	717.00
1330.00	683.00
1331.00	704.00
1332.00	661.00
1333.00	687.00
1334.00	654.00
1335.00	678.00
1336.00	723.00
1337.00	686.00
1338.00	726.00
1339.00	707.00
1340.00	742.00
1341.00	717.00
1342.00	738.00
1343.00	742.00
1344.00	801.00
1345.00	807.00
1346.00	752.00
1347.00	840.00
1348.00	831.00
1349.00	860.00
1350.00	919.00
1351.00	949.00
1352.00	921.00
1353.00	985.00
1354.00	1016.00
1355.00	1099.00
1356.00	1114.00
1357.00	1168.00
1358.00	1236.00
1359.00	1280.00
1360.00	1386.00
1361.00	1270.00
1362.00	1401.00
1363.00	1353.00
1364.00	1340.00
1365.00	1449.00
1366.00	1335.00
1367.00	1343.00
1368.00	1263.00
1369.00	1270.00
1370.00	1187.00
1371.00	1135.00
1372.00	1133.00
1373.00	1099.00
1374.00	996.00
1375.00	936.00
1376.00	946.00
1377.00	904.00
1378.00	862.00
1379.00	833.00
1380.00	838.00
1381.00	787.00
1382.00	767.00
1383.00	718.00
1384.00	735.00
1385.00	735.00
1386.00	671.00
1387.00	738.00
1388.00	697.00
1389.00	645.00
1390.00	650.00
1391.00	692.00
1392.00	620.00
1393.00	656.00
1394.00	666.00
1395.00	637.00
1396.00	665.00
1397.00	640.00
1398.00	655.00
1399.00	644.00
1400.00	649.00
1401.00	628.00
1402.00	667.00
1403.00	667.00
1404.00	628.00
1405.00	654.00
1406.00	657.00
1407.00	646.00
1408.00	620.00
1409.00	657.00
1410.00	662.00
1411.00	642.00
1412.00	618.00
1413.00	640.00
1414.00	630.00
1415.00	643.00
1416.00	600.00
1417.00	593.00
1418.00	643.00
1419.00	602.00
1420.00	677.00
1421.00	641.00
1422.00	625.00
1423.00	616.00
1424.00	619.00
1425.00	639.00
1426.00	604.00
1427.00	613.00
1428.00	656.00
1429.00	625.00
1430.00	576.00
1431.00	626.00
1432.00	623.00
1433.00	636.00
1434.00	667.00
1435.00	626.00
1436.00	638.00
1437.00	666.00
1438.00	700.00
1439.00	638.00
1440.00	700.00
1441.00	637.00
1442.00	696.00
1443.00	700.00
1444.00	672.00
1445.00	697.00
1446.00	661.00
1447.00	680.00
1448.00	670.00
1449.00	626.00
1450.00	671.00
1451.00	593.00
1452.00	659.00
1453.00	662.00
1454.00	649.00
1455.00	617.00
1456.00	610.00
1457.00	610.00
1458.00	610.00
1459.00	655.00
1460.00	594.00
1461.00	616.00
1462.00	622.00
1463.00	631.00
1464.00	597.00
1465.00	643.00
1466.00	551.00
1467.00	602.00
1468.00	673.00
1469.00	646.00
1470.00	608.00
1471.00	599.00
1472.00	593.00
1473.00	617.00
1474.00	620.00
1475.00	617.00
1476.00	606.00
1477.00	585.00
1478.00	588.00
1479.00	612.00
1480.00	622.00
1481.00	612.00
1482.00	615.00
1483.00	651.00
1484.00	606.00
1485.00	564.00
1486.00	563.00
1487.00	583.00
1488.00	592.00
1489.00	606.00
1490.00	611.00
1491.00	578.00
1492.00	607.00
1493.00	560.00
1494.00	630.00
1495.00	599.00
1496.00	576.00
1497.00	648.00
1498.00	609.00
1499.00	620.00
1500.00	624.00
1501.00	582.00
1502.00	614.00
1503.00	636.00
1504.00	584.00
1505.00	620.00
1506.00	632.00
1507.00	637.00
1508.00	608.00
1509.00	703.00
1510.00	695.00
1511.00	691.00
1512.00	695.00
1513.00	702.00
1514.00	692.00
1515.00	721.00
1516.00	687.00
1517.00	700.00
1518.00	720.00
1519.00	728.00
1520.00	735.00
1521.00	727.00
1522.00	757.00
1523.00	800.00
1524.00	756.00
1525.00	812.00
1526.00	749.00
1527.00	736.00
1528.00	790.00
1529.00	724.00
1530.00	753.00
1531.00	690.00
1532.00	735.00
1533.00	745.00
1534.00	693.00
1535.00	680.00
1536.00	706.00
1537.00	685.00
1538.00	713.00
1539.00	680.00
1540.00	666.00
1541.00	669.00
1542.00	665.00
1543.00	642.00
1544.00	648.00
1545.00	708.00
1546.00	723.00
1547.00	731.00
1548.00	689.00
1549.00	697.00
1550.00	685.00
1551.00	679.00
1552.00	700.00
1553.00	718.00
1554.00	693.00
1555.00	711.00
1556.00	704.00
1557.00	751.00
1558.00	742.00
1559.00	768.00
1560.00	701.00
1561.00	814.00
1562.00	806.00
1563.00	788.00
1564.00	780.00
1565.00	822.00
1566.00	857.00
1567.00	854.00
1568.00	858.00
1569.00	832.00
1570.00	886.00
1571.00	847.00
1572.00	912.00
1573.00	908.00
1574.00	856.00
1575.00	931.00
1576.00	1017.00
1577.00	925.00
1578.00	970.00
1579.00	995.00
1580.00	938.00
1581.00	975.00
1582.00	995.00
1583.00	988.00
1584.00	1021.00
1585.00	1064.00
1586.00	1062.00
1587.00	1026.00
1588.00	1023.00
1589.00	1006.00
1590.00	976.00
1591.00	1019.00
1592.00	952.00
1593.00	1017.00
1594.00	1011.00
1595.00	983.00
1596.00	981.00
1597.00	966.00
1598.00	1012.00
1599.00	943.00
1600.00	946.00
1601.00	956.00
1602.00	1005.00
1603.00	831.00
1604.00	901.00
1605.00	881.00
1606.00	854.00
1607.00	834.00
1608.00	891.00
1609.00	824.00
1610.00	797.00
1611.00	769.00
1612.00	788.00
1613.00	811.00
1614.00	809.00
1615.00	753.00
1616.00	745.00
1617.00	737.00
1618.00	758.00
1619.00	712.00
1620.00	650.00
1621.00	654.00
1622.00	638.00
1623.00	694.00
1624.00	641.00
1625.00	668.00
1626.00	626.00
1627.00	626.00
1628.00	608.00
1629.00	634.00
1630.00	623.00
1631.00	570.00
1632.00	586.00
1633.00	555.00
1634.00	564.00
1635.00	567.00
1636.00	537.00
1637.00	534.00
1638.00	583.00
1639.00	531.00
1640.00	502.00
1641.00	554.00
1642.00	501.00
1643.00	500.00
1644.00	499.00
1645.00	487.00
1646.00	488.00
1647.00	547.00
1648.00	490.00
1649.00	447.00
1650.00	512.00
1651.00	493.00
1652.00	462.00
1653.00	487.00
1654.00	497.00
1655.00	487.00
1656.00	457.00
1657.00	486.00
1658.00	512.00
1659.00	500.00
1660.00	477.00
1661.00	502.00
1662.00	537.00
1663.00	531.00
1664.00	536.00
1665.00	583.00
1666.00	656.00
1667.00	620.00
1668.00	692.00
1669.00	678.00
1670.00	713.00
1671.00	745.00
1672.00	751.00
1673.00	766.00
1674.00	840.00
1675.00	873.00
1676.00	866.00
1677.00	891.00
1678.00	899.00
1679.00	952.00
1680.00	920.00
1681.00	977.00
1682.00	958.00
1683.00	951.00
1684.00	919.00
1685.00	984.00
1686.00	902.00
1687.00	877.00
1688.00	886.00
1689.00	834.00
1690.00	807.00
1691.00	718.00
1692.00	714.00
1693.00	708.00
1694.00	655.00
1695.00	630.00
1696.00	621.00
1697.00	614.00
1698.00	552.00
1699.00	561.00
1700.00	497.00
1701.00	492.00
1702.00	478.00
1703.00	502.00
1704.00	448.00
1705.00	409.00
1706.00	411.00
1707.00	400.00
1708.00	400.00
1709.00	407.00
1710.00	404.00
1711.00	402.00
1712.00	425.00
1713.00	336.00
1714.00	333.00
1715.00	403.00
1716.00	386.00
1717.00	387.00
1718.00	393.00
1719.00	360.00
1720.00	388.00
1721.00	374.00
1722.00	370.00
1723.00	378.00
1724.00	359.00
1725.00	369.00
1726.00	348.00
1727.00	372.00
1728.00	345.00
1729.00	410.00
1730.00	350.00
1731.00	361.00
1732.00	402.00
1733.00	350.00
1734.00	371.00
1735.00	379.00
1736.00	358.00
1737.00	384.00
1738.00	387.00
1739.00	404.00
1740.00	359.00
1741.00	331.00
1742.00	367.00
1743.00	390.00
1744.00	365.00
1745.00	369.00
1746.00	386.00
1747.00	353.00
1748.00	381.00
1749.00	396.00
1750.00	383.00
1751.00	394.00
1752.00	374.00
1753.00	359.00
1754.00	382.00
1755.00	374.00
1756.00	393.00
1757.00	419.00
1758.00	382.00
1759.00	394.00
1760.00	377.00
1761.00	383.00
1762.00	416.00
1763.00	382.00
1764.00	414.00
1765.00	385.00
1766.00	355.00
1767.00	359.00
1768.00	375.00
1769.00	376.00
1770.00	410.00
1771.00	388.00
1772.00	375.00
1773.00	392.00
1774.00	370.00
1775.00	361.00
1776.00	418.00
1777.00	411.00
1778.00	338.00
1779.00	342.00
1780.00	399.00
1781.00	344.00
1782.00	403.00
1783.00	378.00
1784.00	362.00
1785.00	341.00
1786.00	353.00
1787.00	375.00
1788.00	375.00
1789.00	356.00
1790.00	381.00
1791.00	338.00
1792.00	354.00
1793.00	313.00
1794.00	377.00
1795.00	365.00
1796.00	315.00
1797.00	348.00
1798.00	343.00
1799.00	338.00
1800.00	317.00
1801.00	299.00
1802.00	312.00
1803.00	300.00
1804.00	309.00
1805.00	288.00
1806.00	311.00
1807.00	301.00
1808.00	289.00
1809.00	296.00
1810.00	272.00
1811.00	287.00
1812.00	300.00
1813.00	253.00
1814.00	248.00
1815.00	266.00
1816.00	319.00
1817.00	283.00
1818.00	277.00
1819.00	293.00
1820.00	240.00
1821.00	260.00
1822.00	290.00
1823.00	249.00
1824.00	214.00
1825.00	218.00
1826.00	243.00
1827.00	246.00
1828.00	236.00
1829.00	253.00
1830.00	222.00
1831.00	229.00
1832.00	220.00
1833.00	245.00
1834.00	226.00
1835.00	230.00
1836.00	248.00
1837.00	222.00
1838.00	247.00
1839.00	244.00
1840.00	237.00
1841.00	229.00
1842.00	213.00
1843.00	174.00
1844.00	210.00
1845.00	193.00
1846.00	227.00
1847.00	206.00
1848.00	210.00
1849.00	201.00
1850.00	191.00
1851.00	224.00
1852.00	186.00
1853.00	223.00
1854.00	204.00
1855.00	195.00
1856.00	197.00
1857.00	205.00
1858.00	211.00
1859.00	210.00
1860.00	187.00
1861.00	173.00
1862.00	199.00
1863.00	202.00
1864.00	195.00
1865.00	201.00
1866.00	203.00
1867.00	189.00
1868.00	198.00
1869.00	183.00
1870.00	173.00
1871.00	198.00
1872.00	196.00
1873.00	191.00
1874.00	190.00
1875.00	216.00
1876.00	226.00
1877.00	194.00
1878.00	192.00
1879.00	215.00
1880.00	198.00
1881.00	236.00
1882.00	193.00
1883.00	231.00
1884.00	246.00
1885.00	231.00
1886.00	273.00
1887.00	252.00
1888.00	262.00
1889.00	263.00
1890.00	253.00
1891.00	220.00
1892.00	239.00
1893.00	228.00
1894.00	257.00
1895.00	245.00
1896.00	205.00
1897.00	223.00
1898.00	210.00
1899.00	240.00
1900.00	210.00
1901.00	201.00
1902.00	194.00
1903.00	212.00
1904.00	167.00
1905.00	171.00
1906.00	211.00
1907.00	150.00
1908.00	174.00
1909.00	192.00
1910.00	171.00
1911.00	173.00
1912.00	171.00
1913.00	160.00
1914.00	163.00
1915.00	163.00
1916.00	127.00
1917.00	173.00
1918.00	152.00
1919.00	163.00
1920.00	159.00
1921.00	150.00
1922.00	171.00
1923.00	165.00
1924.00	173.00
1925.00	157.00
1926.00	162.00
1927.00	143.00
1928.00	152.00
1929.00	155.00
1930.00	164.00
1931.00	150.00
1932.00	117.00
1933.00	157.00
1934.00	149.00
1935.00	147.00
1936.00	118.00
1937.00	149.00
1938.00	141.00
1939.00	130.00
1940.00	146.00
1941.00	152.00
1942.00	113.00
1943.00	134.00
1944.00	120.00
1945.00	121.00
1946.00	119.00
1947.00	134.00
1948.00	82.00
1949.00	132.00
1950.00	108.00
1951.00	128.00
1952.00	119.00
1953.00	126.00
1954.00	129.00
1955.00	133.00
1956.00	136.00
1957.00	122.00
1958.00	132.00
1959.00	102.00
1960.00	119.00
1961.00	99.00
1962.00	116.00
1963.00	114.00
1964.00	105.00
1965.00	111.00
1966.00	108.00
1967.00	125.00
1968.00	122.00
1969.00	115.00
1970.00	107.00
1971.00	112.00
1972.00	143.00
1973.00	100.00
1974.00	108.00
1975.00	103.00
1976.00	108.00
1977.00	115.00
1978.00	100.00
1979.00	125.00
1980.00	115.00
1981.00	103.00
1982.00	110.00
1983.00	104.00
1984.00	101.00
1985.00	122.00
1986.00	104.00
1987.00	110.00
1988.00	90.00
1989.00	108.00
1990.00	92.00
1991.00	90.00
1992.00	113.00
1993.00	106.00
1994.00	108.00
1995.00	98.00
1996.00	87.00
1997.00	107.00
1998.00	98.00
1999.00	107.00
2000.00	94.00
2001.00	90.00
2002.00	109.00
2003.00	88.00
2004.00	86.00
2005.00	75.00
2006.00	74.00
2007.00	96.00
2008.00	79.00
2009.00	87.00
2010.00	107.00
2011.00	96.00
2012.00	79.00
2013.00	83.00
2014.00	103.00
2015.00	82.00
2016.00	100.00
2017.00	95.00
2018.00	89.00
2019.00	76.00
2020.00	80.00
2021.00	78.00
2022.00	84.00
2023.00	81.00
2024.00	85.00
2025.00	75.00
2026.00	62.00
2027.00	104.00
2028.00	77.00
2029.00	54.00
2030.00	81.00
2031.00	69.00
2032.00	80.00
2033.00	84.00
2034.00	94.00
2035.00	93.00
2036.00	70.00
2037.00	83.00
2038.00	91.00
2039.00	85.00
2040.00	82.00
2041.00	74.00
2042.00	77.00
2043.00	58.00
2044.00	89.00
2045.00	85.00
2046.00	65.00
2047.00	74.00
2048.00	 0.00
