Date:	2023-09-18		
Time:	22:04		
Sample name:	Pellets		
Position:	1654.600011	mm	
Sample surface:	5.975540	cm	
Tube anode:	Mo		
Tube voltage:	30	kV	
Tube current:	50	mA	
Comments	not in position		
Gain	5.810000		
peaking_time	0.300000	m-sec	
trigger_threshold	30.000000	V	
mca_bin_width	2.000000	no:	
number_mca_channels	2048.000000	no:	
gap_time	0.100000	m-sec	
trigger_peaking_time	0.050000	m-sec	
livetime	17.045560	seconds	
runtime	20.000391	seconds	
input_count_rate	135995.295966	cps	
output_count_rate	115903.531188	cps	
triggers	2613149.000000	seconds	
events_in_run	2308072.000000	seconds	
channel	content		
 1.00	 0.00
 2.00	 0.00
 3.00	 0.00
 4.00	 0.00
 5.00	 0.00
 6.00	 0.00
 7.00	 0.00
 8.00	 0.00
 9.00	 0.00
10.00	 0.00
11.00	 0.00
12.00	 0.00
13.00	 0.00
14.00	 0.00
15.00	 0.00
16.00	 0.00
17.00	 0.00
18.00	 0.00
19.00	 0.00
20.00	 0.00
21.00	 0.00
22.00	 0.00
23.00	 0.00
24.00	 0.00
25.00	 0.00
26.00	 0.00
27.00	 0.00
28.00	 0.00
29.00	 0.00
30.00	 0.00
31.00	 2.00
32.00	 4.00
33.00	 3.00
34.00	 6.00
35.00	 6.00
36.00	11.00
37.00	18.00
38.00	14.00
39.00	17.00
40.00	29.00
41.00	49.00
42.00	55.00
43.00	96.00
44.00	100.00
45.00	116.00
46.00	126.00
47.00	152.00
48.00	174.00
49.00	189.00
50.00	212.00
51.00	243.00
52.00	232.00
53.00	293.00
54.00	278.00
55.00	299.00
56.00	283.00
57.00	301.00
58.00	340.00
59.00	321.00
60.00	296.00
61.00	358.00
62.00	333.00
63.00	341.00
64.00	336.00
65.00	322.00
66.00	346.00
67.00	366.00
68.00	355.00
69.00	374.00
70.00	385.00
71.00	338.00
72.00	363.00
73.00	350.00
74.00	356.00
75.00	343.00
76.00	329.00
77.00	347.00
78.00	317.00
79.00	316.00
80.00	333.00
81.00	329.00
82.00	347.00
83.00	367.00
84.00	328.00
85.00	303.00
86.00	338.00
87.00	351.00
88.00	321.00
89.00	324.00
90.00	332.00
91.00	298.00
92.00	290.00
93.00	284.00
94.00	295.00
95.00	305.00
96.00	322.00
97.00	323.00
98.00	290.00
99.00	290.00
100.00	288.00
101.00	279.00
102.00	268.00
103.00	253.00
104.00	270.00
105.00	257.00
106.00	269.00
107.00	283.00
108.00	244.00
109.00	251.00
110.00	251.00
111.00	282.00
112.00	265.00
113.00	288.00
114.00	243.00
115.00	260.00
116.00	286.00
117.00	254.00
118.00	258.00
119.00	260.00
120.00	249.00
121.00	263.00
122.00	254.00
123.00	223.00
124.00	245.00
125.00	190.00
126.00	236.00
127.00	225.00
128.00	213.00
129.00	202.00
130.00	193.00
131.00	213.00
132.00	212.00
133.00	200.00
134.00	215.00
135.00	235.00
136.00	278.00
137.00	316.00
138.00	421.00
139.00	544.00
140.00	658.00
141.00	927.00
142.00	1139.00
143.00	1293.00
144.00	1335.00
145.00	1397.00
146.00	1271.00
147.00	1282.00
148.00	1002.00
149.00	922.00
150.00	790.00
151.00	719.00
152.00	665.00
153.00	593.00
154.00	547.00
155.00	481.00
156.00	436.00
157.00	381.00
158.00	462.00
159.00	570.00
160.00	816.00
161.00	1391.00
162.00	2329.00
163.00	3725.00
164.00	5637.00
165.00	7967.00
166.00	10234.00
167.00	12319.00
168.00	13743.00
169.00	14624.00
170.00	13951.00
171.00	12504.00
172.00	10279.00
173.00	8228.00
174.00	6069.00
175.00	4309.00
176.00	3052.00
177.00	2171.00
178.00	1551.00
179.00	1228.00
180.00	986.00
181.00	791.00
182.00	614.00
183.00	542.00
184.00	415.00
185.00	371.00
186.00	355.00
187.00	321.00
188.00	328.00
189.00	304.00
190.00	312.00
191.00	298.00
192.00	287.00
193.00	284.00
194.00	267.00
195.00	246.00
196.00	255.00
197.00	249.00
198.00	242.00
199.00	225.00
200.00	191.00
201.00	209.00
202.00	195.00
203.00	233.00
204.00	188.00
205.00	199.00
206.00	191.00
207.00	185.00
208.00	201.00
209.00	163.00
210.00	178.00
211.00	201.00
212.00	185.00
213.00	184.00
214.00	178.00
215.00	189.00
216.00	208.00
217.00	180.00
218.00	202.00
219.00	217.00
220.00	240.00
221.00	235.00
222.00	232.00
223.00	228.00
224.00	229.00
225.00	271.00
226.00	241.00
227.00	202.00
228.00	208.00
229.00	210.00
230.00	208.00
231.00	166.00
232.00	191.00
233.00	174.00
234.00	154.00
235.00	185.00
236.00	194.00
237.00	151.00
238.00	163.00
239.00	164.00
240.00	188.00
241.00	202.00
242.00	172.00
243.00	160.00
244.00	190.00
245.00	180.00
246.00	154.00
247.00	166.00
248.00	155.00
249.00	160.00
250.00	197.00
251.00	195.00
252.00	199.00
253.00	188.00
254.00	181.00
255.00	180.00
256.00	191.00
257.00	199.00
258.00	196.00
259.00	198.00
260.00	203.00
261.00	235.00
262.00	225.00
263.00	244.00
264.00	247.00
265.00	276.00
266.00	296.00
267.00	327.00
268.00	290.00
269.00	314.00
270.00	309.00
271.00	289.00
272.00	241.00
273.00	240.00
274.00	272.00
275.00	260.00
276.00	271.00
277.00	320.00
278.00	414.00
279.00	516.00
280.00	690.00
281.00	946.00
282.00	1143.00
283.00	1420.00
284.00	1696.00
285.00	1854.00
286.00	1954.00
287.00	2078.00
288.00	2017.00
289.00	1861.00
290.00	1599.00
291.00	1327.00
292.00	1045.00
293.00	807.00
294.00	650.00
295.00	457.00
296.00	379.00
297.00	303.00
298.00	248.00
299.00	261.00
300.00	230.00
301.00	253.00
302.00	239.00
303.00	292.00
304.00	356.00
305.00	402.00
306.00	485.00
307.00	581.00
308.00	785.00
309.00	1029.00
310.00	1433.00
311.00	2113.00
312.00	3131.00
313.00	4631.00
314.00	6396.00
315.00	9162.00
316.00	11804.00
317.00	15063.00
318.00	18143.00
319.00	20630.00
320.00	22293.00
321.00	23385.00
322.00	22721.00
323.00	21059.00
324.00	18674.00
325.00	15775.00
326.00	12675.00
327.00	9701.00
328.00	7051.00
329.00	4930.00
330.00	3274.00
331.00	2175.00
332.00	1340.00
333.00	925.00
334.00	650.00
335.00	542.00
336.00	482.00
337.00	514.00
338.00	703.00
339.00	841.00
340.00	1080.00
341.00	1434.00
342.00	1770.00
343.00	2176.00
344.00	2631.00
345.00	3144.00
346.00	3730.00
347.00	4052.00
348.00	4713.00
349.00	5118.00
350.00	5815.00
351.00	6554.00
352.00	7290.00
353.00	8244.00
354.00	9043.00
355.00	9982.00
356.00	10596.00
357.00	10826.00
358.00	10813.00
359.00	9964.00
360.00	9203.00
361.00	7848.00
362.00	6624.00
363.00	5183.00
364.00	3812.00
365.00	2782.00
366.00	1985.00
367.00	1311.00
368.00	973.00
369.00	641.00
370.00	453.00
371.00	335.00
372.00	320.00
373.00	294.00
374.00	289.00
375.00	281.00
376.00	318.00
377.00	368.00
378.00	416.00
379.00	486.00
380.00	576.00
381.00	745.00
382.00	895.00
383.00	996.00
384.00	1238.00
385.00	1433.00
386.00	1585.00
387.00	1703.00
388.00	1757.00
389.00	1802.00
390.00	1748.00
391.00	1653.00
392.00	1513.00
393.00	1246.00
394.00	1112.00
395.00	945.00
396.00	790.00
397.00	679.00
398.00	568.00
399.00	519.00
400.00	495.00
401.00	455.00
402.00	376.00
403.00	386.00
404.00	359.00
405.00	362.00
406.00	329.00
407.00	316.00
408.00	343.00
409.00	340.00
410.00	332.00
411.00	356.00
412.00	368.00
413.00	333.00
414.00	389.00
415.00	383.00
416.00	441.00
417.00	447.00
418.00	414.00
419.00	510.00
420.00	554.00
421.00	677.00
422.00	836.00
423.00	1038.00
424.00	1452.00
425.00	2039.00
426.00	2701.00
427.00	3751.00
428.00	5020.00
429.00	6823.00
430.00	8705.00
431.00	10993.00
432.00	12921.00
433.00	15008.00
434.00	16625.00
435.00	17565.00
436.00	18005.00
437.00	17895.00
438.00	17069.00
439.00	15796.00
440.00	13954.00
441.00	11997.00
442.00	10108.00
443.00	8277.00
444.00	6803.00
445.00	5603.00
446.00	4908.00
447.00	4379.00
448.00	3903.00
449.00	3757.00
450.00	3314.00
451.00	3165.00
452.00	2988.00
453.00	2832.00
454.00	2490.00
455.00	2103.00
456.00	1911.00
457.00	1669.00
458.00	1432.00
459.00	1331.00
460.00	1316.00
461.00	1324.00
462.00	1424.00
463.00	1340.00
464.00	1580.00
465.00	1686.00
466.00	1908.00
467.00	2119.00
468.00	2318.00
469.00	2617.00
470.00	2949.00
471.00	3304.00
472.00	3642.00
473.00	4093.00
474.00	4444.00
475.00	4602.00
476.00	4732.00
477.00	4883.00
478.00	4772.00
479.00	4746.00
480.00	4477.00
481.00	3990.00
482.00	3449.00
483.00	3035.00
484.00	2675.00
485.00	2262.00
486.00	1871.00
487.00	1588.00
488.00	1374.00
489.00	1252.00
490.00	1124.00
491.00	1002.00
492.00	998.00
493.00	948.00
494.00	980.00
495.00	1033.00
496.00	1001.00
497.00	1042.00
498.00	1112.00
499.00	1180.00
500.00	1178.00
501.00	1289.00
502.00	1336.00
503.00	1378.00
504.00	1354.00
505.00	1455.00
506.00	1507.00
507.00	1561.00
508.00	1650.00
509.00	1639.00
510.00	1723.00
511.00	1816.00
512.00	1807.00
513.00	1842.00
514.00	1925.00
515.00	2078.00
516.00	2093.00
517.00	2265.00
518.00	2319.00
519.00	2438.00
520.00	2592.00
521.00	2729.00
522.00	2772.00
523.00	2864.00
524.00	2855.00
525.00	2800.00
526.00	2664.00
527.00	2608.00
528.00	2540.00
529.00	2427.00
530.00	2217.00
531.00	2171.00
532.00	2130.00
533.00	2085.00
534.00	1955.00
535.00	1918.00
536.00	1866.00
537.00	2001.00
538.00	1844.00
539.00	1891.00
540.00	1833.00
541.00	1860.00
542.00	1948.00
543.00	1897.00
544.00	1982.00
545.00	1943.00
546.00	1880.00
547.00	2003.00
548.00	1983.00
549.00	2034.00
550.00	2026.00
551.00	2020.00
552.00	2054.00
553.00	2184.00
554.00	2359.00
555.00	2571.00
556.00	2870.00
557.00	3477.00
558.00	4227.00
559.00	5322.00
560.00	6898.00
561.00	8345.00
562.00	10334.00
563.00	12785.00
564.00	15079.00
565.00	17876.00
566.00	20312.00
567.00	22314.00
568.00	24009.00
569.00	25113.00
570.00	25064.00
571.00	24678.00
572.00	23484.00
573.00	21897.00
574.00	19030.00
575.00	17123.00
576.00	14295.00
577.00	11887.00
578.00	9673.00
579.00	7578.00
580.00	6054.00
581.00	5074.00
582.00	4103.00
583.00	3418.00
584.00	3049.00
585.00	2765.00
586.00	2580.00
587.00	2661.00
588.00	2695.00
589.00	2633.00
590.00	2694.00
591.00	2943.00
592.00	2921.00
593.00	3186.00
594.00	3421.00
595.00	3683.00
596.00	4033.00
597.00	4705.00
598.00	5442.00
599.00	6708.00
600.00	8955.00
601.00	11988.00
602.00	16766.00
603.00	24050.00
604.00	34357.00
605.00	49345.00
606.00	69348.00
607.00	96240.00
608.00	131807.00
609.00	175609.00
610.00	228046.00
611.00	287162.00
612.00	352866.00
613.00	419438.00
614.00	485779.00
615.00	547344.00
616.00	596798.00
617.00	631616.00
618.00	648291.00
619.00	647578.00
620.00	625780.00
621.00	586791.00
622.00	532832.00
623.00	470280.00
624.00	404477.00
625.00	334111.00
626.00	271001.00
627.00	213332.00
628.00	162901.00
629.00	121326.00
630.00	88161.00
631.00	62830.00
632.00	43835.00
633.00	30587.00
634.00	20986.00
635.00	14659.00
636.00	10747.00
637.00	7930.00
638.00	6225.00
639.00	5221.00
640.00	4573.00
641.00	4162.00
642.00	3890.00
643.00	3919.00
644.00	3771.00
645.00	3705.00
646.00	3701.00
647.00	3867.00
648.00	3836.00
649.00	3860.00
650.00	3976.00
651.00	3923.00
652.00	4056.00
653.00	4261.00
654.00	4380.00
655.00	4384.00
656.00	4519.00
657.00	4657.00
658.00	4977.00
659.00	5289.00
660.00	5410.00
661.00	5902.00
662.00	6325.00
663.00	7003.00
664.00	7825.00
665.00	8775.00
666.00	10473.00
667.00	12482.00
668.00	15126.00
669.00	18193.00
670.00	23130.00
671.00	28364.00
672.00	35455.00
673.00	43400.00
674.00	52143.00
675.00	61151.00
676.00	71024.00
677.00	80481.00
678.00	88815.00
679.00	96315.00
680.00	100550.00
681.00	102724.00
682.00	103498.00
683.00	100345.00
684.00	95289.00
685.00	87343.00
686.00	79104.00
687.00	69513.00
688.00	58565.00
689.00	49137.00
690.00	39763.00
691.00	31911.00
692.00	24955.00
693.00	19221.00
694.00	14698.00
695.00	11284.00
696.00	8630.00
697.00	6764.00
698.00	5433.00
699.00	4501.00
700.00	3824.00
701.00	3504.00
702.00	3320.00
703.00	3142.00
704.00	3010.00
705.00	3037.00
706.00	3196.00
707.00	3253.00
708.00	3319.00
709.00	3342.00
710.00	3510.00
711.00	3643.00
712.00	3863.00
713.00	4066.00
714.00	4181.00
715.00	4589.00
716.00	4703.00
717.00	4823.00
718.00	5148.00
719.00	5368.00
720.00	5150.00
721.00	5549.00
722.00	5329.00
723.00	5464.00
724.00	5374.00
725.00	5206.00
726.00	5085.00
727.00	4932.00
728.00	4513.00
729.00	4352.00
730.00	4158.00
731.00	3929.00
732.00	3832.00
733.00	3686.00
734.00	3490.00
735.00	3455.00
736.00	3428.00
737.00	3275.00
738.00	3250.00
739.00	3244.00
740.00	3258.00
741.00	3143.00
742.00	3089.00
743.00	3165.00
744.00	3055.00
745.00	3184.00
746.00	3072.00
747.00	3062.00
748.00	3079.00
749.00	3023.00
750.00	3148.00
751.00	3100.00
752.00	3116.00
753.00	3092.00
754.00	3203.00
755.00	3239.00
756.00	3190.00
757.00	3223.00
758.00	3239.00
759.00	3339.00
760.00	3311.00
761.00	3456.00
762.00	3433.00
763.00	3499.00
764.00	3625.00
765.00	3836.00
766.00	4050.00
767.00	4069.00
768.00	4201.00
769.00	4394.00
770.00	4604.00
771.00	4615.00
772.00	4920.00
773.00	5009.00
774.00	5237.00
775.00	5358.00
776.00	5566.00
777.00	5482.00
778.00	5519.00
779.00	5523.00
780.00	5535.00
781.00	5547.00
782.00	5314.00
783.00	5336.00
784.00	5374.00
785.00	5150.00
786.00	5223.00
787.00	5061.00
788.00	5108.00
789.00	5095.00
790.00	5133.00
791.00	5080.00
792.00	5125.00
793.00	5236.00
794.00	5215.00
795.00	5305.00
796.00	5203.00
797.00	5324.00
798.00	5273.00
799.00	5369.00
800.00	5449.00
801.00	5409.00
802.00	5370.00
803.00	5423.00
804.00	5430.00
805.00	5457.00
806.00	5337.00
807.00	5392.00
808.00	5344.00
809.00	5371.00
810.00	5346.00
811.00	5374.00
812.00	5350.00
813.00	5236.00
814.00	5297.00
815.00	5321.00
816.00	5214.00
817.00	5292.00
818.00	5306.00
819.00	5314.00
820.00	5568.00
821.00	5704.00
822.00	5824.00
823.00	6186.00
824.00	6513.00
825.00	6825.00
826.00	7013.00
827.00	7581.00
828.00	7899.00
829.00	8341.00
830.00	8687.00
831.00	9023.00
832.00	9120.00
833.00	9243.00
834.00	9069.00
835.00	9090.00
836.00	8846.00
837.00	8695.00
838.00	8236.00
839.00	7901.00
840.00	7440.00
841.00	7057.00
842.00	6678.00
843.00	6454.00
844.00	6145.00
845.00	5895.00
846.00	5610.00
847.00	5618.00
848.00	5429.00
849.00	5453.00
850.00	5310.00
851.00	5283.00
852.00	5306.00
853.00	5244.00
854.00	5501.00
855.00	5436.00
856.00	5505.00
857.00	5378.00
858.00	5383.00
859.00	5363.00
860.00	5546.00
861.00	5570.00
862.00	5679.00
863.00	5661.00
864.00	5695.00
865.00	5607.00
866.00	5657.00
867.00	5618.00
868.00	5493.00
869.00	5449.00
870.00	5587.00
871.00	5465.00
872.00	5637.00
873.00	5791.00
874.00	5652.00
875.00	5749.00
876.00	5753.00
877.00	5795.00
878.00	5880.00
879.00	5820.00
880.00	5936.00
881.00	5966.00
882.00	5918.00
883.00	6088.00
884.00	6273.00
885.00	6364.00
886.00	6342.00
887.00	6472.00
888.00	6482.00
889.00	6425.00
890.00	6520.00
891.00	6617.00
892.00	6695.00
893.00	6714.00
894.00	6792.00
895.00	6676.00
896.00	6609.00
897.00	6693.00
898.00	6599.00
899.00	6651.00
900.00	6588.00
901.00	6469.00
902.00	6664.00
903.00	6453.00
904.00	6419.00
905.00	6472.00
906.00	6463.00
907.00	6459.00
908.00	6451.00
909.00	6590.00
910.00	6517.00
911.00	6456.00
912.00	6603.00
913.00	6584.00
914.00	6677.00
915.00	6799.00
916.00	6683.00
917.00	6873.00
918.00	6962.00
919.00	6874.00
920.00	7026.00
921.00	6989.00
922.00	7202.00
923.00	7325.00
924.00	7445.00
925.00	7377.00
926.00	7242.00
927.00	7154.00
928.00	7370.00
929.00	7048.00
930.00	7203.00
931.00	7058.00
932.00	7078.00
933.00	6875.00
934.00	7000.00
935.00	6992.00
936.00	6974.00
937.00	6971.00
938.00	6763.00
939.00	6876.00
940.00	6876.00
941.00	6698.00
942.00	6712.00
943.00	6618.00
944.00	6541.00
945.00	6527.00
946.00	6463.00
947.00	6496.00
948.00	6536.00
949.00	6711.00
950.00	6393.00
951.00	6552.00
952.00	6602.00
953.00	6488.00
954.00	6441.00
955.00	6619.00
956.00	6552.00
957.00	6372.00
958.00	6710.00
959.00	6570.00
960.00	6687.00
961.00	6600.00
962.00	6498.00
963.00	6508.00
964.00	6594.00
965.00	6575.00
966.00	6664.00
967.00	6658.00
968.00	6620.00
969.00	6695.00
970.00	6727.00
971.00	6832.00
972.00	6484.00
973.00	6658.00
974.00	6547.00
975.00	6731.00
976.00	6665.00
977.00	6625.00
978.00	6746.00
979.00	6622.00
980.00	6735.00
981.00	6682.00
982.00	6677.00
983.00	6704.00
984.00	6841.00
985.00	6642.00
986.00	6898.00
987.00	6801.00
988.00	6810.00
989.00	6901.00
990.00	6800.00
991.00	6877.00
992.00	6771.00
993.00	6731.00
994.00	6762.00
995.00	7005.00
996.00	6870.00
997.00	6717.00
998.00	6715.00
999.00	6766.00
1000.00	6881.00
1001.00	6888.00
1002.00	6884.00
1003.00	6897.00
1004.00	6899.00
1005.00	6830.00
1006.00	7089.00
1007.00	7159.00
1008.00	7069.00
1009.00	7175.00
1010.00	7452.00
1011.00	7322.00
1012.00	7486.00
1013.00	7461.00
1014.00	7503.00
1015.00	7590.00
1016.00	7235.00
1017.00	7345.00
1018.00	7596.00
1019.00	7539.00
1020.00	7398.00
1021.00	7276.00
1022.00	7352.00
1023.00	7156.00
1024.00	7049.00
1025.00	7165.00
1026.00	7121.00
1027.00	6872.00
1028.00	7006.00
1029.00	6977.00
1030.00	6950.00
1031.00	6812.00
1032.00	7005.00
1033.00	6782.00
1034.00	6859.00
1035.00	6943.00
1036.00	6803.00
1037.00	6849.00
1038.00	6900.00
1039.00	6879.00
1040.00	6822.00
1041.00	6855.00
1042.00	6857.00
1043.00	6793.00
1044.00	6840.00
1045.00	7000.00
1046.00	7039.00
1047.00	7139.00
1048.00	6854.00
1049.00	7130.00
1050.00	7069.00
1051.00	7138.00
1052.00	7182.00
1053.00	7071.00
1054.00	7107.00
1055.00	7112.00
1056.00	7253.00
1057.00	7137.00
1058.00	7165.00
1059.00	7090.00
1060.00	7161.00
1061.00	7216.00
1062.00	7087.00
1063.00	7101.00
1064.00	7242.00
1065.00	7179.00
1066.00	7158.00
1067.00	7203.00
1068.00	7109.00
1069.00	7265.00
1070.00	7291.00
1071.00	7131.00
1072.00	7221.00
1073.00	7242.00
1074.00	7260.00
1075.00	7204.00
1076.00	7171.00
1077.00	7351.00
1078.00	7220.00
1079.00	7195.00
1080.00	7235.00
1081.00	7457.00
1082.00	7368.00
1083.00	7229.00
1084.00	7246.00
1085.00	7310.00
1086.00	7498.00
1087.00	7269.00
1088.00	7258.00
1089.00	7357.00
1090.00	7337.00
1091.00	7458.00
1092.00	7441.00
1093.00	7286.00
1094.00	7380.00
1095.00	7436.00
1096.00	7290.00
1097.00	7434.00
1098.00	7471.00
1099.00	7374.00
1100.00	7481.00
1101.00	7286.00
1102.00	7338.00
1103.00	7378.00
1104.00	7401.00
1105.00	7384.00
1106.00	7309.00
1107.00	7546.00
1108.00	7377.00
1109.00	7375.00
1110.00	7489.00
1111.00	7300.00
1112.00	7373.00
1113.00	7396.00
1114.00	7270.00
1115.00	7384.00
1116.00	7496.00
1117.00	7292.00
1118.00	7408.00
1119.00	7185.00
1120.00	7477.00
1121.00	7356.00
1122.00	7379.00
1123.00	7404.00
1124.00	7426.00
1125.00	7150.00
1126.00	7545.00
1127.00	7463.00
1128.00	7460.00
1129.00	7436.00
1130.00	7483.00
1131.00	7398.00
1132.00	7400.00
1133.00	7429.00
1134.00	7414.00
1135.00	7442.00
1136.00	7558.00
1137.00	7614.00
1138.00	7529.00
1139.00	7377.00
1140.00	7418.00
1141.00	7545.00
1142.00	7607.00
1143.00	7570.00
1144.00	7408.00
1145.00	7488.00
1146.00	7598.00
1147.00	7502.00
1148.00	7652.00
1149.00	7556.00
1150.00	7565.00
1151.00	7430.00
1152.00	7511.00
1153.00	7476.00
1154.00	7517.00
1155.00	7410.00
1156.00	7323.00
1157.00	7276.00
1158.00	7365.00
1159.00	7267.00
1160.00	7378.00
1161.00	7281.00
1162.00	7162.00
1163.00	7291.00
1164.00	7195.00
1165.00	7212.00
1166.00	7292.00
1167.00	7177.00
1168.00	7298.00
1169.00	7288.00
1170.00	7378.00
1171.00	7204.00
1172.00	7260.00
1173.00	7334.00
1174.00	7255.00
1175.00	7235.00
1176.00	7442.00
1177.00	7416.00
1178.00	7387.00
1179.00	7170.00
1180.00	7242.00
1181.00	7226.00
1182.00	7232.00
1183.00	7350.00
1184.00	7446.00
1185.00	7298.00
1186.00	7440.00
1187.00	7350.00
1188.00	7408.00
1189.00	7495.00
1190.00	7322.00
1191.00	7295.00
1192.00	7387.00
1193.00	7250.00
1194.00	7305.00
1195.00	7511.00
1196.00	7407.00
1197.00	7399.00
1198.00	7310.00
1199.00	7467.00
1200.00	7462.00
1201.00	7337.00
1202.00	7592.00
1203.00	7427.00
1204.00	7360.00
1205.00	7338.00
1206.00	7630.00
1207.00	7551.00
1208.00	7489.00
1209.00	7532.00
1210.00	7562.00
1211.00	7823.00
1212.00	7662.00
1213.00	7889.00
1214.00	7849.00
1215.00	7777.00
1216.00	7829.00
1217.00	7921.00
1218.00	7857.00
1219.00	7949.00
1220.00	7877.00
1221.00	8145.00
1222.00	8106.00
1223.00	8150.00
1224.00	8337.00
1225.00	8364.00
1226.00	8542.00
1227.00	8556.00
1228.00	8939.00
1229.00	8826.00
1230.00	8797.00
1231.00	9039.00
1232.00	9201.00
1233.00	9122.00
1234.00	9184.00
1235.00	9140.00
1236.00	9129.00
1237.00	9032.00
1238.00	8860.00
1239.00	8829.00
1240.00	8847.00
1241.00	8614.00
1242.00	8566.00
1243.00	8475.00
1244.00	8252.00
1245.00	8291.00
1246.00	8164.00
1247.00	8008.00
1248.00	7848.00
1249.00	7833.00
1250.00	7605.00
1251.00	7582.00
1252.00	7574.00
1253.00	7519.00
1254.00	7811.00
1255.00	7382.00
1256.00	7523.00
1257.00	7538.00
1258.00	7248.00
1259.00	7470.00
1260.00	7385.00
1261.00	7512.00
1262.00	7523.00
1263.00	7475.00
1264.00	7623.00
1265.00	7414.00
1266.00	7476.00
1267.00	7571.00
1268.00	7559.00
1269.00	7546.00
1270.00	7513.00
1271.00	7620.00
1272.00	7695.00
1273.00	7667.00
1274.00	7700.00
1275.00	7710.00
1276.00	8143.00
1277.00	8097.00
1278.00	8090.00
1279.00	8271.00
1280.00	8499.00
1281.00	8690.00
1282.00	8549.00
1283.00	8905.00
1284.00	9120.00
1285.00	9407.00
1286.00	9324.00
1287.00	9473.00
1288.00	9614.00
1289.00	9655.00
1290.00	9677.00
1291.00	9532.00
1292.00	9800.00
1293.00	9727.00
1294.00	9551.00
1295.00	9580.00
1296.00	9442.00
1297.00	9399.00
1298.00	9147.00
1299.00	8913.00
1300.00	8865.00
1301.00	8503.00
1302.00	8457.00
1303.00	8429.00
1304.00	8053.00
1305.00	7885.00
1306.00	7957.00
1307.00	7796.00
1308.00	7715.00
1309.00	7587.00
1310.00	7627.00
1311.00	7388.00
1312.00	7398.00
1313.00	7211.00
1314.00	7194.00
1315.00	7286.00
1316.00	7211.00
1317.00	7177.00
1318.00	7288.00
1319.00	7225.00
1320.00	7170.00
1321.00	6967.00
1322.00	7202.00
1323.00	7100.00
1324.00	7166.00
1325.00	7172.00
1326.00	7053.00
1327.00	7117.00
1328.00	7060.00
1329.00	7051.00
1330.00	7186.00
1331.00	7202.00
1332.00	7125.00
1333.00	7063.00
1334.00	7239.00
1335.00	7110.00
1336.00	7087.00
1337.00	7156.00
1338.00	7246.00
1339.00	7037.00
1340.00	7216.00
1341.00	7134.00
1342.00	7094.00
1343.00	7266.00
1344.00	7164.00
1345.00	7176.00
1346.00	7225.00
1347.00	7377.00
1348.00	7475.00
1349.00	7509.00
1350.00	7504.00
1351.00	7524.00
1352.00	7564.00
1353.00	7610.00
1354.00	8021.00
1355.00	7941.00
1356.00	8112.00
1357.00	8176.00
1358.00	8339.00
1359.00	8588.00
1360.00	8547.00
1361.00	8442.00
1362.00	8636.00
1363.00	8662.00
1364.00	8687.00
1365.00	8497.00
1366.00	8577.00
1367.00	8556.00
1368.00	8584.00
1369.00	8248.00
1370.00	8099.00
1371.00	8004.00
1372.00	7883.00
1373.00	7766.00
1374.00	7790.00
1375.00	7556.00
1376.00	7301.00
1377.00	7300.00
1378.00	7149.00
1379.00	7003.00
1380.00	6868.00
1381.00	6718.00
1382.00	6859.00
1383.00	6691.00
1384.00	6732.00
1385.00	6732.00
1386.00	6741.00
1387.00	6742.00
1388.00	6506.00
1389.00	6525.00
1390.00	6448.00
1391.00	6512.00
1392.00	6445.00
1393.00	6495.00
1394.00	6401.00
1395.00	6524.00
1396.00	6432.00
1397.00	6356.00
1398.00	6366.00
1399.00	6346.00
1400.00	6536.00
1401.00	6445.00
1402.00	6505.00
1403.00	6514.00
1404.00	6315.00
1405.00	6410.00
1406.00	6479.00
1407.00	6345.00
1408.00	6237.00
1409.00	6289.00
1410.00	6297.00
1411.00	6387.00
1412.00	6332.00
1413.00	6359.00
1414.00	6266.00
1415.00	6191.00
1416.00	6260.00
1417.00	6437.00
1418.00	6298.00
1419.00	6396.00
1420.00	6191.00
1421.00	6425.00
1422.00	6319.00
1423.00	6482.00
1424.00	6332.00
1425.00	6511.00
1426.00	6476.00
1427.00	6537.00
1428.00	6567.00
1429.00	6520.00
1430.00	6576.00
1431.00	6667.00
1432.00	6748.00
1433.00	6704.00
1434.00	6767.00
1435.00	6802.00
1436.00	6870.00
1437.00	6984.00
1438.00	6885.00
1439.00	7025.00
1440.00	6981.00
1441.00	7045.00
1442.00	6894.00
1443.00	6930.00
1444.00	6993.00
1445.00	6987.00
1446.00	6799.00
1447.00	6855.00
1448.00	6700.00
1449.00	6664.00
1450.00	6693.00
1451.00	6543.00
1452.00	6448.00
1453.00	6498.00
1454.00	6390.00
1455.00	6265.00
1456.00	6255.00
1457.00	6150.00
1458.00	6301.00
1459.00	6304.00
1460.00	6124.00
1461.00	6040.00
1462.00	6187.00
1463.00	6316.00
1464.00	6163.00
1465.00	6046.00
1466.00	6117.00
1467.00	6120.00
1468.00	6120.00
1469.00	5931.00
1470.00	5974.00
1471.00	6029.00
1472.00	5983.00
1473.00	5922.00
1474.00	6127.00
1475.00	6095.00
1476.00	6050.00
1477.00	6044.00
1478.00	5969.00
1479.00	6002.00
1480.00	5900.00
1481.00	6025.00
1482.00	5818.00
1483.00	6036.00
1484.00	6078.00
1485.00	5933.00
1486.00	5948.00
1487.00	6024.00
1488.00	5899.00
1489.00	5920.00
1490.00	5895.00
1491.00	5900.00
1492.00	6049.00
1493.00	5850.00
1494.00	6051.00
1495.00	5783.00
1496.00	6084.00
1497.00	6005.00
1498.00	6085.00
1499.00	6075.00
1500.00	6067.00
1501.00	6235.00
1502.00	6182.00
1503.00	6291.00
1504.00	6379.00
1505.00	6289.00
1506.00	6347.00
1507.00	6384.00
1508.00	6478.00
1509.00	6592.00
1510.00	6801.00
1511.00	6674.00
1512.00	6920.00
1513.00	6919.00
1514.00	7029.00
1515.00	7040.00
1516.00	7119.00
1517.00	7141.00
1518.00	7084.00
1519.00	7191.00
1520.00	7209.00
1521.00	7031.00
1522.00	7052.00
1523.00	7127.00
1524.00	7056.00
1525.00	7058.00
1526.00	7055.00
1527.00	6912.00
1528.00	7061.00
1529.00	6887.00
1530.00	6923.00
1531.00	6797.00
1532.00	6575.00
1533.00	6712.00
1534.00	6584.00
1535.00	6744.00
1536.00	6628.00
1537.00	6530.00
1538.00	6591.00
1539.00	6734.00
1540.00	6436.00
1541.00	6575.00
1542.00	6641.00
1543.00	6426.00
1544.00	6645.00
1545.00	6763.00
1546.00	6925.00
1547.00	6680.00
1548.00	6851.00
1549.00	6876.00
1550.00	6802.00
1551.00	6952.00
1552.00	7042.00
1553.00	7171.00
1554.00	7112.00
1555.00	7219.00
1556.00	7245.00
1557.00	7388.00
1558.00	7726.00
1559.00	7642.00
1560.00	7691.00
1561.00	7846.00
1562.00	7888.00
1563.00	8130.00
1564.00	8268.00
1565.00	8513.00
1566.00	8446.00
1567.00	8415.00
1568.00	8690.00
1569.00	8783.00
1570.00	9097.00
1571.00	9041.00
1572.00	9357.00
1573.00	9514.00
1574.00	9410.00
1575.00	9654.00
1576.00	9608.00
1577.00	9753.00
1578.00	9939.00
1579.00	10113.00
1580.00	10205.00
1581.00	10096.00
1582.00	10431.00
1583.00	10160.00
1584.00	10488.00
1585.00	10520.00
1586.00	10739.00
1587.00	10534.00
1588.00	10463.00
1589.00	10447.00
1590.00	10461.00
1591.00	10525.00
1592.00	10375.00
1593.00	10492.00
1594.00	10307.00
1595.00	10327.00
1596.00	10024.00
1597.00	10048.00
1598.00	10111.00
1599.00	9729.00
1600.00	9908.00
1601.00	9836.00
1602.00	9683.00
1603.00	9442.00
1604.00	9456.00
1605.00	9306.00
1606.00	9254.00
1607.00	9011.00
1608.00	8722.00
1609.00	8855.00
1610.00	8696.00
1611.00	8344.00
1612.00	8414.00
1613.00	7962.00
1614.00	7986.00
1615.00	7922.00
1616.00	7827.00
1617.00	7598.00
1618.00	7283.00
1619.00	7307.00
1620.00	7202.00
1621.00	7056.00
1622.00	6857.00
1623.00	6840.00
1624.00	6658.00
1625.00	6376.00
1626.00	6337.00
1627.00	6266.00
1628.00	6235.00
1629.00	6158.00
1630.00	5908.00
1631.00	6011.00
1632.00	5875.00
1633.00	5736.00
1634.00	5741.00
1635.00	5724.00
1636.00	5616.00
1637.00	5536.00
1638.00	5511.00
1639.00	5451.00
1640.00	5453.00
1641.00	5396.00
1642.00	5276.00
1643.00	5222.00
1644.00	5240.00
1645.00	5160.00
1646.00	5174.00
1647.00	4936.00
1648.00	4930.00
1649.00	5014.00
1650.00	5064.00
1651.00	4913.00
1652.00	4880.00
1653.00	4970.00
1654.00	5041.00
1655.00	5054.00
1656.00	4895.00
1657.00	4997.00
1658.00	5268.00
1659.00	5094.00
1660.00	5188.00
1661.00	5292.00
1662.00	5403.00
1663.00	5526.00
1664.00	5636.00
1665.00	5847.00
1666.00	6040.00
1667.00	6167.00
1668.00	6477.00
1669.00	6671.00
1670.00	6897.00
1671.00	6998.00
1672.00	7358.00
1673.00	7691.00
1674.00	7800.00
1675.00	8066.00
1676.00	8258.00
1677.00	8383.00
1678.00	8758.00
1679.00	8646.00
1680.00	8817.00
1681.00	8848.00
1682.00	9170.00
1683.00	8990.00
1684.00	8851.00
1685.00	8674.00
1686.00	8853.00
1687.00	8578.00
1688.00	8200.00
1689.00	7894.00
1690.00	7781.00
1691.00	7417.00
1692.00	7089.00
1693.00	6884.00
1694.00	6779.00
1695.00	6239.00
1696.00	5914.00
1697.00	5725.00
1698.00	5452.00
1699.00	5197.00
1700.00	5078.00
1701.00	4879.00
1702.00	4778.00
1703.00	4585.00
1704.00	4463.00
1705.00	4455.00
1706.00	4283.00
1707.00	4234.00
1708.00	4127.00
1709.00	4055.00
1710.00	4002.00
1711.00	3933.00
1712.00	3959.00
1713.00	3968.00
1714.00	3920.00
1715.00	3851.00
1716.00	3826.00
1717.00	3848.00
1718.00	3872.00
1719.00	3825.00
1720.00	3770.00
1721.00	3790.00
1722.00	3815.00
1723.00	3942.00
1724.00	3827.00
1725.00	3689.00
1726.00	3687.00
1727.00	3780.00
1728.00	3790.00
1729.00	3794.00
1730.00	3816.00
1731.00	3883.00
1732.00	3804.00
1733.00	3809.00
1734.00	3722.00
1735.00	3811.00
1736.00	3835.00
1737.00	3724.00
1738.00	3769.00
1739.00	3789.00
1740.00	3808.00
1741.00	3815.00
1742.00	3760.00
1743.00	3816.00
1744.00	3810.00
1745.00	3775.00
1746.00	3862.00
1747.00	3839.00
1748.00	3860.00
1749.00	3980.00
1750.00	3831.00
1751.00	3869.00
1752.00	3946.00
1753.00	3800.00
1754.00	3870.00
1755.00	4029.00
1756.00	3993.00
1757.00	3922.00
1758.00	4019.00
1759.00	3981.00
1760.00	3939.00
1761.00	4072.00
1762.00	3972.00
1763.00	3905.00
1764.00	4064.00
1765.00	3986.00
1766.00	4035.00
1767.00	4081.00
1768.00	3997.00
1769.00	3940.00
1770.00	3886.00
1771.00	3952.00
1772.00	3839.00
1773.00	3855.00
1774.00	3834.00
1775.00	3907.00
1776.00	4022.00
1777.00	3855.00
1778.00	4009.00
1779.00	3798.00
1780.00	3660.00
1781.00	3825.00
1782.00	3794.00
1783.00	3793.00
1784.00	3804.00
1785.00	3664.00
1786.00	3707.00
1787.00	3824.00
1788.00	3657.00
1789.00	3670.00
1790.00	3588.00
1791.00	3449.00
1792.00	3406.00
1793.00	3437.00
1794.00	3619.00
1795.00	3432.00
1796.00	3473.00
1797.00	3391.00
1798.00	3377.00
1799.00	3235.00
1800.00	3289.00
1801.00	3254.00
1802.00	3271.00
1803.00	3086.00
1804.00	3111.00
1805.00	3145.00
1806.00	3052.00
1807.00	3025.00
1808.00	3036.00
1809.00	2943.00
1810.00	2898.00
1811.00	2945.00
1812.00	2935.00
1813.00	2764.00
1814.00	2712.00
1815.00	2813.00
1816.00	2677.00
1817.00	2750.00
1818.00	2745.00
1819.00	2671.00
1820.00	2621.00
1821.00	2640.00
1822.00	2609.00
1823.00	2596.00
1824.00	2525.00
1825.00	2487.00
1826.00	2464.00
1827.00	2514.00
1828.00	2480.00
1829.00	2452.00
1830.00	2370.00
1831.00	2492.00
1832.00	2353.00
1833.00	2364.00
1834.00	2381.00
1835.00	2278.00
1836.00	2308.00
1837.00	2339.00
1838.00	2280.00
1839.00	2227.00
1840.00	2314.00
1841.00	2190.00
1842.00	2178.00
1843.00	2191.00
1844.00	2186.00
1845.00	2148.00
1846.00	2182.00
1847.00	2161.00
1848.00	2111.00
1849.00	2112.00
1850.00	2123.00
1851.00	2123.00
1852.00	2131.00
1853.00	2140.00
1854.00	2029.00
1855.00	2008.00
1856.00	2074.00
1857.00	2084.00
1858.00	2040.00
1859.00	2015.00
1860.00	2002.00
1861.00	2007.00
1862.00	1949.00
1863.00	1969.00
1864.00	1971.00
1865.00	2041.00
1866.00	1937.00
1867.00	1930.00
1868.00	2001.00
1869.00	2050.00
1870.00	1973.00
1871.00	2036.00
1872.00	1995.00
1873.00	2001.00
1874.00	2067.00
1875.00	1981.00
1876.00	2056.00
1877.00	2078.00
1878.00	2115.00
1879.00	2167.00
1880.00	2083.00
1881.00	2212.00
1882.00	2247.00
1883.00	2304.00
1884.00	2275.00
1885.00	2298.00
1886.00	2271.00
1887.00	2382.00
1888.00	2353.00
1889.00	2292.00
1890.00	2379.00
1891.00	2330.00
1892.00	2376.00
1893.00	2396.00
1894.00	2324.00
1895.00	2183.00
1896.00	2190.00
1897.00	2184.00
1898.00	2077.00
1899.00	2075.00
1900.00	2020.00
1901.00	1988.00
1902.00	1882.00
1903.00	1843.00
1904.00	1806.00
1905.00	1912.00
1906.00	1774.00
1907.00	1760.00
1908.00	1687.00
1909.00	1702.00
1910.00	1660.00
1911.00	1715.00
1912.00	1666.00
1913.00	1627.00
1914.00	1655.00
1915.00	1639.00
1916.00	1620.00
1917.00	1641.00
1918.00	1608.00
1919.00	1615.00
1920.00	1546.00
1921.00	1567.00
1922.00	1655.00
1923.00	1603.00
1924.00	1590.00
1925.00	1512.00
1926.00	1494.00
1927.00	1493.00
1928.00	1514.00
1929.00	1509.00
1930.00	1416.00
1931.00	1472.00
1932.00	1512.00
1933.00	1477.00
1934.00	1383.00
1935.00	1390.00
1936.00	1422.00
1937.00	1412.00
1938.00	1324.00
1939.00	1341.00
1940.00	1330.00
1941.00	1288.00
1942.00	1290.00
1943.00	1317.00
1944.00	1337.00
1945.00	1282.00
1946.00	1329.00
1947.00	1257.00
1948.00	1222.00
1949.00	1222.00
1950.00	1264.00
1951.00	1254.00
1952.00	1246.00
1953.00	1294.00
1954.00	1256.00
1955.00	1234.00
1956.00	1188.00
1957.00	1209.00
1958.00	1233.00
1959.00	1213.00
1960.00	1225.00
1961.00	1216.00
1962.00	1184.00
1963.00	1197.00
1964.00	1183.00
1965.00	1154.00
1966.00	1154.00
1967.00	1214.00
1968.00	1186.00
1969.00	1122.00
1970.00	1130.00
1971.00	1215.00
1972.00	1146.00
1973.00	1204.00
1974.00	1119.00
1975.00	1155.00
1976.00	1142.00
1977.00	1116.00
1978.00	1117.00
1979.00	1121.00
1980.00	1079.00
1981.00	1108.00
1982.00	1090.00
1983.00	1061.00
1984.00	1054.00
1985.00	1043.00
1986.00	1096.00
1987.00	1052.00
1988.00	1045.00
1989.00	1055.00
1990.00	1062.00
1991.00	1115.00
1992.00	1014.00
1993.00	1048.00
1994.00	1026.00
1995.00	1021.00
1996.00	1017.00
1997.00	1000.00
1998.00	1015.00
1999.00	973.00
2000.00	952.00
2001.00	1012.00
2002.00	952.00
2003.00	983.00
2004.00	1004.00
2005.00	966.00
2006.00	945.00
2007.00	959.00
2008.00	992.00
2009.00	957.00
2010.00	971.00
2011.00	917.00
2012.00	938.00
2013.00	923.00
2014.00	929.00
2015.00	928.00
2016.00	898.00
2017.00	917.00
2018.00	867.00
2019.00	837.00
2020.00	927.00
2021.00	845.00
2022.00	880.00
2023.00	795.00
2024.00	901.00
2025.00	841.00
2026.00	898.00
2027.00	844.00
2028.00	799.00
2029.00	839.00
2030.00	779.00
2031.00	819.00
2032.00	818.00
2033.00	826.00
2034.00	828.00
2035.00	809.00
2036.00	816.00
2037.00	764.00
2038.00	733.00
2039.00	800.00
2040.00	800.00
2041.00	727.00
2042.00	728.00
2043.00	788.00
2044.00	729.00
2045.00	722.00
2046.00	798.00
2047.00	740.00
2048.00	 0.00
