Date:	2023-09-18		
Time:	20:52		
Sample name:	Pellets		
Position:	944.600011	mm	
Sample surface:	5.828191	cm	
Tube anode:	Mo		
Tube voltage:	30	kV	
Tube current:	50	mA	
Comments	not in position		
Gain	5.810000		
peaking_time	0.300000	m-sec	
trigger_threshold	30.000000	V	
mca_bin_width	2.000000	no:	
number_mca_channels	2048.000000	no:	
gap_time	0.100000	m-sec	
trigger_peaking_time	0.050000	m-sec	
livetime	17.543917	seconds	
runtime	20.000149	seconds	
input_count_rate	104005.507341	cps	
output_count_rate	91232.520318	cps	
triggers	2018190.000000	seconds	
events_in_run	1816840.000000	seconds	
channel	content		
 1.00	 0.00
 2.00	 0.00
 3.00	 0.00
 4.00	 0.00
 5.00	 0.00
 6.00	 0.00
 7.00	 0.00
 8.00	 0.00
 9.00	 0.00
10.00	 0.00
11.00	 0.00
12.00	 0.00
13.00	 0.00
14.00	 0.00
15.00	 0.00
16.00	 0.00
17.00	 0.00
18.00	 0.00
19.00	 0.00
20.00	 0.00
21.00	 0.00
22.00	 0.00
23.00	 0.00
24.00	 0.00
25.00	 0.00
26.00	 0.00
27.00	 0.00
28.00	 0.00
29.00	 0.00
30.00	 0.00
31.00	 0.00
32.00	 1.00
33.00	 1.00
34.00	 5.00
35.00	 7.00
36.00	 2.00
37.00	15.00
38.00	14.00
39.00	19.00
40.00	41.00
41.00	55.00
42.00	69.00
43.00	86.00
44.00	88.00
45.00	121.00
46.00	140.00
47.00	163.00
48.00	177.00
49.00	200.00
50.00	215.00
51.00	207.00
52.00	242.00
53.00	267.00
54.00	260.00
55.00	288.00
56.00	273.00
57.00	340.00
58.00	321.00
59.00	311.00
60.00	313.00
61.00	347.00
62.00	321.00
63.00	353.00
64.00	364.00
65.00	342.00
66.00	310.00
67.00	346.00
68.00	354.00
69.00	364.00
70.00	339.00
71.00	323.00
72.00	314.00
73.00	348.00
74.00	346.00
75.00	342.00
76.00	358.00
77.00	296.00
78.00	311.00
79.00	339.00
80.00	343.00
81.00	324.00
82.00	325.00
83.00	319.00
84.00	342.00
85.00	334.00
86.00	345.00
87.00	343.00
88.00	299.00
89.00	309.00
90.00	344.00
91.00	305.00
92.00	336.00
93.00	338.00
94.00	288.00
95.00	324.00
96.00	302.00
97.00	317.00
98.00	307.00
99.00	303.00
100.00	304.00
101.00	306.00
102.00	308.00
103.00	299.00
104.00	280.00
105.00	268.00
106.00	268.00
107.00	267.00
108.00	275.00
109.00	273.00
110.00	279.00
111.00	275.00
112.00	261.00
113.00	252.00
114.00	267.00
115.00	281.00
116.00	240.00
117.00	296.00
118.00	274.00
119.00	262.00
120.00	278.00
121.00	267.00
122.00	249.00
123.00	253.00
124.00	273.00
125.00	239.00
126.00	239.00
127.00	233.00
128.00	232.00
129.00	201.00
130.00	250.00
131.00	256.00
132.00	205.00
133.00	224.00
134.00	229.00
135.00	248.00
136.00	249.00
137.00	256.00
138.00	366.00
139.00	459.00
140.00	572.00
141.00	705.00
142.00	821.00
143.00	925.00
144.00	1065.00
145.00	1060.00
146.00	995.00
147.00	957.00
148.00	855.00
149.00	754.00
150.00	684.00
151.00	634.00
152.00	603.00
153.00	557.00
154.00	509.00
155.00	487.00
156.00	445.00
157.00	404.00
158.00	436.00
159.00	545.00
160.00	723.00
161.00	1223.00
162.00	1939.00
163.00	2928.00
164.00	4255.00
165.00	5959.00
166.00	7748.00
167.00	9419.00
168.00	10499.00
169.00	10924.00
170.00	10415.00
171.00	9575.00
172.00	8076.00
173.00	6328.00
174.00	4795.00
175.00	3432.00
176.00	2454.00
177.00	1917.00
178.00	1498.00
179.00	1255.00
180.00	1108.00
181.00	1122.00
182.00	1277.00
183.00	1503.00
184.00	1893.00
185.00	2421.00
186.00	2873.00
187.00	3309.00
188.00	3787.00
189.00	3996.00
190.00	3639.00
191.00	3335.00
192.00	3022.00
193.00	2310.00
194.00	1748.00
195.00	1320.00
196.00	972.00
197.00	664.00
198.00	513.00
199.00	387.00
200.00	333.00
201.00	280.00
202.00	267.00
203.00	286.00
204.00	275.00
205.00	284.00
206.00	267.00
207.00	278.00
208.00	270.00
209.00	272.00
210.00	306.00
211.00	309.00
212.00	352.00
213.00	369.00
214.00	406.00
215.00	505.00
216.00	549.00
217.00	595.00
218.00	658.00
219.00	709.00
220.00	723.00
221.00	707.00
222.00	696.00
223.00	658.00
224.00	573.00
225.00	500.00
226.00	461.00
227.00	407.00
228.00	356.00
229.00	308.00
230.00	306.00
231.00	271.00
232.00	281.00
233.00	243.00
234.00	209.00
235.00	241.00
236.00	249.00
237.00	252.00
238.00	236.00
239.00	249.00
240.00	267.00
241.00	227.00
242.00	254.00
243.00	264.00
244.00	244.00
245.00	246.00
246.00	229.00
247.00	203.00
248.00	251.00
249.00	254.00
250.00	258.00
251.00	258.00
252.00	256.00
253.00	275.00
254.00	233.00
255.00	253.00
256.00	254.00
257.00	240.00
258.00	245.00
259.00	279.00
260.00	267.00
261.00	261.00
262.00	266.00
263.00	313.00
264.00	280.00
265.00	304.00
266.00	341.00
267.00	320.00
268.00	336.00
269.00	354.00
270.00	332.00
271.00	315.00
272.00	331.00
273.00	286.00
274.00	347.00
275.00	313.00
276.00	385.00
277.00	468.00
278.00	521.00
279.00	691.00
280.00	896.00
281.00	1127.00
282.00	1495.00
283.00	1669.00
284.00	1967.00
285.00	2208.00
286.00	2275.00
287.00	2402.00
288.00	2391.00
289.00	2097.00
290.00	1915.00
291.00	1576.00
292.00	1314.00
293.00	1017.00
294.00	795.00
295.00	686.00
296.00	558.00
297.00	481.00
298.00	466.00
299.00	454.00
300.00	399.00
301.00	478.00
302.00	519.00
303.00	514.00
304.00	602.00
305.00	686.00
306.00	734.00
307.00	820.00
308.00	997.00
309.00	1300.00
310.00	1585.00
311.00	2257.00
312.00	3247.00
313.00	4648.00
314.00	6357.00
315.00	8549.00
316.00	11183.00
317.00	14071.00
318.00	16545.00
319.00	18800.00
320.00	20719.00
321.00	21004.00
322.00	20739.00
323.00	19249.00
324.00	17225.00
325.00	14521.00
326.00	11576.00
327.00	8875.00
328.00	6649.00
329.00	4608.00
330.00	3321.00
331.00	2172.00
332.00	1498.00
333.00	1145.00
334.00	949.00
335.00	881.00
336.00	966.00
337.00	1141.00
338.00	1311.00
339.00	1626.00
340.00	2174.00
341.00	2946.00
342.00	4030.00
343.00	5447.00
344.00	8102.00
345.00	12238.00
346.00	18349.00
347.00	27841.00
348.00	41582.00
349.00	61145.00
350.00	86426.00
351.00	118473.00
352.00	156544.00
353.00	196192.00
354.00	236729.00
355.00	271798.00
356.00	298475.00
357.00	311748.00
358.00	311748.00
359.00	298592.00
360.00	269257.00
361.00	235110.00
362.00	192569.00
363.00	152195.00
364.00	113982.00
365.00	81577.00
366.00	56782.00
367.00	37691.00
368.00	23711.00
369.00	14794.00
370.00	9129.00
371.00	5674.00
372.00	3733.00
373.00	2860.00
374.00	2670.00
375.00	2924.00
376.00	3555.00
377.00	4532.00
378.00	6077.00
379.00	8234.00
380.00	11036.00
381.00	14920.00
382.00	19710.00
383.00	24479.00
384.00	30383.00
385.00	35750.00
386.00	40940.00
387.00	44512.00
388.00	46329.00
389.00	46603.00
390.00	45074.00
391.00	40911.00
392.00	36161.00
393.00	30629.00
394.00	24429.00
395.00	18944.00
396.00	14090.00
397.00	10205.00
398.00	6894.00
399.00	4641.00
400.00	2962.00
401.00	2001.00
402.00	1300.00
403.00	818.00
404.00	582.00
405.00	427.00
406.00	370.00
407.00	337.00
408.00	264.00
409.00	306.00
410.00	275.00
411.00	275.00
412.00	301.00
413.00	291.00
414.00	273.00
415.00	319.00
416.00	314.00
417.00	339.00
418.00	370.00
419.00	391.00
420.00	436.00
421.00	458.00
422.00	545.00
423.00	690.00
424.00	880.00
425.00	1208.00
426.00	1688.00
427.00	2176.00
428.00	3048.00
429.00	3913.00
430.00	4916.00
431.00	6058.00
432.00	7283.00
433.00	8540.00
434.00	9300.00
435.00	9852.00
436.00	10116.00
437.00	10262.00
438.00	9615.00
439.00	8877.00
440.00	7915.00
441.00	6599.00
442.00	5658.00
443.00	4632.00
444.00	3814.00
445.00	3099.00
446.00	2567.00
447.00	2165.00
448.00	1969.00
449.00	1891.00
450.00	1693.00
451.00	1567.00
452.00	1422.00
453.00	1404.00
454.00	1222.00
455.00	1121.00
456.00	1055.00
457.00	883.00
458.00	863.00
459.00	817.00
460.00	737.00
461.00	814.00
462.00	835.00
463.00	904.00
464.00	939.00
465.00	1006.00
466.00	1134.00
467.00	1254.00
468.00	1354.00
469.00	1589.00
470.00	1635.00
471.00	1873.00
472.00	2055.00
473.00	2310.00
474.00	2433.00
475.00	2539.00
476.00	2513.00
477.00	2676.00
478.00	2645.00
479.00	2574.00
480.00	2424.00
481.00	2127.00
482.00	1913.00
483.00	1704.00
484.00	1513.00
485.00	1313.00
486.00	1040.00
487.00	954.00
488.00	771.00
489.00	726.00
490.00	623.00
491.00	624.00
492.00	598.00
493.00	639.00
494.00	656.00
495.00	656.00
496.00	657.00
497.00	686.00
498.00	720.00
499.00	695.00
500.00	738.00
501.00	773.00
502.00	791.00
503.00	877.00
504.00	820.00
505.00	846.00
506.00	886.00
507.00	960.00
508.00	1022.00
509.00	964.00
510.00	923.00
511.00	1057.00
512.00	1073.00
513.00	1136.00
514.00	1285.00
515.00	1351.00
516.00	1410.00
517.00	1598.00
518.00	1800.00
519.00	1900.00
520.00	2065.00
521.00	2126.00
522.00	2202.00
523.00	2268.00
524.00	2357.00
525.00	2240.00
526.00	2155.00
527.00	2061.00
528.00	1863.00
529.00	1762.00
530.00	1606.00
531.00	1528.00
532.00	1414.00
533.00	1323.00
534.00	1294.00
535.00	1298.00
536.00	1192.00
537.00	1159.00
538.00	1193.00
539.00	1210.00
540.00	1250.00
541.00	1233.00
542.00	1267.00
543.00	1243.00
544.00	1301.00
545.00	1239.00
546.00	1439.00
547.00	1348.00
548.00	1364.00
549.00	1360.00
550.00	1318.00
551.00	1347.00
552.00	1456.00
553.00	1457.00
554.00	1549.00
555.00	1598.00
556.00	1831.00
557.00	2108.00
558.00	2486.00
559.00	3060.00
560.00	3618.00
561.00	4494.00
562.00	5455.00
563.00	6456.00
564.00	7758.00
565.00	8951.00
566.00	10141.00
567.00	10958.00
568.00	11709.00
569.00	12529.00
570.00	12371.00
571.00	12016.00
572.00	11488.00
573.00	10806.00
574.00	9739.00
575.00	8665.00
576.00	7318.00
577.00	6119.00
578.00	4898.00
579.00	4042.00
580.00	3295.00
581.00	2629.00
582.00	2203.00
583.00	1934.00
584.00	1682.00
585.00	1555.00
586.00	1598.00
587.00	1479.00
588.00	1465.00
589.00	1406.00
590.00	1506.00
591.00	1661.00
592.00	1760.00
593.00	1753.00
594.00	1894.00
595.00	2021.00
596.00	2199.00
597.00	2488.00
598.00	2869.00
599.00	3467.00
600.00	4439.00
601.00	5677.00
602.00	7868.00
603.00	11067.00
604.00	15735.00
605.00	21900.00
606.00	31198.00
607.00	42691.00
608.00	58112.00
609.00	76944.00
610.00	100222.00
611.00	125933.00
612.00	154889.00
613.00	183869.00
614.00	213638.00
615.00	239882.00
616.00	259962.00
617.00	276721.00
618.00	283171.00
619.00	283314.00
620.00	273395.00
621.00	256836.00
622.00	234113.00
623.00	206218.00
624.00	176973.00
625.00	146809.00
626.00	119298.00
627.00	94072.00
628.00	72258.00
629.00	53485.00
630.00	39283.00
631.00	28377.00
632.00	19905.00
633.00	14108.00
634.00	10186.00
635.00	7333.00
636.00	5634.00
637.00	4314.00
638.00	3611.00
639.00	3155.00
640.00	2842.00
641.00	2573.00
642.00	2646.00
643.00	2472.00
644.00	2493.00
645.00	2445.00
646.00	2372.00
647.00	2555.00
648.00	2531.00
649.00	2586.00
650.00	2525.00
651.00	2725.00
652.00	2663.00
653.00	2693.00
654.00	2809.00
655.00	3013.00
656.00	2956.00
657.00	3068.00
658.00	3192.00
659.00	3320.00
660.00	3454.00
661.00	3604.00
662.00	3959.00
663.00	4243.00
664.00	4603.00
665.00	5095.00
666.00	5589.00
667.00	6684.00
668.00	7591.00
669.00	9242.00
670.00	11352.00
671.00	13615.00
672.00	16790.00
673.00	20149.00
674.00	23633.00
675.00	27995.00
676.00	32078.00
677.00	36216.00
678.00	39828.00
679.00	42931.00
680.00	45002.00
681.00	46117.00
682.00	46073.00
683.00	45059.00
684.00	42745.00
685.00	39159.00
686.00	35489.00
687.00	31127.00
688.00	26721.00
689.00	22431.00
690.00	18387.00
691.00	15011.00
692.00	11873.00
693.00	9473.00
694.00	7443.00
695.00	5923.00
696.00	4811.00
697.00	4037.00
698.00	3391.00
699.00	3106.00
700.00	2769.00
701.00	2669.00
702.00	2585.00
703.00	2632.00
704.00	2577.00
705.00	2557.00
706.00	2690.00
707.00	2799.00
708.00	2842.00
709.00	2928.00
710.00	3177.00
711.00	3249.00
712.00	3369.00
713.00	3474.00
714.00	3571.00
715.00	3704.00
716.00	3878.00
717.00	3976.00
718.00	4192.00
719.00	4145.00
720.00	4202.00
721.00	4245.00
722.00	4143.00
723.00	4026.00
724.00	4084.00
725.00	3972.00
726.00	3716.00
727.00	3670.00
728.00	3541.00
729.00	3270.00
730.00	3210.00
731.00	3066.00
732.00	3051.00
733.00	2918.00
734.00	2919.00
735.00	2829.00
736.00	2814.00
737.00	2694.00
738.00	2707.00
739.00	2782.00
740.00	2698.00
741.00	2642.00
742.00	2634.00
743.00	2664.00
744.00	2657.00
745.00	2719.00
746.00	2720.00
747.00	2705.00
748.00	2629.00
749.00	2568.00
750.00	2506.00
751.00	2580.00
752.00	2567.00
753.00	2522.00
754.00	2648.00
755.00	2537.00
756.00	2572.00
757.00	2599.00
758.00	2784.00
759.00	2784.00
760.00	2854.00
761.00	2877.00
762.00	2983.00
763.00	2964.00
764.00	3007.00
765.00	3095.00
766.00	3209.00
767.00	3278.00
768.00	3449.00
769.00	3542.00
770.00	3624.00
771.00	3611.00
772.00	3861.00
773.00	4096.00
774.00	4196.00
775.00	4157.00
776.00	4173.00
777.00	4221.00
778.00	4248.00
779.00	4335.00
780.00	4176.00
781.00	4233.00
782.00	4170.00
783.00	4178.00
784.00	4016.00
785.00	3879.00
786.00	4008.00
787.00	3967.00
788.00	4006.00
789.00	3975.00
790.00	4020.00
791.00	4092.00
792.00	4072.00
793.00	4177.00
794.00	4121.00
795.00	4140.00
796.00	4178.00
797.00	4361.00
798.00	4269.00
799.00	4421.00
800.00	4506.00
801.00	4375.00
802.00	4382.00
803.00	4530.00
804.00	4493.00
805.00	4559.00
806.00	4558.00
807.00	4615.00
808.00	4737.00
809.00	4784.00
810.00	4738.00
811.00	4682.00
812.00	4806.00
813.00	4803.00
814.00	5028.00
815.00	4778.00
816.00	4926.00
817.00	4958.00
818.00	5213.00
819.00	5209.00
820.00	5542.00
821.00	5830.00
822.00	6296.00
823.00	6788.00
824.00	7271.00
825.00	7779.00
826.00	8362.00
827.00	9183.00
828.00	9746.00
829.00	10484.00
830.00	10793.00
831.00	11573.00
832.00	11757.00
833.00	11948.00
834.00	11625.00
835.00	11765.00
836.00	11196.00
837.00	10650.00
838.00	10250.00
839.00	9546.00
840.00	8761.00
841.00	8233.00
842.00	7565.00
843.00	7024.00
844.00	6472.00
845.00	6197.00
846.00	5754.00
847.00	5388.00
848.00	5166.00
849.00	4852.00
850.00	4912.00
851.00	4776.00
852.00	4748.00
853.00	4645.00
854.00	4818.00
855.00	4712.00
856.00	4711.00
857.00	4597.00
858.00	4745.00
859.00	4917.00
860.00	4788.00
861.00	4811.00
862.00	4685.00
863.00	4750.00
864.00	4833.00
865.00	4711.00
866.00	4795.00
867.00	4650.00
868.00	4676.00
869.00	4658.00
870.00	4626.00
871.00	4632.00
872.00	4552.00
873.00	4656.00
874.00	4749.00
875.00	4674.00
876.00	4788.00
877.00	4791.00
878.00	4782.00
879.00	4733.00
880.00	4857.00
881.00	4946.00
882.00	4841.00
883.00	5025.00
884.00	5066.00
885.00	5051.00
886.00	5154.00
887.00	5099.00
888.00	5267.00
889.00	5241.00
890.00	5363.00
891.00	5419.00
892.00	5373.00
893.00	5362.00
894.00	5340.00
895.00	5565.00
896.00	5452.00
897.00	5443.00
898.00	5469.00
899.00	5368.00
900.00	5467.00
901.00	5481.00
902.00	5422.00
903.00	5443.00
904.00	5458.00
905.00	5430.00
906.00	5534.00
907.00	5570.00
908.00	5539.00
909.00	5677.00
910.00	5661.00
911.00	5679.00
912.00	5774.00
913.00	5882.00
914.00	5977.00
915.00	6137.00
916.00	6278.00
917.00	6366.00
918.00	6395.00
919.00	6649.00
920.00	6698.00
921.00	6851.00
922.00	6897.00
923.00	6821.00
924.00	7021.00
925.00	6829.00
926.00	6946.00
927.00	7079.00
928.00	7042.00
929.00	6787.00
930.00	6514.00
931.00	6569.00
932.00	6356.00
933.00	6320.00
934.00	6271.00
935.00	6147.00
936.00	5955.00
937.00	5924.00
938.00	5948.00
939.00	5945.00
940.00	5892.00
941.00	5766.00
942.00	5847.00
943.00	5781.00
944.00	5868.00
945.00	5661.00
946.00	5679.00
947.00	5626.00
948.00	5714.00
949.00	5853.00
950.00	5733.00
951.00	5815.00
952.00	5673.00
953.00	5788.00
954.00	5721.00
955.00	5778.00
956.00	5817.00
957.00	5891.00
958.00	5818.00
959.00	5889.00
960.00	5967.00
961.00	5898.00
962.00	6129.00
963.00	6148.00
964.00	6195.00
965.00	6146.00
966.00	6096.00
967.00	6091.00
968.00	6224.00
969.00	6253.00
970.00	6391.00
971.00	6384.00
972.00	6407.00
973.00	6590.00
974.00	6436.00
975.00	6427.00
976.00	6323.00
977.00	6482.00
978.00	6435.00
979.00	6226.00
980.00	6254.00
981.00	6241.00
982.00	6155.00
983.00	6167.00
984.00	6162.00
985.00	6039.00
986.00	6004.00
987.00	6087.00
988.00	6107.00
989.00	5814.00
990.00	5897.00
991.00	5937.00
992.00	6164.00
993.00	5922.00
994.00	6086.00
995.00	5923.00
996.00	5992.00
997.00	6148.00
998.00	6199.00
999.00	6077.00
1000.00	6085.00
1001.00	6114.00
1002.00	5987.00
1003.00	6195.00
1004.00	6254.00
1005.00	6227.00
1006.00	6132.00
1007.00	6350.00
1008.00	6529.00
1009.00	6718.00
1010.00	6511.00
1011.00	6640.00
1012.00	6753.00
1013.00	6793.00
1014.00	6917.00
1015.00	6943.00
1016.00	6793.00
1017.00	6936.00
1018.00	6939.00
1019.00	6961.00
1020.00	6748.00
1021.00	6843.00
1022.00	6840.00
1023.00	6731.00
1024.00	6468.00
1025.00	6390.00
1026.00	6472.00
1027.00	6311.00
1028.00	6301.00
1029.00	6395.00
1030.00	6301.00
1031.00	6290.00
1032.00	6056.00
1033.00	6261.00
1034.00	6302.00
1035.00	6208.00
1036.00	6064.00
1037.00	6256.00
1038.00	6286.00
1039.00	6107.00
1040.00	6180.00
1041.00	6307.00
1042.00	6283.00
1043.00	6263.00
1044.00	6201.00
1045.00	6180.00
1046.00	6232.00
1047.00	6197.00
1048.00	6320.00
1049.00	6183.00
1050.00	6188.00
1051.00	6173.00
1052.00	6354.00
1053.00	6233.00
1054.00	6410.00
1055.00	6253.00
1056.00	6131.00
1057.00	6399.00
1058.00	6086.00
1059.00	6069.00
1060.00	6324.00
1061.00	6153.00
1062.00	6076.00
1063.00	6303.00
1064.00	6390.00
1065.00	6318.00
1066.00	6263.00
1067.00	6367.00
1068.00	6242.00
1069.00	6293.00
1070.00	6296.00
1071.00	6305.00
1072.00	6341.00
1073.00	6345.00
1074.00	6356.00
1075.00	6427.00
1076.00	6310.00
1077.00	6354.00
1078.00	6455.00
1079.00	6373.00
1080.00	6337.00
1081.00	6495.00
1082.00	6378.00
1083.00	6321.00
1084.00	6326.00
1085.00	6431.00
1086.00	6277.00
1087.00	6448.00
1088.00	6397.00
1089.00	6494.00
1090.00	6475.00
1091.00	6530.00
1092.00	6502.00
1093.00	6526.00
1094.00	6704.00
1095.00	6537.00
1096.00	6546.00
1097.00	6603.00
1098.00	6579.00
1099.00	6459.00
1100.00	6615.00
1101.00	6498.00
1102.00	6476.00
1103.00	6481.00
1104.00	6591.00
1105.00	6555.00
1106.00	6622.00
1107.00	6442.00
1108.00	6478.00
1109.00	6621.00
1110.00	6490.00
1111.00	6446.00
1112.00	6662.00
1113.00	6564.00
1114.00	6838.00
1115.00	6610.00
1116.00	6660.00
1117.00	6591.00
1118.00	6644.00
1119.00	6653.00
1120.00	6585.00
1121.00	6644.00
1122.00	6487.00
1123.00	6630.00
1124.00	6703.00
1125.00	6761.00
1126.00	6711.00
1127.00	6634.00
1128.00	6489.00
1129.00	6674.00
1130.00	6586.00
1131.00	6588.00
1132.00	6621.00
1133.00	6547.00
1134.00	6590.00
1135.00	6709.00
1136.00	6568.00
1137.00	6650.00
1138.00	6615.00
1139.00	6638.00
1140.00	6620.00
1141.00	6550.00
1142.00	6519.00
1143.00	6583.00
1144.00	6583.00
1145.00	6613.00
1146.00	6692.00
1147.00	6718.00
1148.00	6496.00
1149.00	6531.00
1150.00	6487.00
1151.00	6529.00
1152.00	6452.00
1153.00	6520.00
1154.00	6377.00
1155.00	6489.00
1156.00	6501.00
1157.00	6439.00
1158.00	6522.00
1159.00	6417.00
1160.00	6568.00
1161.00	6654.00
1162.00	6490.00
1163.00	6416.00
1164.00	6542.00
1165.00	6372.00
1166.00	6420.00
1167.00	6425.00
1168.00	6666.00
1169.00	6531.00
1170.00	6401.00
1171.00	6537.00
1172.00	6465.00
1173.00	6560.00
1174.00	6538.00
1175.00	6522.00
1176.00	6539.00
1177.00	6617.00
1178.00	6426.00
1179.00	6487.00
1180.00	6572.00
1181.00	6637.00
1182.00	6496.00
1183.00	6480.00
1184.00	6657.00
1185.00	6693.00
1186.00	6645.00
1187.00	6611.00
1188.00	6497.00
1189.00	6788.00
1190.00	6758.00
1191.00	6674.00
1192.00	6469.00
1193.00	6687.00
1194.00	6688.00
1195.00	6755.00
1196.00	6637.00
1197.00	6932.00
1198.00	6670.00
1199.00	6662.00
1200.00	6775.00
1201.00	6845.00
1202.00	6858.00
1203.00	6670.00
1204.00	6723.00
1205.00	6763.00
1206.00	6843.00
1207.00	6860.00
1208.00	6919.00
1209.00	7043.00
1210.00	7030.00
1211.00	7048.00
1212.00	7177.00
1213.00	7201.00
1214.00	7063.00
1215.00	7020.00
1216.00	7147.00
1217.00	7268.00
1218.00	7105.00
1219.00	7284.00
1220.00	7193.00
1221.00	7290.00
1222.00	7096.00
1223.00	7270.00
1224.00	7039.00
1225.00	7050.00
1226.00	7082.00
1227.00	7164.00
1228.00	7114.00
1229.00	7037.00
1230.00	7181.00
1231.00	7116.00
1232.00	6902.00
1233.00	6884.00
1234.00	7170.00
1235.00	6993.00
1236.00	7048.00
1237.00	6896.00
1238.00	6878.00
1239.00	6900.00
1240.00	6986.00
1241.00	6770.00
1242.00	6626.00
1243.00	6683.00
1244.00	6916.00
1245.00	6682.00
1246.00	6643.00
1247.00	6799.00
1248.00	6639.00
1249.00	6695.00
1250.00	6576.00
1251.00	6629.00
1252.00	6500.00
1253.00	6462.00
1254.00	6541.00
1255.00	6576.00
1256.00	6494.00
1257.00	6566.00
1258.00	6634.00
1259.00	6540.00
1260.00	6417.00
1261.00	6470.00
1262.00	6541.00
1263.00	6436.00
1264.00	6479.00
1265.00	6602.00
1266.00	6531.00
1267.00	6298.00
1268.00	6591.00
1269.00	6533.00
1270.00	6404.00
1271.00	6656.00
1272.00	6672.00
1273.00	6558.00
1274.00	6695.00
1275.00	6818.00
1276.00	6622.00
1277.00	6862.00
1278.00	6902.00
1279.00	6913.00
1280.00	6890.00
1281.00	7139.00
1282.00	7116.00
1283.00	7204.00
1284.00	7330.00
1285.00	7296.00
1286.00	7296.00
1287.00	7372.00
1288.00	7530.00
1289.00	7711.00
1290.00	7526.00
1291.00	7673.00
1292.00	7639.00
1293.00	7441.00
1294.00	7282.00
1295.00	7495.00
1296.00	7308.00
1297.00	7240.00
1298.00	7149.00
1299.00	7176.00
1300.00	6852.00
1301.00	6845.00
1302.00	6911.00
1303.00	6628.00
1304.00	6804.00
1305.00	6722.00
1306.00	6491.00
1307.00	6558.00
1308.00	6428.00
1309.00	6453.00
1310.00	6461.00
1311.00	6318.00
1312.00	6440.00
1313.00	6460.00
1314.00	6269.00
1315.00	6427.00
1316.00	6274.00
1317.00	6361.00
1318.00	6356.00
1319.00	6421.00
1320.00	6241.00
1321.00	6303.00
1322.00	6372.00
1323.00	6338.00
1324.00	6293.00
1325.00	6264.00
1326.00	6253.00
1327.00	6297.00
1328.00	6328.00
1329.00	6226.00
1330.00	6300.00
1331.00	6292.00
1332.00	6154.00
1333.00	6254.00
1334.00	6255.00
1335.00	6202.00
1336.00	6341.00
1337.00	6347.00
1338.00	6219.00
1339.00	6347.00
1340.00	6313.00
1341.00	6252.00
1342.00	6241.00
1343.00	6359.00
1344.00	6554.00
1345.00	6551.00
1346.00	6770.00
1347.00	6841.00
1348.00	6933.00
1349.00	7166.00
1350.00	7334.00
1351.00	7622.00
1352.00	7712.00
1353.00	7973.00
1354.00	8323.00
1355.00	8398.00
1356.00	8711.00
1357.00	8880.00
1358.00	9161.00
1359.00	9458.00
1360.00	9642.00
1361.00	9727.00
1362.00	9718.00
1363.00	9947.00
1364.00	9920.00
1365.00	10024.00
1366.00	9873.00
1367.00	9700.00
1368.00	9550.00
1369.00	9285.00
1370.00	9210.00
1371.00	8697.00
1372.00	8386.00
1373.00	8237.00
1374.00	7904.00
1375.00	7909.00
1376.00	7431.00
1377.00	7066.00
1378.00	6951.00
1379.00	6742.00
1380.00	6627.00
1381.00	6463.00
1382.00	6147.00
1383.00	6014.00
1384.00	6026.00
1385.00	6083.00
1386.00	5823.00
1387.00	5939.00
1388.00	6078.00
1389.00	5891.00
1390.00	5833.00
1391.00	5873.00
1392.00	5719.00
1393.00	5737.00
1394.00	5831.00
1395.00	5682.00
1396.00	5807.00
1397.00	5806.00
1398.00	5741.00
1399.00	5682.00
1400.00	5645.00
1401.00	5579.00
1402.00	5709.00
1403.00	5637.00
1404.00	5594.00
1405.00	5684.00
1406.00	5684.00
1407.00	5611.00
1408.00	5518.00
1409.00	5478.00
1410.00	5750.00
1411.00	5685.00
1412.00	5636.00
1413.00	5665.00
1414.00	5776.00
1415.00	5577.00
1416.00	5603.00
1417.00	5672.00
1418.00	5552.00
1419.00	5654.00
1420.00	5610.00
1421.00	5691.00
1422.00	5691.00
1423.00	5772.00
1424.00	5621.00
1425.00	5764.00
1426.00	5663.00
1427.00	5670.00
1428.00	5735.00
1429.00	5781.00
1430.00	5720.00
1431.00	5696.00
1432.00	5713.00
1433.00	5882.00
1434.00	5936.00
1435.00	5773.00
1436.00	5725.00
1437.00	5984.00
1438.00	5880.00
1439.00	5840.00
1440.00	5668.00
1441.00	5878.00
1442.00	5937.00
1443.00	5903.00
1444.00	5762.00
1445.00	5884.00
1446.00	5925.00
1447.00	5807.00
1448.00	5639.00
1449.00	5656.00
1450.00	5663.00
1451.00	5631.00
1452.00	5674.00
1453.00	5578.00
1454.00	5482.00
1455.00	5583.00
1456.00	5535.00
1457.00	5473.00
1458.00	5530.00
1459.00	5389.00
1460.00	5394.00
1461.00	5394.00
1462.00	5544.00
1463.00	5397.00
1464.00	5397.00
1465.00	5277.00
1466.00	5509.00
1467.00	5403.00
1468.00	5392.00
1469.00	5370.00
1470.00	5213.00
1471.00	5304.00
1472.00	5342.00
1473.00	5165.00
1474.00	5321.00
1475.00	5251.00
1476.00	5219.00
1477.00	5295.00
1478.00	5337.00
1479.00	5360.00
1480.00	5415.00
1481.00	5334.00
1482.00	5303.00
1483.00	5419.00
1484.00	5294.00
1485.00	5320.00
1486.00	5313.00
1487.00	5171.00
1488.00	5214.00
1489.00	5261.00
1490.00	5446.00
1491.00	5327.00
1492.00	5379.00
1493.00	5366.00
1494.00	5210.00
1495.00	5362.00
1496.00	5313.00
1497.00	5332.00
1498.00	5387.00
1499.00	5348.00
1500.00	5393.00
1501.00	5412.00
1502.00	5415.00
1503.00	5425.00
1504.00	5400.00
1505.00	5558.00
1506.00	5619.00
1507.00	5687.00
1508.00	5564.00
1509.00	5705.00
1510.00	5759.00
1511.00	5904.00
1512.00	5963.00
1513.00	5944.00
1514.00	6114.00
1515.00	6152.00
1516.00	6048.00
1517.00	6174.00
1518.00	6325.00
1519.00	6353.00
1520.00	6435.00
1521.00	6196.00
1522.00	6470.00
1523.00	6308.00
1524.00	6498.00
1525.00	6498.00
1526.00	6385.00
1527.00	6560.00
1528.00	6404.00
1529.00	6421.00
1530.00	6318.00
1531.00	6241.00
1532.00	6182.00
1533.00	6065.00
1534.00	5987.00
1535.00	5953.00
1536.00	6011.00
1537.00	5928.00
1538.00	5690.00
1539.00	6042.00
1540.00	6006.00
1541.00	5738.00
1542.00	5884.00
1543.00	5864.00
1544.00	5771.00
1545.00	5825.00
1546.00	5859.00
1547.00	5759.00
1548.00	5979.00
1549.00	6066.00
1550.00	6026.00
1551.00	6134.00
1552.00	6026.00
1553.00	6210.00
1554.00	6269.00
1555.00	6353.00
1556.00	6330.00
1557.00	6431.00
1558.00	6441.00
1559.00	6627.00
1560.00	6703.00
1561.00	6725.00
1562.00	6694.00
1563.00	7128.00
1564.00	7075.00
1565.00	7155.00
1566.00	7304.00
1567.00	7179.00
1568.00	7550.00
1569.00	7647.00
1570.00	7771.00
1571.00	7822.00
1572.00	7833.00
1573.00	8090.00
1574.00	8263.00
1575.00	8065.00
1576.00	8264.00
1577.00	8498.00
1578.00	8501.00
1579.00	8693.00
1580.00	8488.00
1581.00	8572.00
1582.00	8483.00
1583.00	8841.00
1584.00	9035.00
1585.00	8917.00
1586.00	8918.00
1587.00	9036.00
1588.00	9186.00
1589.00	8994.00
1590.00	8825.00
1591.00	9055.00
1592.00	8847.00
1593.00	9078.00
1594.00	8903.00
1595.00	8910.00
1596.00	8676.00
1597.00	8721.00
1598.00	8634.00
1599.00	8598.00
1600.00	8470.00
1601.00	8437.00
1602.00	8372.00
1603.00	8189.00
1604.00	7955.00
1605.00	7879.00
1606.00	7960.00
1607.00	7918.00
1608.00	7671.00
1609.00	7343.00
1610.00	7344.00
1611.00	7345.00
1612.00	7256.00
1613.00	6968.00
1614.00	7003.00
1615.00	6668.00
1616.00	6715.00
1617.00	6469.00
1618.00	6396.00
1619.00	6160.00
1620.00	6230.00
1621.00	6188.00
1622.00	5993.00
1623.00	5892.00
1624.00	5686.00
1625.00	5726.00
1626.00	5543.00
1627.00	5421.00
1628.00	5413.00
1629.00	5340.00
1630.00	5315.00
1631.00	5215.00
1632.00	5194.00
1633.00	4964.00
1634.00	5092.00
1635.00	5084.00
1636.00	4787.00
1637.00	4964.00
1638.00	4883.00
1639.00	4762.00
1640.00	4740.00
1641.00	4635.00
1642.00	4644.00
1643.00	4694.00
1644.00	4545.00
1645.00	4602.00
1646.00	4468.00
1647.00	4430.00
1648.00	4482.00
1649.00	4312.00
1650.00	4316.00
1651.00	4404.00
1652.00	4276.00
1653.00	4282.00
1654.00	4295.00
1655.00	4309.00
1656.00	4340.00
1657.00	4457.00
1658.00	4510.00
1659.00	4471.00
1660.00	4675.00
1661.00	4684.00
1662.00	4796.00
1663.00	4914.00
1664.00	5125.00
1665.00	5208.00
1666.00	5382.00
1667.00	5588.00
1668.00	5819.00
1669.00	6060.00
1670.00	6447.00
1671.00	6596.00
1672.00	6771.00
1673.00	6957.00
1674.00	7323.00
1675.00	7531.00
1676.00	7845.00
1677.00	7942.00
1678.00	8111.00
1679.00	8282.00
1680.00	8332.00
1681.00	8275.00
1682.00	8442.00
1683.00	8283.00
1684.00	8387.00
1685.00	8084.00
1686.00	8209.00
1687.00	8083.00
1688.00	7551.00
1689.00	7486.00
1690.00	7151.00
1691.00	6770.00
1692.00	6493.00
1693.00	6278.00
1694.00	5917.00
1695.00	5707.00
1696.00	5386.00
1697.00	5043.00
1698.00	4946.00
1699.00	4712.00
1700.00	4502.00
1701.00	4241.00
1702.00	4113.00
1703.00	4138.00
1704.00	3894.00
1705.00	3803.00
1706.00	3613.00
1707.00	3602.00
1708.00	3590.00
1709.00	3457.00
1710.00	3566.00
1711.00	3407.00
1712.00	3432.00
1713.00	3419.00
1714.00	3402.00
1715.00	3345.00
1716.00	3393.00
1717.00	3304.00
1718.00	3373.00
1719.00	3352.00
1720.00	3438.00
1721.00	3320.00
1722.00	3327.00
1723.00	3269.00
1724.00	3407.00
1725.00	3178.00
1726.00	3331.00
1727.00	3305.00
1728.00	3245.00
1729.00	3352.00
1730.00	3321.00
1731.00	3291.00
1732.00	3222.00
1733.00	3311.00
1734.00	3352.00
1735.00	3275.00
1736.00	3131.00
1737.00	3263.00
1738.00	3239.00
1739.00	3315.00
1740.00	3182.00
1741.00	3251.00
1742.00	3380.00
1743.00	3227.00
1744.00	3408.00
1745.00	3224.00
1746.00	3372.00
1747.00	3303.00
1748.00	3333.00
1749.00	3455.00
1750.00	3359.00
1751.00	3417.00
1752.00	3512.00
1753.00	3406.00
1754.00	3421.00
1755.00	3383.00
1756.00	3321.00
1757.00	3413.00
1758.00	3420.00
1759.00	3409.00
1760.00	3408.00
1761.00	3371.00
1762.00	3492.00
1763.00	3300.00
1764.00	3394.00
1765.00	3411.00
1766.00	3340.00
1767.00	3424.00
1768.00	3471.00
1769.00	3441.00
1770.00	3404.00
1771.00	3457.00
1772.00	3489.00
1773.00	3441.00
1774.00	3521.00
1775.00	3346.00
1776.00	3406.00
1777.00	3380.00
1778.00	3353.00
1779.00	3359.00
1780.00	3258.00
1781.00	3324.00
1782.00	3336.00
1783.00	3219.00
1784.00	3298.00
1785.00	3351.00
1786.00	3179.00
1787.00	3109.00
1788.00	3217.00
1789.00	3226.00
1790.00	3133.00
1791.00	3071.00
1792.00	3061.00
1793.00	3000.00
1794.00	3031.00
1795.00	3005.00
1796.00	2985.00
1797.00	2923.00
1798.00	2908.00
1799.00	2857.00
1800.00	2870.00
1801.00	2802.00
1802.00	2801.00
1803.00	2796.00
1804.00	2700.00
1805.00	2710.00
1806.00	2524.00
1807.00	2583.00
1808.00	2593.00
1809.00	2684.00
1810.00	2577.00
1811.00	2497.00
1812.00	2456.00
1813.00	2455.00
1814.00	2424.00
1815.00	2433.00
1816.00	2402.00
1817.00	2316.00
1818.00	2446.00
1819.00	2341.00
1820.00	2395.00
1821.00	2392.00
1822.00	2305.00
1823.00	2333.00
1824.00	2261.00
1825.00	2326.00
1826.00	2223.00
1827.00	2183.00
1828.00	2152.00
1829.00	2208.00
1830.00	2128.00
1831.00	2108.00
1832.00	2068.00
1833.00	2061.00
1834.00	2073.00
1835.00	2079.00
1836.00	2032.00
1837.00	1993.00
1838.00	1873.00
1839.00	2010.00
1840.00	2015.00
1841.00	1990.00
1842.00	1898.00
1843.00	1948.00
1844.00	1930.00
1845.00	1876.00
1846.00	1881.00
1847.00	1899.00
1848.00	1887.00
1849.00	1850.00
1850.00	1817.00
1851.00	1872.00
1852.00	1749.00
1853.00	1835.00
1854.00	1801.00
1855.00	1799.00
1856.00	1727.00
1857.00	1755.00
1858.00	1748.00
1859.00	1716.00
1860.00	1756.00
1861.00	1792.00
1862.00	1756.00
1863.00	1721.00
1864.00	1698.00
1865.00	1837.00
1866.00	1749.00
1867.00	1702.00
1868.00	1714.00
1869.00	1714.00
1870.00	1741.00
1871.00	1761.00
1872.00	1720.00
1873.00	1785.00
1874.00	1830.00
1875.00	1809.00
1876.00	1891.00
1877.00	1811.00
1878.00	1935.00
1879.00	1927.00
1880.00	1990.00
1881.00	1970.00
1882.00	2097.00
1883.00	2132.00
1884.00	2038.00
1885.00	2113.00
1886.00	2196.00
1887.00	2118.00
1888.00	2156.00
1889.00	2108.00
1890.00	2154.00
1891.00	2113.00
1892.00	2134.00
1893.00	1985.00
1894.00	2042.00
1895.00	2003.00
1896.00	2019.00
1897.00	2005.00
1898.00	1934.00
1899.00	1768.00
1900.00	1818.00
1901.00	1825.00
1902.00	1772.00
1903.00	1700.00
1904.00	1616.00
1905.00	1646.00
1906.00	1542.00
1907.00	1566.00
1908.00	1525.00
1909.00	1538.00
1910.00	1544.00
1911.00	1510.00
1912.00	1430.00
1913.00	1516.00
1914.00	1437.00
1915.00	1440.00
1916.00	1443.00
1917.00	1428.00
1918.00	1461.00
1919.00	1426.00
1920.00	1435.00
1921.00	1459.00
1922.00	1450.00
1923.00	1336.00
1924.00	1388.00
1925.00	1390.00
1926.00	1360.00
1927.00	1307.00
1928.00	1295.00
1929.00	1351.00
1930.00	1299.00
1931.00	1282.00
1932.00	1307.00
1933.00	1274.00
1934.00	1219.00
1935.00	1221.00
1936.00	1237.00
1937.00	1235.00
1938.00	1204.00
1939.00	1163.00
1940.00	1180.00
1941.00	1125.00
1942.00	1181.00
1943.00	1145.00
1944.00	1124.00
1945.00	1130.00
1946.00	1164.00
1947.00	1112.00
1948.00	1138.00
1949.00	1068.00
1950.00	1050.00
1951.00	1084.00
1952.00	1116.00
1953.00	1116.00
1954.00	1089.00
1955.00	1040.00
1956.00	1085.00
1957.00	1025.00
1958.00	1015.00
1959.00	1108.00
1960.00	996.00
1961.00	1062.00
1962.00	1030.00
1963.00	1028.00
1964.00	1065.00
1965.00	1059.00
1966.00	999.00
1967.00	1085.00
1968.00	964.00
1969.00	1007.00
1970.00	996.00
1971.00	1043.00
1972.00	1002.00
1973.00	1011.00
1974.00	989.00
1975.00	912.00
1976.00	986.00
1977.00	982.00
1978.00	975.00
1979.00	942.00
1980.00	947.00
1981.00	1009.00
1982.00	869.00
1983.00	942.00
1984.00	951.00
1985.00	966.00
1986.00	901.00
1987.00	909.00
1988.00	910.00
1989.00	951.00
1990.00	902.00
1991.00	858.00
1992.00	891.00
1993.00	879.00
1994.00	854.00
1995.00	908.00
1996.00	893.00
1997.00	833.00
1998.00	870.00
1999.00	848.00
2000.00	906.00
2001.00	840.00
2002.00	859.00
2003.00	827.00
2004.00	885.00
2005.00	813.00
2006.00	836.00
2007.00	852.00
2008.00	820.00
2009.00	862.00
2010.00	757.00
2011.00	795.00
2012.00	783.00
2013.00	836.00
2014.00	761.00
2015.00	751.00
2016.00	774.00
2017.00	832.00
2018.00	802.00
2019.00	817.00
2020.00	776.00
2021.00	767.00
2022.00	786.00
2023.00	741.00
2024.00	757.00
2025.00	717.00
2026.00	787.00
2027.00	744.00
2028.00	747.00
2029.00	734.00
2030.00	730.00
2031.00	777.00
2032.00	703.00
2033.00	728.00
2034.00	709.00
2035.00	723.00
2036.00	717.00
2037.00	650.00
2038.00	718.00
2039.00	681.00
2040.00	696.00
2041.00	703.00
2042.00	659.00
2043.00	650.00
2044.00	681.00
2045.00	625.00
2046.00	646.00
2047.00	653.00
2048.00	 0.00
