Date:	2023-09-20		
Time:	17:47		
Sample name:	Pellets		
Position:	93.600011	mm	
Sample surface:	5.914145	cm	
Tube anode:	Mo		
Tube voltage:	30	kV	
Tube current:	50	mA	
Comments	in position		
Gain	5.810000		
peaking_time	0.300000	m-sec	
trigger_threshold	30.000000	V	
mca_bin_width	2.000000	no:	
number_mca_channels	2048.000000	no:	
gap_time	0.100000	m-sec	
trigger_peaking_time	0.050000	m-sec	
livetime	17.454120	seconds	
runtime	20.000371	seconds	
input_count_rate	112867.449893	cps	
output_count_rate	98498.270395	cps	
triggers	2186460.000000	seconds	
events_in_run	1962316.000000	seconds	
channel	content		
 1.00	 0.00
 2.00	 0.00
 3.00	 0.00
 4.00	 0.00
 5.00	 0.00
 6.00	 0.00
 7.00	 0.00
 8.00	 0.00
 9.00	 0.00
10.00	 0.00
11.00	 0.00
12.00	 0.00
13.00	 0.00
14.00	 0.00
15.00	 0.00
16.00	 0.00
17.00	 0.00
18.00	 0.00
19.00	 0.00
20.00	 0.00
21.00	 0.00
22.00	 0.00
23.00	 0.00
24.00	 0.00
25.00	 0.00
26.00	 0.00
27.00	 0.00
28.00	 0.00
29.00	 0.00
30.00	 0.00
31.00	 0.00
32.00	 0.00
33.00	 0.00
34.00	 0.00
35.00	 1.00
36.00	 2.00
37.00	 1.00
38.00	 2.00
39.00	 2.00
40.00	 6.00
41.00	 6.00
42.00	 8.00
43.00	10.00
44.00	 9.00
45.00	17.00
46.00	12.00
47.00	17.00
48.00	17.00
49.00	16.00
50.00	28.00
51.00	25.00
52.00	30.00
53.00	27.00
54.00	27.00
55.00	28.00
56.00	34.00
57.00	31.00
58.00	27.00
59.00	39.00
60.00	31.00
61.00	41.00
62.00	41.00
63.00	51.00
64.00	47.00
65.00	42.00
66.00	45.00
67.00	32.00
68.00	38.00
69.00	47.00
70.00	34.00
71.00	30.00
72.00	44.00
73.00	42.00
74.00	41.00
75.00	30.00
76.00	37.00
77.00	42.00
78.00	33.00
79.00	36.00
80.00	38.00
81.00	35.00
82.00	34.00
83.00	46.00
84.00	36.00
85.00	45.00
86.00	35.00
87.00	35.00
88.00	48.00
89.00	36.00
90.00	33.00
91.00	41.00
92.00	25.00
93.00	41.00
94.00	39.00
95.00	37.00
96.00	36.00
97.00	30.00
98.00	29.00
99.00	32.00
100.00	42.00
101.00	29.00
102.00	40.00
103.00	39.00
104.00	32.00
105.00	35.00
106.00	37.00
107.00	45.00
108.00	31.00
109.00	25.00
110.00	35.00
111.00	36.00
112.00	27.00
113.00	36.00
114.00	30.00
115.00	30.00
116.00	37.00
117.00	32.00
118.00	30.00
119.00	36.00
120.00	36.00
121.00	32.00
122.00	33.00
123.00	36.00
124.00	35.00
125.00	22.00
126.00	24.00
127.00	24.00
128.00	19.00
129.00	30.00
130.00	19.00
131.00	17.00
132.00	25.00
133.00	26.00
134.00	29.00
135.00	29.00
136.00	30.00
137.00	37.00
138.00	46.00
139.00	56.00
140.00	65.00
141.00	92.00
142.00	82.00
143.00	115.00
144.00	106.00
145.00	104.00
146.00	122.00
147.00	97.00
148.00	92.00
149.00	86.00
150.00	69.00
151.00	70.00
152.00	73.00
153.00	57.00
154.00	61.00
155.00	51.00
156.00	47.00
157.00	51.00
158.00	47.00
159.00	52.00
160.00	78.00
161.00	121.00
162.00	178.00
163.00	290.00
164.00	430.00
165.00	659.00
166.00	829.00
167.00	996.00
168.00	1116.00
169.00	1109.00
170.00	1095.00
171.00	963.00
172.00	844.00
173.00	709.00
174.00	499.00
175.00	368.00
176.00	274.00
177.00	210.00
178.00	149.00
179.00	128.00
180.00	133.00
181.00	119.00
182.00	136.00
183.00	154.00
184.00	238.00
185.00	284.00
186.00	340.00
187.00	396.00
188.00	419.00
189.00	446.00
190.00	405.00
191.00	416.00
192.00	342.00
193.00	293.00
194.00	193.00
195.00	166.00
196.00	105.00
197.00	82.00
198.00	49.00
199.00	36.00
200.00	34.00
201.00	39.00
202.00	30.00
203.00	39.00
204.00	30.00
205.00	36.00
206.00	25.00
207.00	30.00
208.00	24.00
209.00	38.00
210.00	39.00
211.00	35.00
212.00	36.00
213.00	43.00
214.00	55.00
215.00	56.00
216.00	68.00
217.00	65.00
218.00	76.00
219.00	81.00
220.00	74.00
221.00	78.00
222.00	80.00
223.00	90.00
224.00	79.00
225.00	58.00
226.00	55.00
227.00	44.00
228.00	25.00
229.00	36.00
230.00	33.00
231.00	20.00
232.00	33.00
233.00	27.00
234.00	20.00
235.00	30.00
236.00	30.00
237.00	32.00
238.00	18.00
239.00	24.00
240.00	30.00
241.00	28.00
242.00	39.00
243.00	23.00
244.00	43.00
245.00	28.00
246.00	32.00
247.00	31.00
248.00	27.00
249.00	29.00
250.00	24.00
251.00	34.00
252.00	30.00
253.00	26.00
254.00	24.00
255.00	29.00
256.00	33.00
257.00	23.00
258.00	34.00
259.00	36.00
260.00	25.00
261.00	28.00
262.00	31.00
263.00	29.00
264.00	39.00
265.00	36.00
266.00	29.00
267.00	51.00
268.00	33.00
269.00	35.00
270.00	23.00
271.00	39.00
272.00	32.00
273.00	52.00
274.00	32.00
275.00	34.00
276.00	45.00
277.00	52.00
278.00	53.00
279.00	78.00
280.00	96.00
281.00	112.00
282.00	146.00
283.00	193.00
284.00	213.00
285.00	262.00
286.00	285.00
287.00	290.00
288.00	238.00
289.00	232.00
290.00	211.00
291.00	162.00
292.00	147.00
293.00	116.00
294.00	106.00
295.00	77.00
296.00	55.00
297.00	54.00
298.00	52.00
299.00	46.00
300.00	48.00
301.00	49.00
302.00	56.00
303.00	69.00
304.00	81.00
305.00	65.00
306.00	88.00
307.00	106.00
308.00	118.00
309.00	153.00
310.00	193.00
311.00	214.00
312.00	319.00
313.00	462.00
314.00	736.00
315.00	921.00
316.00	1177.00
317.00	1555.00
318.00	1799.00
319.00	2033.00
320.00	2292.00
321.00	2290.00
322.00	2273.00
323.00	2086.00
324.00	1895.00
325.00	1563.00
326.00	1276.00
327.00	904.00
328.00	702.00
329.00	503.00
330.00	349.00
331.00	252.00
332.00	173.00
333.00	138.00
334.00	106.00
335.00	103.00
336.00	109.00
337.00	113.00
338.00	156.00
339.00	198.00
340.00	216.00
341.00	307.00
342.00	443.00
343.00	621.00
344.00	865.00
345.00	1350.00
346.00	2091.00
347.00	3128.00
348.00	4619.00
349.00	7063.00
350.00	9786.00
351.00	13284.00
352.00	17735.00
353.00	22484.00
354.00	27052.00
355.00	31315.00
356.00	34317.00
357.00	36086.00
358.00	36014.00
359.00	34290.00
360.00	30953.00
361.00	27168.00
362.00	22403.00
363.00	17789.00
364.00	13230.00
365.00	9760.00
366.00	6555.00
367.00	4415.00
368.00	2835.00
369.00	1720.00
370.00	1045.00
371.00	632.00
372.00	479.00
373.00	329.00
374.00	320.00
375.00	306.00
376.00	402.00
377.00	538.00
378.00	667.00
379.00	921.00
380.00	1267.00
381.00	1751.00
382.00	2203.00
383.00	2857.00
384.00	3587.00
385.00	4105.00
386.00	4693.00
387.00	5105.00
388.00	5421.00
389.00	5445.00
390.00	5154.00
391.00	4708.00
392.00	4270.00
393.00	3545.00
394.00	2897.00
395.00	2269.00
396.00	1697.00
397.00	1194.00
398.00	850.00
399.00	529.00
400.00	395.00
401.00	204.00
402.00	148.00
403.00	98.00
404.00	71.00
405.00	49.00
406.00	41.00
407.00	27.00
408.00	27.00
409.00	32.00
410.00	27.00
411.00	41.00
412.00	39.00
413.00	31.00
414.00	30.00
415.00	38.00
416.00	37.00
417.00	49.00
418.00	41.00
419.00	34.00
420.00	44.00
421.00	56.00
422.00	57.00
423.00	70.00
424.00	100.00
425.00	133.00
426.00	211.00
427.00	250.00
428.00	323.00
429.00	449.00
430.00	561.00
431.00	715.00
432.00	872.00
433.00	994.00
434.00	1080.00
435.00	1255.00
436.00	1165.00
437.00	1208.00
438.00	1179.00
439.00	1048.00
440.00	979.00
441.00	823.00
442.00	680.00
443.00	570.00
444.00	478.00
445.00	387.00
446.00	335.00
447.00	265.00
448.00	252.00
449.00	258.00
450.00	198.00
451.00	186.00
452.00	209.00
453.00	171.00
454.00	139.00
455.00	142.00
456.00	115.00
457.00	91.00
458.00	96.00
459.00	83.00
460.00	83.00
461.00	114.00
462.00	88.00
463.00	117.00
464.00	100.00
465.00	106.00
466.00	122.00
467.00	150.00
468.00	171.00
469.00	178.00
470.00	190.00
471.00	205.00
472.00	236.00
473.00	280.00
474.00	276.00
475.00	326.00
476.00	327.00
477.00	328.00
478.00	312.00
479.00	275.00
480.00	291.00
481.00	255.00
482.00	241.00
483.00	186.00
484.00	166.00
485.00	158.00
486.00	146.00
487.00	104.00
488.00	105.00
489.00	94.00
490.00	85.00
491.00	64.00
492.00	59.00
493.00	82.00
494.00	91.00
495.00	82.00
496.00	68.00
497.00	71.00
498.00	82.00
499.00	84.00
500.00	74.00
501.00	107.00
502.00	98.00
503.00	92.00
504.00	98.00
505.00	98.00
506.00	92.00
507.00	106.00
508.00	125.00
509.00	116.00
510.00	127.00
511.00	121.00
512.00	137.00
513.00	136.00
514.00	117.00
515.00	132.00
516.00	141.00
517.00	132.00
518.00	145.00
519.00	168.00
520.00	197.00
521.00	163.00
522.00	206.00
523.00	182.00
524.00	181.00
525.00	167.00
526.00	186.00
527.00	180.00
528.00	170.00
529.00	165.00
530.00	156.00
531.00	133.00
532.00	138.00
533.00	136.00
534.00	139.00
535.00	133.00
536.00	131.00
537.00	125.00
538.00	128.00
539.00	128.00
540.00	137.00
541.00	139.00
542.00	121.00
543.00	114.00
544.00	115.00
545.00	148.00
546.00	145.00
547.00	133.00
548.00	120.00
549.00	128.00
550.00	147.00
551.00	165.00
552.00	145.00
553.00	160.00
554.00	163.00
555.00	172.00
556.00	182.00
557.00	203.00
558.00	251.00
559.00	314.00
560.00	413.00
561.00	447.00
562.00	582.00
563.00	639.00
564.00	814.00
565.00	881.00
566.00	1021.00
567.00	1092.00
568.00	1284.00
569.00	1242.00
570.00	1185.00
571.00	1195.00
572.00	1141.00
573.00	1120.00
574.00	950.00
575.00	829.00
576.00	770.00
577.00	633.00
578.00	520.00
579.00	441.00
580.00	353.00
581.00	300.00
582.00	234.00
583.00	196.00
584.00	186.00
585.00	207.00
586.00	180.00
587.00	170.00
588.00	199.00
589.00	193.00
590.00	195.00
591.00	216.00
592.00	205.00
593.00	237.00
594.00	240.00
595.00	272.00
596.00	276.00
597.00	328.00
598.00	335.00
599.00	448.00
600.00	516.00
601.00	623.00
602.00	878.00
603.00	1289.00
604.00	1914.00
605.00	2607.00
606.00	3736.00
607.00	5038.00
608.00	7009.00
609.00	9253.00
610.00	11965.00
611.00	15070.00
612.00	18601.00
613.00	22069.00
614.00	26045.00
615.00	29235.00
616.00	31642.00
617.00	33898.00
618.00	35108.00
619.00	35180.00
620.00	33811.00
621.00	31884.00
622.00	28902.00
623.00	25766.00
624.00	22051.00
625.00	18446.00
626.00	14961.00
627.00	11673.00
628.00	8994.00
629.00	6788.00
630.00	4961.00
631.00	3602.00
632.00	2497.00
633.00	1704.00
634.00	1257.00
635.00	879.00
636.00	698.00
637.00	561.00
638.00	455.00
639.00	357.00
640.00	340.00
641.00	347.00
642.00	316.00
643.00	310.00
644.00	317.00
645.00	280.00
646.00	282.00
647.00	272.00
648.00	298.00
649.00	270.00
650.00	313.00
651.00	327.00
652.00	335.00
653.00	330.00
654.00	343.00
655.00	339.00
656.00	342.00
657.00	379.00
658.00	384.00
659.00	365.00
660.00	416.00
661.00	414.00
662.00	448.00
663.00	450.00
664.00	542.00
665.00	603.00
666.00	625.00
667.00	802.00
668.00	941.00
669.00	1048.00
670.00	1333.00
671.00	1535.00
672.00	1867.00
673.00	2355.00
674.00	2793.00
675.00	3366.00
676.00	3880.00
677.00	4383.00
678.00	4703.00
679.00	5096.00
680.00	5303.00
681.00	5539.00
682.00	5621.00
683.00	5513.00
684.00	5171.00
685.00	4838.00
686.00	4369.00
687.00	3873.00
688.00	3223.00
689.00	2593.00
690.00	2293.00
691.00	1818.00
692.00	1473.00
693.00	1141.00
694.00	902.00
695.00	673.00
696.00	623.00
697.00	483.00
698.00	407.00
699.00	341.00
700.00	341.00
701.00	301.00
702.00	277.00
703.00	288.00
704.00	306.00
705.00	321.00
706.00	282.00
707.00	318.00
708.00	317.00
709.00	341.00
710.00	358.00
711.00	383.00
712.00	400.00
713.00	372.00
714.00	409.00
715.00	402.00
716.00	463.00
717.00	457.00
718.00	470.00
719.00	492.00
720.00	502.00
721.00	441.00
722.00	484.00
723.00	412.00
724.00	449.00
725.00	414.00
726.00	441.00
727.00	399.00
728.00	394.00
729.00	382.00
730.00	381.00
731.00	373.00
732.00	334.00
733.00	303.00
734.00	322.00
735.00	343.00
736.00	331.00
737.00	315.00
738.00	300.00
739.00	281.00
740.00	285.00
741.00	316.00
742.00	307.00
743.00	271.00
744.00	305.00
745.00	283.00
746.00	302.00
747.00	306.00
748.00	289.00
749.00	261.00
750.00	291.00
751.00	280.00
752.00	332.00
753.00	269.00
754.00	310.00
755.00	279.00
756.00	318.00
757.00	301.00
758.00	324.00
759.00	304.00
760.00	311.00
761.00	312.00
762.00	362.00
763.00	343.00
764.00	294.00
765.00	329.00
766.00	345.00
767.00	353.00
768.00	375.00
769.00	375.00
770.00	374.00
771.00	406.00
772.00	418.00
773.00	426.00
774.00	457.00
775.00	405.00
776.00	398.00
777.00	489.00
778.00	409.00
779.00	456.00
780.00	449.00
781.00	471.00
782.00	474.00
783.00	472.00
784.00	433.00
785.00	450.00
786.00	479.00
787.00	440.00
788.00	442.00
789.00	450.00
790.00	439.00
791.00	438.00
792.00	455.00
793.00	461.00
794.00	427.00
795.00	456.00
796.00	477.00
797.00	490.00
798.00	450.00
799.00	475.00
800.00	447.00
801.00	476.00
802.00	512.00
803.00	521.00
804.00	492.00
805.00	511.00
806.00	555.00
807.00	518.00
808.00	537.00
809.00	514.00
810.00	513.00
811.00	498.00
812.00	534.00
813.00	487.00
814.00	552.00
815.00	507.00
816.00	485.00
817.00	522.00
818.00	496.00
819.00	526.00
820.00	505.00
821.00	564.00
822.00	559.00
823.00	559.00
824.00	567.00
825.00	589.00
826.00	622.00
827.00	599.00
828.00	655.00
829.00	695.00
830.00	704.00
831.00	707.00
832.00	700.00
833.00	766.00
834.00	707.00
835.00	720.00
836.00	704.00
837.00	717.00
838.00	646.00
839.00	687.00
840.00	652.00
841.00	625.00
842.00	620.00
843.00	527.00
844.00	539.00
845.00	546.00
846.00	549.00
847.00	554.00
848.00	520.00
849.00	494.00
850.00	542.00
851.00	529.00
852.00	547.00
853.00	566.00
854.00	523.00
855.00	535.00
856.00	542.00
857.00	531.00
858.00	519.00
859.00	506.00
860.00	500.00
861.00	507.00
862.00	486.00
863.00	546.00
864.00	554.00
865.00	501.00
866.00	526.00
867.00	525.00
868.00	519.00
869.00	506.00
870.00	499.00
871.00	504.00
872.00	506.00
873.00	559.00
874.00	498.00
875.00	505.00
876.00	496.00
877.00	478.00
878.00	573.00
879.00	588.00
880.00	568.00
881.00	519.00
882.00	581.00
883.00	557.00
884.00	558.00
885.00	559.00
886.00	536.00
887.00	569.00
888.00	610.00
889.00	552.00
890.00	612.00
891.00	570.00
892.00	577.00
893.00	567.00
894.00	570.00
895.00	614.00
896.00	589.00
897.00	579.00
898.00	612.00
899.00	629.00
900.00	577.00
901.00	581.00
902.00	596.00
903.00	554.00
904.00	596.00
905.00	579.00
906.00	611.00
907.00	618.00
908.00	624.00
909.00	608.00
910.00	573.00
911.00	564.00
912.00	587.00
913.00	603.00
914.00	592.00
915.00	631.00
916.00	579.00
917.00	642.00
918.00	643.00
919.00	627.00
920.00	678.00
921.00	675.00
922.00	641.00
923.00	625.00
924.00	669.00
925.00	664.00
926.00	679.00
927.00	683.00
928.00	651.00
929.00	672.00
930.00	676.00
931.00	692.00
932.00	643.00
933.00	670.00
934.00	635.00
935.00	664.00
936.00	653.00
937.00	608.00
938.00	650.00
939.00	606.00
940.00	632.00
941.00	613.00
942.00	637.00
943.00	613.00
944.00	632.00
945.00	637.00
946.00	634.00
947.00	623.00
948.00	660.00
949.00	661.00
950.00	663.00
951.00	696.00
952.00	621.00
953.00	626.00
954.00	656.00
955.00	642.00
956.00	667.00
957.00	654.00
958.00	683.00
959.00	664.00
960.00	665.00
961.00	694.00
962.00	730.00
963.00	641.00
964.00	688.00
965.00	694.00
966.00	677.00
967.00	747.00
968.00	718.00
969.00	731.00
970.00	730.00
971.00	690.00
972.00	757.00
973.00	746.00
974.00	766.00
975.00	723.00
976.00	688.00
977.00	700.00
978.00	658.00
979.00	696.00
980.00	693.00
981.00	708.00
982.00	680.00
983.00	662.00
984.00	691.00
985.00	709.00
986.00	660.00
987.00	681.00
988.00	717.00
989.00	646.00
990.00	626.00
991.00	683.00
992.00	675.00
993.00	660.00
994.00	686.00
995.00	640.00
996.00	671.00
997.00	705.00
998.00	684.00
999.00	671.00
1000.00	653.00
1001.00	684.00
1002.00	711.00
1003.00	632.00
1004.00	667.00
1005.00	709.00
1006.00	723.00
1007.00	667.00
1008.00	660.00
1009.00	701.00
1010.00	717.00
1011.00	676.00
1012.00	696.00
1013.00	663.00
1014.00	684.00
1015.00	674.00
1016.00	693.00
1017.00	691.00
1018.00	692.00
1019.00	687.00
1020.00	706.00
1021.00	676.00
1022.00	742.00
1023.00	711.00
1024.00	704.00
1025.00	704.00
1026.00	698.00
1027.00	709.00
1028.00	652.00
1029.00	714.00
1030.00	701.00
1031.00	661.00
1032.00	701.00
1033.00	678.00
1034.00	632.00
1035.00	711.00
1036.00	717.00
1037.00	656.00
1038.00	739.00
1039.00	719.00
1040.00	726.00
1041.00	673.00
1042.00	700.00
1043.00	699.00
1044.00	710.00
1045.00	715.00
1046.00	755.00
1047.00	665.00
1048.00	710.00
1049.00	690.00
1050.00	683.00
1051.00	671.00
1052.00	691.00
1053.00	688.00
1054.00	695.00
1055.00	693.00
1056.00	676.00
1057.00	705.00
1058.00	699.00
1059.00	745.00
1060.00	727.00
1061.00	692.00
1062.00	715.00
1063.00	716.00
1064.00	686.00
1065.00	695.00
1066.00	714.00
1067.00	660.00
1068.00	735.00
1069.00	748.00
1070.00	692.00
1071.00	660.00
1072.00	715.00
1073.00	711.00
1074.00	715.00
1075.00	672.00
1076.00	698.00
1077.00	767.00
1078.00	707.00
1079.00	722.00
1080.00	727.00
1081.00	709.00
1082.00	738.00
1083.00	692.00
1084.00	712.00
1085.00	689.00
1086.00	748.00
1087.00	704.00
1088.00	718.00
1089.00	712.00
1090.00	757.00
1091.00	778.00
1092.00	758.00
1093.00	742.00
1094.00	716.00
1095.00	703.00
1096.00	704.00
1097.00	765.00
1098.00	781.00
1099.00	755.00
1100.00	726.00
1101.00	689.00
1102.00	715.00
1103.00	747.00
1104.00	754.00
1105.00	752.00
1106.00	759.00
1107.00	732.00
1108.00	759.00
1109.00	715.00
1110.00	771.00
1111.00	737.00
1112.00	740.00
1113.00	716.00
1114.00	716.00
1115.00	714.00
1116.00	759.00
1117.00	684.00
1118.00	713.00
1119.00	755.00
1120.00	722.00
1121.00	762.00
1122.00	733.00
1123.00	750.00
1124.00	715.00
1125.00	746.00
1126.00	778.00
1127.00	725.00
1128.00	737.00
1129.00	744.00
1130.00	757.00
1131.00	753.00
1132.00	717.00
1133.00	751.00
1134.00	749.00
1135.00	697.00
1136.00	796.00
1137.00	714.00
1138.00	760.00
1139.00	753.00
1140.00	790.00
1141.00	704.00
1142.00	786.00
1143.00	774.00
1144.00	787.00
1145.00	719.00
1146.00	718.00
1147.00	699.00
1148.00	802.00
1149.00	762.00
1150.00	733.00
1151.00	758.00
1152.00	684.00
1153.00	732.00
1154.00	743.00
1155.00	728.00
1156.00	708.00
1157.00	708.00
1158.00	753.00
1159.00	757.00
1160.00	681.00
1161.00	776.00
1162.00	707.00
1163.00	750.00
1164.00	681.00
1165.00	719.00
1166.00	743.00
1167.00	716.00
1168.00	726.00
1169.00	728.00
1170.00	739.00
1171.00	705.00
1172.00	727.00
1173.00	704.00
1174.00	756.00
1175.00	725.00
1176.00	756.00
1177.00	694.00
1178.00	718.00
1179.00	770.00
1180.00	720.00
1181.00	760.00
1182.00	757.00
1183.00	744.00
1184.00	763.00
1185.00	732.00
1186.00	735.00
1187.00	736.00
1188.00	783.00
1189.00	722.00
1190.00	728.00
1191.00	727.00
1192.00	741.00
1193.00	756.00
1194.00	732.00
1195.00	798.00
1196.00	777.00
1197.00	708.00
1198.00	753.00
1199.00	742.00
1200.00	763.00
1201.00	811.00
1202.00	704.00
1203.00	713.00
1204.00	743.00
1205.00	707.00
1206.00	727.00
1207.00	768.00
1208.00	761.00
1209.00	754.00
1210.00	722.00
1211.00	744.00
1212.00	731.00
1213.00	774.00
1214.00	747.00
1215.00	754.00
1216.00	791.00
1217.00	778.00
1218.00	823.00
1219.00	771.00
1220.00	770.00
1221.00	760.00
1222.00	774.00
1223.00	788.00
1224.00	740.00
1225.00	773.00
1226.00	781.00
1227.00	784.00
1228.00	771.00
1229.00	807.00
1230.00	755.00
1231.00	760.00
1232.00	752.00
1233.00	783.00
1234.00	787.00
1235.00	804.00
1236.00	757.00
1237.00	754.00
1238.00	767.00
1239.00	761.00
1240.00	813.00
1241.00	718.00
1242.00	770.00
1243.00	734.00
1244.00	762.00
1245.00	693.00
1246.00	753.00
1247.00	777.00
1248.00	746.00
1249.00	737.00
1250.00	741.00
1251.00	729.00
1252.00	728.00
1253.00	740.00
1254.00	712.00
1255.00	727.00
1256.00	720.00
1257.00	701.00
1258.00	704.00
1259.00	722.00
1260.00	723.00
1261.00	709.00
1262.00	679.00
1263.00	736.00
1264.00	695.00
1265.00	689.00
1266.00	704.00
1267.00	709.00
1268.00	743.00
1269.00	727.00
1270.00	727.00
1271.00	728.00
1272.00	679.00
1273.00	721.00
1274.00	748.00
1275.00	757.00
1276.00	759.00
1277.00	723.00
1278.00	702.00
1279.00	780.00
1280.00	797.00
1281.00	748.00
1282.00	826.00
1283.00	808.00
1284.00	764.00
1285.00	799.00
1286.00	862.00
1287.00	817.00
1288.00	814.00
1289.00	895.00
1290.00	814.00
1291.00	820.00
1292.00	910.00
1293.00	822.00
1294.00	823.00
1295.00	805.00
1296.00	800.00
1297.00	834.00
1298.00	837.00
1299.00	836.00
1300.00	759.00
1301.00	823.00
1302.00	788.00
1303.00	755.00
1304.00	745.00
1305.00	761.00
1306.00	742.00
1307.00	775.00
1308.00	720.00
1309.00	721.00
1310.00	683.00
1311.00	664.00
1312.00	719.00
1313.00	724.00
1314.00	755.00
1315.00	725.00
1316.00	749.00
1317.00	709.00
1318.00	713.00
1319.00	680.00
1320.00	702.00
1321.00	684.00
1322.00	686.00
1323.00	720.00
1324.00	636.00
1325.00	767.00
1326.00	713.00
1327.00	695.00
1328.00	686.00
1329.00	711.00
1330.00	711.00
1331.00	689.00
1332.00	702.00
1333.00	703.00
1334.00	729.00
1335.00	747.00
1336.00	738.00
1337.00	726.00
1338.00	654.00
1339.00	672.00
1340.00	720.00
1341.00	741.00
1342.00	767.00
1343.00	750.00
1344.00	743.00
1345.00	762.00
1346.00	778.00
1347.00	774.00
1348.00	813.00
1349.00	898.00
1350.00	867.00
1351.00	957.00
1352.00	967.00
1353.00	995.00
1354.00	1052.00
1355.00	1091.00
1356.00	1106.00
1357.00	1212.00
1358.00	1211.00
1359.00	1214.00
1360.00	1337.00
1361.00	1336.00
1362.00	1362.00
1363.00	1338.00
1364.00	1352.00
1365.00	1318.00
1366.00	1357.00
1367.00	1334.00
1368.00	1254.00
1369.00	1226.00
1370.00	1183.00
1371.00	1213.00
1372.00	1147.00
1373.00	1072.00
1374.00	1045.00
1375.00	941.00
1376.00	885.00
1377.00	889.00
1378.00	853.00
1379.00	822.00
1380.00	781.00
1381.00	719.00
1382.00	762.00
1383.00	723.00
1384.00	751.00
1385.00	633.00
1386.00	649.00
1387.00	681.00
1388.00	677.00
1389.00	673.00
1390.00	673.00
1391.00	688.00
1392.00	666.00
1393.00	604.00
1394.00	690.00
1395.00	659.00
1396.00	618.00
1397.00	627.00
1398.00	634.00
1399.00	659.00
1400.00	636.00
1401.00	633.00
1402.00	596.00
1403.00	580.00
1404.00	594.00
1405.00	641.00
1406.00	597.00
1407.00	625.00
1408.00	587.00
1409.00	615.00
1410.00	612.00
1411.00	624.00
1412.00	594.00
1413.00	615.00
1414.00	605.00
1415.00	686.00
1416.00	644.00
1417.00	640.00
1418.00	637.00
1419.00	649.00
1420.00	627.00
1421.00	647.00
1422.00	662.00
1423.00	656.00
1424.00	619.00
1425.00	619.00
1426.00	683.00
1427.00	634.00
1428.00	680.00
1429.00	614.00
1430.00	632.00
1431.00	663.00
1432.00	661.00
1433.00	679.00
1434.00	634.00
1435.00	633.00
1436.00	650.00
1437.00	652.00
1438.00	652.00
1439.00	668.00
1440.00	644.00
1441.00	587.00
1442.00	657.00
1443.00	652.00
1444.00	636.00
1445.00	633.00
1446.00	684.00
1447.00	613.00
1448.00	616.00
1449.00	625.00
1450.00	648.00
1451.00	589.00
1452.00	621.00
1453.00	616.00
1454.00	653.00
1455.00	640.00
1456.00	619.00
1457.00	592.00
1458.00	643.00
1459.00	631.00
1460.00	597.00
1461.00	658.00
1462.00	615.00
1463.00	579.00
1464.00	604.00
1465.00	592.00
1466.00	583.00
1467.00	634.00
1468.00	622.00
1469.00	588.00
1470.00	586.00
1471.00	612.00
1472.00	606.00
1473.00	572.00
1474.00	592.00
1475.00	595.00
1476.00	652.00
1477.00	588.00
1478.00	600.00
1479.00	622.00
1480.00	606.00
1481.00	654.00
1482.00	574.00
1483.00	600.00
1484.00	618.00
1485.00	570.00
1486.00	601.00
1487.00	608.00
1488.00	578.00
1489.00	579.00
1490.00	542.00
1491.00	602.00
1492.00	544.00
1493.00	583.00
1494.00	596.00
1495.00	537.00
1496.00	568.00
1497.00	607.00
1498.00	605.00
1499.00	619.00
1500.00	629.00
1501.00	590.00
1502.00	599.00
1503.00	620.00
1504.00	576.00
1505.00	609.00
1506.00	648.00
1507.00	597.00
1508.00	654.00
1509.00	613.00
1510.00	638.00
1511.00	604.00
1512.00	638.00
1513.00	698.00
1514.00	675.00
1515.00	662.00
1516.00	701.00
1517.00	713.00
1518.00	683.00
1519.00	745.00
1520.00	727.00
1521.00	774.00
1522.00	689.00
1523.00	806.00
1524.00	808.00
1525.00	783.00
1526.00	745.00
1527.00	770.00
1528.00	703.00
1529.00	736.00
1530.00	719.00
1531.00	733.00
1532.00	730.00
1533.00	696.00
1534.00	654.00
1535.00	673.00
1536.00	686.00
1537.00	662.00
1538.00	665.00
1539.00	686.00
1540.00	613.00
1541.00	713.00
1542.00	693.00
1543.00	664.00
1544.00	623.00
1545.00	629.00
1546.00	629.00
1547.00	689.00
1548.00	703.00
1549.00	685.00
1550.00	667.00
1551.00	676.00
1552.00	718.00
1553.00	728.00
1554.00	703.00
1555.00	726.00
1556.00	705.00
1557.00	651.00
1558.00	730.00
1559.00	746.00
1560.00	786.00
1561.00	751.00
1562.00	782.00
1563.00	739.00
1564.00	802.00
1565.00	778.00
1566.00	787.00
1567.00	847.00
1568.00	833.00
1569.00	845.00
1570.00	841.00
1571.00	805.00
1572.00	857.00
1573.00	874.00
1574.00	895.00
1575.00	884.00
1576.00	913.00
1577.00	940.00
1578.00	950.00
1579.00	973.00
1580.00	926.00
1581.00	956.00
1582.00	946.00
1583.00	994.00
1584.00	1020.00
1585.00	999.00
1586.00	980.00
1587.00	963.00
1588.00	967.00
1589.00	1045.00
1590.00	995.00
1591.00	987.00
1592.00	1048.00
1593.00	1043.00
1594.00	984.00
1595.00	1001.00
1596.00	923.00
1597.00	960.00
1598.00	920.00
1599.00	971.00
1600.00	921.00
1601.00	915.00
1602.00	958.00
1603.00	896.00
1604.00	824.00
1605.00	868.00
1606.00	872.00
1607.00	845.00
1608.00	870.00
1609.00	877.00
1610.00	814.00
1611.00	805.00
1612.00	797.00
1613.00	799.00
1614.00	735.00
1615.00	749.00
1616.00	806.00
1617.00	699.00
1618.00	706.00
1619.00	741.00
1620.00	674.00
1621.00	717.00
1622.00	667.00
1623.00	635.00
1624.00	667.00
1625.00	663.00
1626.00	618.00
1627.00	632.00
1628.00	585.00
1629.00	588.00
1630.00	565.00
1631.00	579.00
1632.00	591.00
1633.00	579.00
1634.00	581.00
1635.00	534.00
1636.00	532.00
1637.00	541.00
1638.00	541.00
1639.00	565.00
1640.00	510.00
1641.00	553.00
1642.00	525.00
1643.00	501.00
1644.00	491.00
1645.00	536.00
1646.00	509.00
1647.00	523.00
1648.00	525.00
1649.00	473.00
1650.00	505.00
1651.00	440.00
1652.00	469.00
1653.00	487.00
1654.00	483.00
1655.00	481.00
1656.00	436.00
1657.00	479.00
1658.00	496.00
1659.00	543.00
1660.00	504.00
1661.00	547.00
1662.00	553.00
1663.00	574.00
1664.00	545.00
1665.00	565.00
1666.00	603.00
1667.00	628.00
1668.00	660.00
1669.00	706.00
1670.00	691.00
1671.00	758.00
1672.00	842.00
1673.00	753.00
1674.00	826.00
1675.00	863.00
1676.00	868.00
1677.00	921.00
1678.00	852.00
1679.00	884.00
1680.00	927.00
1681.00	954.00
1682.00	930.00
1683.00	931.00
1684.00	994.00
1685.00	922.00
1686.00	904.00
1687.00	949.00
1688.00	849.00
1689.00	811.00
1690.00	790.00
1691.00	775.00
1692.00	730.00
1693.00	776.00
1694.00	713.00
1695.00	645.00
1696.00	616.00
1697.00	568.00
1698.00	573.00
1699.00	534.00
1700.00	526.00
1701.00	527.00
1702.00	478.00
1703.00	460.00
1704.00	386.00
1705.00	414.00
1706.00	425.00
1707.00	430.00
1708.00	441.00
1709.00	411.00
1710.00	410.00
1711.00	416.00
1712.00	413.00
1713.00	362.00
1714.00	406.00
1715.00	358.00
1716.00	350.00
1717.00	376.00
1718.00	345.00
1719.00	387.00
1720.00	352.00
1721.00	353.00
1722.00	385.00
1723.00	386.00
1724.00	380.00
1725.00	384.00
1726.00	365.00
1727.00	353.00
1728.00	343.00
1729.00	334.00
1730.00	374.00
1731.00	375.00
1732.00	381.00
1733.00	354.00
1734.00	358.00
1735.00	379.00
1736.00	385.00
1737.00	400.00
1738.00	374.00
1739.00	364.00
1740.00	386.00
1741.00	362.00
1742.00	327.00
1743.00	373.00
1744.00	359.00
1745.00	361.00
1746.00	335.00
1747.00	382.00
1748.00	371.00
1749.00	368.00
1750.00	362.00
1751.00	350.00
1752.00	377.00
1753.00	379.00
1754.00	400.00
1755.00	389.00
1756.00	387.00
1757.00	389.00
1758.00	375.00
1759.00	381.00
1760.00	372.00
1761.00	363.00
1762.00	365.00
1763.00	384.00
1764.00	410.00
1765.00	365.00
1766.00	400.00
1767.00	390.00
1768.00	384.00
1769.00	364.00
1770.00	404.00
1771.00	394.00
1772.00	395.00
1773.00	378.00
1774.00	402.00
1775.00	371.00
1776.00	374.00
1777.00	374.00
1778.00	363.00
1779.00	353.00
1780.00	364.00
1781.00	354.00
1782.00	385.00
1783.00	339.00
1784.00	357.00
1785.00	384.00
1786.00	370.00
1787.00	373.00
1788.00	362.00
1789.00	321.00
1790.00	362.00
1791.00	359.00
1792.00	388.00
1793.00	319.00
1794.00	336.00
1795.00	352.00
1796.00	361.00
1797.00	345.00
1798.00	338.00
1799.00	301.00
1800.00	321.00
1801.00	264.00
1802.00	348.00
1803.00	337.00
1804.00	293.00
1805.00	277.00
1806.00	291.00
1807.00	294.00
1808.00	271.00
1809.00	254.00
1810.00	273.00
1811.00	295.00
1812.00	265.00
1813.00	261.00
1814.00	274.00
1815.00	284.00
1816.00	247.00
1817.00	260.00
1818.00	257.00
1819.00	256.00
1820.00	270.00
1821.00	244.00
1822.00	253.00
1823.00	265.00
1824.00	275.00
1825.00	261.00
1826.00	269.00
1827.00	227.00
1828.00	227.00
1829.00	243.00
1830.00	238.00
1831.00	225.00
1832.00	248.00
1833.00	231.00
1834.00	237.00
1835.00	209.00
1836.00	244.00
1837.00	228.00
1838.00	250.00
1839.00	238.00
1840.00	230.00
1841.00	220.00
1842.00	223.00
1843.00	200.00
1844.00	197.00
1845.00	248.00
1846.00	229.00
1847.00	191.00
1848.00	231.00
1849.00	181.00
1850.00	189.00
1851.00	187.00
1852.00	195.00
1853.00	190.00
1854.00	190.00
1855.00	205.00
1856.00	198.00
1857.00	213.00
1858.00	209.00
1859.00	208.00
1860.00	187.00
1861.00	170.00
1862.00	203.00
1863.00	166.00
1864.00	183.00
1865.00	219.00
1866.00	197.00
1867.00	185.00
1868.00	179.00
1869.00	175.00
1870.00	178.00
1871.00	195.00
1872.00	199.00
1873.00	178.00
1874.00	198.00
1875.00	214.00
1876.00	189.00
1877.00	189.00
1878.00	223.00
1879.00	230.00
1880.00	227.00
1881.00	246.00
1882.00	217.00
1883.00	248.00
1884.00	222.00
1885.00	211.00
1886.00	240.00
1887.00	230.00
1888.00	215.00
1889.00	229.00
1890.00	209.00
1891.00	249.00
1892.00	226.00
1893.00	252.00
1894.00	222.00
1895.00	202.00
1896.00	225.00
1897.00	201.00
1898.00	220.00
1899.00	207.00
1900.00	180.00
1901.00	196.00
1902.00	187.00
1903.00	204.00
1904.00	168.00
1905.00	154.00
1906.00	186.00
1907.00	185.00
1908.00	175.00
1909.00	180.00
1910.00	181.00
1911.00	152.00
1912.00	153.00
1913.00	178.00
1914.00	160.00
1915.00	156.00
1916.00	159.00
1917.00	133.00
1918.00	160.00
1919.00	152.00
1920.00	131.00
1921.00	146.00
1922.00	159.00
1923.00	149.00
1924.00	169.00
1925.00	159.00
1926.00	158.00
1927.00	157.00
1928.00	156.00
1929.00	151.00
1930.00	135.00
1931.00	149.00
1932.00	146.00
1933.00	150.00
1934.00	108.00
1935.00	151.00
1936.00	111.00
1937.00	144.00
1938.00	125.00
1939.00	147.00
1940.00	147.00
1941.00	105.00
1942.00	146.00
1943.00	145.00
1944.00	115.00
1945.00	120.00
1946.00	110.00
1947.00	140.00
1948.00	124.00
1949.00	122.00
1950.00	136.00
1951.00	107.00
1952.00	123.00
1953.00	127.00
1954.00	121.00
1955.00	106.00
1956.00	123.00
1957.00	101.00
1958.00	118.00
1959.00	111.00
1960.00	126.00
1961.00	120.00
1962.00	129.00
1963.00	130.00
1964.00	116.00
1965.00	126.00
1966.00	105.00
1967.00	114.00
1968.00	96.00
1969.00	98.00
1970.00	103.00
1971.00	91.00
1972.00	115.00
1973.00	124.00
1974.00	126.00
1975.00	115.00
1976.00	130.00
1977.00	115.00
1978.00	114.00
1979.00	122.00
1980.00	107.00
1981.00	118.00
1982.00	109.00
1983.00	138.00
1984.00	103.00
1985.00	101.00
1986.00	89.00
1987.00	129.00
1988.00	105.00
1989.00	121.00
1990.00	132.00
1991.00	102.00
1992.00	90.00
1993.00	102.00
1994.00	105.00
1995.00	117.00
1996.00	90.00
1997.00	101.00
1998.00	83.00
1999.00	85.00
2000.00	98.00
2001.00	84.00
2002.00	83.00
2003.00	80.00
2004.00	108.00
2005.00	82.00
2006.00	92.00
2007.00	84.00
2008.00	109.00
2009.00	73.00
2010.00	95.00
2011.00	96.00
2012.00	74.00
2013.00	79.00
2014.00	86.00
2015.00	86.00
2016.00	80.00
2017.00	72.00
2018.00	92.00
2019.00	87.00
2020.00	88.00
2021.00	79.00
2022.00	78.00
2023.00	82.00
2024.00	96.00
2025.00	73.00
2026.00	83.00
2027.00	70.00
2028.00	82.00
2029.00	65.00
2030.00	83.00
2031.00	72.00
2032.00	92.00
2033.00	74.00
2034.00	81.00
2035.00	75.00
2036.00	75.00
2037.00	73.00
2038.00	90.00
2039.00	73.00
2040.00	68.00
2041.00	91.00
2042.00	75.00
2043.00	76.00
2044.00	62.00
2045.00	52.00
2046.00	62.00
2047.00	65.00
2048.00	 0.00
