Date:	2023-09-18		
Time:	20:42		
Sample name:	Pellets		
Position:	805.600011	mm	
Sample surface:	5.920768	cm	
Tube anode:	Mo		
Tube voltage:	30	kV	
Tube current:	50	mA	
Comments	not in position		
Gain	5.810000		
peaking_time	0.300000	m-sec	
trigger_threshold	30.000000	V	
mca_bin_width	2.000000	no:	
number_mca_channels	2048.000000	no:	
gap_time	0.100000	m-sec	
trigger_peaking_time	0.050000	m-sec	
livetime	17.367128	seconds	
runtime	20.000397	seconds	
input_count_rate	112336.191245	cps	
output_count_rate	97545.911275	cps	
triggers	2172287.000000	seconds	
events_in_run	1942048.000000	seconds	
channel	content		
 1.00	 0.00
 2.00	 0.00
 3.00	 0.00
 4.00	 0.00
 5.00	 0.00
 6.00	 0.00
 7.00	 0.00
 8.00	 0.00
 9.00	 0.00
10.00	 0.00
11.00	 0.00
12.00	 0.00
13.00	 0.00
14.00	 0.00
15.00	 0.00
16.00	 0.00
17.00	 0.00
18.00	 0.00
19.00	 0.00
20.00	 0.00
21.00	 0.00
22.00	 0.00
23.00	 0.00
24.00	 0.00
25.00	 0.00
26.00	 0.00
27.00	 0.00
28.00	 0.00
29.00	 0.00
30.00	 0.00
31.00	 0.00
32.00	 3.00
33.00	 1.00
34.00	 1.00
35.00	 8.00
36.00	 7.00
37.00	 7.00
38.00	16.00
39.00	27.00
40.00	21.00
41.00	32.00
42.00	58.00
43.00	75.00
44.00	99.00
45.00	111.00
46.00	151.00
47.00	143.00
48.00	169.00
49.00	165.00
50.00	196.00
51.00	224.00
52.00	216.00
53.00	260.00
54.00	267.00
55.00	293.00
56.00	274.00
57.00	292.00
58.00	303.00
59.00	271.00
60.00	349.00
61.00	319.00
62.00	308.00
63.00	309.00
64.00	316.00
65.00	332.00
66.00	337.00
67.00	362.00
68.00	309.00
69.00	340.00
70.00	333.00
71.00	326.00
72.00	372.00
73.00	366.00
74.00	354.00
75.00	357.00
76.00	331.00
77.00	297.00
78.00	340.00
79.00	352.00
80.00	316.00
81.00	314.00
82.00	295.00
83.00	319.00
84.00	337.00
85.00	298.00
86.00	326.00
87.00	309.00
88.00	344.00
89.00	275.00
90.00	318.00
91.00	288.00
92.00	319.00
93.00	267.00
94.00	315.00
95.00	298.00
96.00	266.00
97.00	310.00
98.00	283.00
99.00	294.00
100.00	303.00
101.00	265.00
102.00	280.00
103.00	277.00
104.00	258.00
105.00	248.00
106.00	267.00
107.00	291.00
108.00	254.00
109.00	277.00
110.00	258.00
111.00	234.00
112.00	242.00
113.00	223.00
114.00	238.00
115.00	280.00
116.00	271.00
117.00	265.00
118.00	256.00
119.00	270.00
120.00	258.00
121.00	233.00
122.00	240.00
123.00	245.00
124.00	241.00
125.00	217.00
126.00	183.00
127.00	216.00
128.00	208.00
129.00	212.00
130.00	199.00
131.00	225.00
132.00	199.00
133.00	208.00
134.00	211.00
135.00	217.00
136.00	261.00
137.00	316.00
138.00	392.00
139.00	448.00
140.00	626.00
141.00	801.00
142.00	992.00
143.00	1077.00
144.00	1237.00
145.00	1218.00
146.00	1128.00
147.00	1016.00
148.00	897.00
149.00	842.00
150.00	715.00
151.00	581.00
152.00	556.00
153.00	494.00
154.00	528.00
155.00	443.00
156.00	402.00
157.00	341.00
158.00	417.00
159.00	540.00
160.00	777.00
161.00	1307.00
162.00	2006.00
163.00	3319.00
164.00	5063.00
165.00	6961.00
166.00	9183.00
167.00	11235.00
168.00	12324.00
169.00	12997.00
170.00	12415.00
171.00	11160.00
172.00	9322.00
173.00	7221.00
174.00	5324.00
175.00	3942.00
176.00	2793.00
177.00	1947.00
178.00	1431.00
179.00	1165.00
180.00	927.00
181.00	853.00
182.00	832.00
183.00	776.00
184.00	819.00
185.00	919.00
186.00	1030.00
187.00	1143.00
188.00	1274.00
189.00	1275.00
190.00	1258.00
191.00	1196.00
192.00	1033.00
193.00	829.00
194.00	718.00
195.00	562.00
196.00	470.00
197.00	382.00
198.00	281.00
199.00	233.00
200.00	228.00
201.00	226.00
202.00	230.00
203.00	209.00
204.00	195.00
205.00	208.00
206.00	182.00
207.00	221.00
208.00	198.00
209.00	193.00
210.00	215.00
211.00	198.00
212.00	206.00
213.00	221.00
214.00	240.00
215.00	223.00
216.00	256.00
217.00	313.00
218.00	350.00
219.00	353.00
220.00	353.00
221.00	346.00
222.00	368.00
223.00	301.00
224.00	335.00
225.00	308.00
226.00	234.00
227.00	239.00
228.00	226.00
229.00	204.00
230.00	195.00
231.00	166.00
232.00	167.00
233.00	191.00
234.00	189.00
235.00	162.00
236.00	183.00
237.00	204.00
238.00	180.00
239.00	193.00
240.00	165.00
241.00	184.00
242.00	169.00
243.00	170.00
244.00	190.00
245.00	156.00
246.00	165.00
247.00	185.00
248.00	178.00
249.00	203.00
250.00	201.00
251.00	172.00
252.00	182.00
253.00	208.00
254.00	199.00
255.00	202.00
256.00	184.00
257.00	171.00
258.00	218.00
259.00	189.00
260.00	203.00
261.00	260.00
262.00	199.00
263.00	266.00
264.00	262.00
265.00	278.00
266.00	304.00
267.00	302.00
268.00	323.00
269.00	323.00
270.00	300.00
271.00	305.00
272.00	277.00
273.00	249.00
274.00	276.00
275.00	235.00
276.00	302.00
277.00	372.00
278.00	442.00
279.00	595.00
280.00	760.00
281.00	1027.00
282.00	1305.00
283.00	1565.00
284.00	1907.00
285.00	2129.00
286.00	2258.00
287.00	2240.00
288.00	2170.00
289.00	2041.00
290.00	1794.00
291.00	1472.00
292.00	1167.00
293.00	925.00
294.00	686.00
295.00	536.00
296.00	412.00
297.00	315.00
298.00	306.00
299.00	288.00
300.00	290.00
301.00	301.00
302.00	345.00
303.00	343.00
304.00	432.00
305.00	483.00
306.00	529.00
307.00	641.00
308.00	827.00
309.00	1099.00
310.00	1431.00
311.00	2015.00
312.00	2918.00
313.00	4182.00
314.00	5978.00
315.00	8303.00
316.00	10884.00
317.00	13739.00
318.00	16366.00
319.00	18921.00
320.00	20161.00
321.00	21129.00
322.00	20505.00
323.00	19197.00
324.00	17219.00
325.00	14453.00
326.00	11592.00
327.00	8775.00
328.00	6485.00
329.00	4524.00
330.00	3027.00
331.00	2043.00
332.00	1333.00
333.00	930.00
334.00	761.00
335.00	616.00
336.00	576.00
337.00	667.00
338.00	789.00
339.00	1049.00
340.00	1279.00
341.00	1711.00
342.00	2230.00
343.00	2945.00
344.00	4055.00
345.00	5539.00
346.00	7452.00
347.00	10210.00
348.00	14604.00
349.00	20247.00
350.00	27985.00
351.00	37496.00
352.00	48251.00
353.00	60300.00
354.00	72414.00
355.00	81981.00
356.00	90639.00
357.00	94935.00
358.00	94101.00
359.00	89881.00
360.00	82342.00
361.00	70850.00
362.00	58643.00
363.00	46512.00
364.00	34617.00
365.00	25024.00
366.00	17166.00
367.00	11318.00
368.00	7146.00
369.00	4600.00
370.00	2831.00
371.00	1790.00
372.00	1303.00
373.00	988.00
374.00	933.00
375.00	1027.00
376.00	1253.00
377.00	1568.00
378.00	1983.00
379.00	2599.00
380.00	3551.00
381.00	4826.00
382.00	6075.00
383.00	7634.00
384.00	9409.00
385.00	11122.00
386.00	12606.00
387.00	13642.00
388.00	14328.00
389.00	14344.00
390.00	13730.00
391.00	12542.00
392.00	11414.00
393.00	9506.00
394.00	7735.00
395.00	5976.00
396.00	4591.00
397.00	3369.00
398.00	2466.00
399.00	1641.00
400.00	1186.00
401.00	851.00
402.00	609.00
403.00	496.00
404.00	422.00
405.00	378.00
406.00	348.00
407.00	309.00
408.00	277.00
409.00	288.00
410.00	274.00
411.00	305.00
412.00	316.00
413.00	326.00
414.00	325.00
415.00	375.00
416.00	369.00
417.00	389.00
418.00	391.00
419.00	448.00
420.00	500.00
421.00	582.00
422.00	754.00
423.00	949.00
424.00	1314.00
425.00	1768.00
426.00	2362.00
427.00	3249.00
428.00	4501.00
429.00	5804.00
430.00	7641.00
431.00	9072.00
432.00	10896.00
433.00	12540.00
434.00	14149.00
435.00	14898.00
436.00	15398.00
437.00	15071.00
438.00	14398.00
439.00	13369.00
440.00	11876.00
441.00	9943.00
442.00	8406.00
443.00	6963.00
444.00	5591.00
445.00	4585.00
446.00	3800.00
447.00	3206.00
448.00	2804.00
449.00	2577.00
450.00	2439.00
451.00	2165.00
452.00	2070.00
453.00	1978.00
454.00	1779.00
455.00	1648.00
456.00	1509.00
457.00	1319.00
458.00	1187.00
459.00	1162.00
460.00	1099.00
461.00	1169.00
462.00	1240.00
463.00	1310.00
464.00	1394.00
465.00	1611.00
466.00	1743.00
467.00	1921.00
468.00	2048.00
469.00	2311.00
470.00	2543.00
471.00	2916.00
472.00	3133.00
473.00	3423.00
474.00	3572.00
475.00	3963.00
476.00	3935.00
477.00	4137.00
478.00	3953.00
479.00	3739.00
480.00	3738.00
481.00	3321.00
482.00	2927.00
483.00	2426.00
484.00	2198.00
485.00	1842.00
486.00	1582.00
487.00	1352.00
488.00	1109.00
489.00	1000.00
490.00	940.00
491.00	865.00
492.00	870.00
493.00	841.00
494.00	906.00
495.00	895.00
496.00	920.00
497.00	906.00
498.00	965.00
499.00	1055.00
500.00	1071.00
501.00	1068.00
502.00	1049.00
503.00	1153.00
504.00	1172.00
505.00	1185.00
506.00	1256.00
507.00	1334.00
508.00	1323.00
509.00	1351.00
510.00	1325.00
511.00	1453.00
512.00	1402.00
513.00	1511.00
514.00	1561.00
515.00	1622.00
516.00	1749.00
517.00	1861.00
518.00	1958.00
519.00	2125.00
520.00	2248.00
521.00	2427.00
522.00	2470.00
523.00	2387.00
524.00	2470.00
525.00	2468.00
526.00	2316.00
527.00	2276.00
528.00	2127.00
529.00	1993.00
530.00	1843.00
531.00	1810.00
532.00	1775.00
533.00	1624.00
534.00	1678.00
535.00	1638.00
536.00	1561.00
537.00	1571.00
538.00	1527.00
539.00	1560.00
540.00	1707.00
541.00	1632.00
542.00	1569.00
543.00	1628.00
544.00	1672.00
545.00	1654.00
546.00	1703.00
547.00	1713.00
548.00	1773.00
549.00	1684.00
550.00	1740.00
551.00	1766.00
552.00	1751.00
553.00	1857.00
554.00	2018.00
555.00	2244.00
556.00	2475.00
557.00	2942.00
558.00	3685.00
559.00	4427.00
560.00	5516.00
561.00	6957.00
562.00	8479.00
563.00	10410.00
564.00	12409.00
565.00	14285.00
566.00	16642.00
567.00	18524.00
568.00	19467.00
569.00	20322.00
570.00	20102.00
571.00	19900.00
572.00	18992.00
573.00	17816.00
574.00	15675.00
575.00	13641.00
576.00	11654.00
577.00	9473.00
578.00	7943.00
579.00	6518.00
580.00	5021.00
581.00	4112.00
582.00	3252.00
583.00	2840.00
584.00	2519.00
585.00	2263.00
586.00	2159.00
587.00	2064.00
588.00	2135.00
589.00	2201.00
590.00	2228.00
591.00	2227.00
592.00	2325.00
593.00	2596.00
594.00	2669.00
595.00	2890.00
596.00	3062.00
597.00	3539.00
598.00	4047.00
599.00	4969.00
600.00	6421.00
601.00	8563.00
602.00	11599.00
603.00	16420.00
604.00	23718.00
605.00	33444.00
606.00	47717.00
607.00	65015.00
608.00	89420.00
609.00	118475.00
610.00	153236.00
611.00	193431.00
612.00	238136.00
613.00	283690.00
614.00	328658.00
615.00	369038.00
616.00	401018.00
617.00	426608.00
618.00	436993.00
619.00	435334.00
620.00	420847.00
621.00	395552.00
622.00	359923.00
623.00	317421.00
624.00	272895.00
625.00	227053.00
626.00	183933.00
627.00	145050.00
628.00	110630.00
629.00	82287.00
630.00	60591.00
631.00	43001.00
632.00	30403.00
633.00	21127.00
634.00	15131.00
635.00	10812.00
636.00	7842.00
637.00	5984.00
638.00	4790.00
639.00	4179.00
640.00	3656.00
641.00	3458.00
642.00	3174.00
643.00	3033.00
644.00	3108.00
645.00	3059.00
646.00	3191.00
647.00	3203.00
648.00	3182.00
649.00	3185.00
650.00	3231.00
651.00	3268.00
652.00	3355.00
653.00	3527.00
654.00	3579.00
655.00	3675.00
656.00	3772.00
657.00	3917.00
658.00	4082.00
659.00	4197.00
660.00	4536.00
661.00	4846.00
662.00	5109.00
663.00	5481.00
664.00	5946.00
665.00	6713.00
666.00	7990.00
667.00	9115.00
668.00	10734.00
669.00	13368.00
670.00	16353.00
671.00	20118.00
672.00	24660.00
673.00	29649.00
674.00	35675.00
675.00	41843.00
676.00	48494.00
677.00	54688.00
678.00	60638.00
679.00	65527.00
680.00	68786.00
681.00	70588.00
682.00	70146.00
683.00	68228.00
684.00	64709.00
685.00	59541.00
686.00	53461.00
687.00	47389.00
688.00	40215.00
689.00	33907.00
690.00	27754.00
691.00	22442.00
692.00	17778.00
693.00	13785.00
694.00	10754.00
695.00	8454.00
696.00	6455.00
697.00	5381.00
698.00	4486.00
699.00	3892.00
700.00	3476.00
701.00	3185.00
702.00	3197.00
703.00	3004.00
704.00	3008.00
705.00	2949.00
706.00	3116.00
707.00	3223.00
708.00	3259.00
709.00	3220.00
710.00	3383.00
711.00	3526.00
712.00	3630.00
713.00	3990.00
714.00	4016.00
715.00	4304.00
716.00	4398.00
717.00	4486.00
718.00	4740.00
719.00	4978.00
720.00	5012.00
721.00	5060.00
722.00	4918.00
723.00	4926.00
724.00	4902.00
725.00	4821.00
726.00	4515.00
727.00	4274.00
728.00	4031.00
729.00	4078.00
730.00	3770.00
731.00	3695.00
732.00	3559.00
733.00	3380.00
734.00	3258.00
735.00	3145.00
736.00	3092.00
737.00	3103.00
738.00	3022.00
739.00	2973.00
740.00	2902.00
741.00	2958.00
742.00	2840.00
743.00	2987.00
744.00	2933.00
745.00	2971.00
746.00	3014.00
747.00	2804.00
748.00	2942.00
749.00	2896.00
750.00	2827.00
751.00	2875.00
752.00	2892.00
753.00	3019.00
754.00	2980.00
755.00	2925.00
756.00	3000.00
757.00	2984.00
758.00	3028.00
759.00	3160.00
760.00	3202.00
761.00	3309.00
762.00	3347.00
763.00	3367.00
764.00	3566.00
765.00	3617.00
766.00	3627.00
767.00	3972.00
768.00	3913.00
769.00	4114.00
770.00	4257.00
771.00	4324.00
772.00	4582.00
773.00	4564.00
774.00	4816.00
775.00	4940.00
776.00	4996.00
777.00	4964.00
778.00	5028.00
779.00	5122.00
780.00	5187.00
781.00	5111.00
782.00	4950.00
783.00	4870.00
784.00	4858.00
785.00	4922.00
786.00	4821.00
787.00	4833.00
788.00	4897.00
789.00	4841.00
790.00	4834.00
791.00	4834.00
792.00	4882.00
793.00	4971.00
794.00	4909.00
795.00	4941.00
796.00	4930.00
797.00	4972.00
798.00	5104.00
799.00	4976.00
800.00	5177.00
801.00	5065.00
802.00	5107.00
803.00	5005.00
804.00	5019.00
805.00	5021.00
806.00	5150.00
807.00	5073.00
808.00	4943.00
809.00	5127.00
810.00	5145.00
811.00	5109.00
812.00	4938.00
813.00	5046.00
814.00	4954.00
815.00	5136.00
816.00	5027.00
817.00	5142.00
818.00	5249.00
819.00	5238.00
820.00	5151.00
821.00	5433.00
822.00	5719.00
823.00	5959.00
824.00	6144.00
825.00	6579.00
826.00	7047.00
827.00	7298.00
828.00	7637.00
829.00	8031.00
830.00	8487.00
831.00	8477.00
832.00	8708.00
833.00	8893.00
834.00	8822.00
835.00	8706.00
836.00	8508.00
837.00	8346.00
838.00	7999.00
839.00	7576.00
840.00	7132.00
841.00	6817.00
842.00	6526.00
843.00	6177.00
844.00	5825.00
845.00	5746.00
846.00	5537.00
847.00	5251.00
848.00	5304.00
849.00	5156.00
850.00	5108.00
851.00	5230.00
852.00	5149.00
853.00	5074.00
854.00	5100.00
855.00	5141.00
856.00	5139.00
857.00	5119.00
858.00	5062.00
859.00	5227.00
860.00	5187.00
861.00	5244.00
862.00	5143.00
863.00	5336.00
864.00	5108.00
865.00	5188.00
866.00	5175.00
867.00	5242.00
868.00	5216.00
869.00	5337.00
870.00	5262.00
871.00	5220.00
872.00	5315.00
873.00	5259.00
874.00	5334.00
875.00	5260.00
876.00	5292.00
877.00	5450.00
878.00	5411.00
879.00	5445.00
880.00	5515.00
881.00	5693.00
882.00	5729.00
883.00	5802.00
884.00	5811.00
885.00	5785.00
886.00	5924.00
887.00	5909.00
888.00	5929.00
889.00	6053.00
890.00	6100.00
891.00	6331.00
892.00	6216.00
893.00	6161.00
894.00	6210.00
895.00	6281.00
896.00	6110.00
897.00	6261.00
898.00	6099.00
899.00	6122.00
900.00	6056.00
901.00	6134.00
902.00	5882.00
903.00	6223.00
904.00	5977.00
905.00	6127.00
906.00	6100.00
907.00	6062.00
908.00	6055.00
909.00	6147.00
910.00	6156.00
911.00	6279.00
912.00	6229.00
913.00	6359.00
914.00	6402.00
915.00	6294.00
916.00	6456.00
917.00	6539.00
918.00	6604.00
919.00	6807.00
920.00	6743.00
921.00	6849.00
922.00	6860.00
923.00	6867.00
924.00	6839.00
925.00	7118.00
926.00	7115.00
927.00	6953.00
928.00	7048.00
929.00	6822.00
930.00	6767.00
931.00	6881.00
932.00	6759.00
933.00	6678.00
934.00	6647.00
935.00	6516.00
936.00	6421.00
937.00	6606.00
938.00	6459.00
939.00	6522.00
940.00	6298.00
941.00	6389.00
942.00	6314.00
943.00	6301.00
944.00	6224.00
945.00	6340.00
946.00	6249.00
947.00	6372.00
948.00	6202.00
949.00	6328.00
950.00	6258.00
951.00	6335.00
952.00	6264.00
953.00	6320.00
954.00	6242.00
955.00	6336.00
956.00	6212.00
957.00	6239.00
958.00	6455.00
959.00	6472.00
960.00	6234.00
961.00	6482.00
962.00	6490.00
963.00	6525.00
964.00	6334.00
965.00	6435.00
966.00	6451.00
967.00	6528.00
968.00	6611.00
969.00	6625.00
970.00	6595.00
971.00	6586.00
972.00	6703.00
973.00	6821.00
974.00	6724.00
975.00	6583.00
976.00	6674.00
977.00	6553.00
978.00	6537.00
979.00	6570.00
980.00	6449.00
981.00	6648.00
982.00	6617.00
983.00	6607.00
984.00	6465.00
985.00	6394.00
986.00	6518.00
987.00	6520.00
988.00	6415.00
989.00	6441.00
990.00	6525.00
991.00	6588.00
992.00	6428.00
993.00	6508.00
994.00	6569.00
995.00	6531.00
996.00	6615.00
997.00	6567.00
998.00	6492.00
999.00	6554.00
1000.00	6646.00
1001.00	6608.00
1002.00	6568.00
1003.00	6687.00
1004.00	6569.00
1005.00	6575.00
1006.00	6859.00
1007.00	6845.00
1008.00	6972.00
1009.00	6883.00
1010.00	6940.00
1011.00	6944.00
1012.00	6947.00
1013.00	7263.00
1014.00	7144.00
1015.00	6979.00
1016.00	7082.00
1017.00	7187.00
1018.00	7057.00
1019.00	7195.00
1020.00	6989.00
1021.00	7062.00
1022.00	6873.00
1023.00	6805.00
1024.00	6887.00
1025.00	6953.00
1026.00	6728.00
1027.00	6773.00
1028.00	6709.00
1029.00	6844.00
1030.00	6652.00
1031.00	6495.00
1032.00	6618.00
1033.00	6786.00
1034.00	6536.00
1035.00	6494.00
1036.00	6591.00
1037.00	6648.00
1038.00	6500.00
1039.00	6667.00
1040.00	6651.00
1041.00	6588.00
1042.00	6635.00
1043.00	6742.00
1044.00	6730.00
1045.00	6685.00
1046.00	6679.00
1047.00	6757.00
1048.00	6726.00
1049.00	6712.00
1050.00	6643.00
1051.00	6760.00
1052.00	6750.00
1053.00	6606.00
1054.00	6682.00
1055.00	6812.00
1056.00	6715.00
1057.00	6697.00
1058.00	6933.00
1059.00	6798.00
1060.00	6750.00
1061.00	6772.00
1062.00	6840.00
1063.00	6970.00
1064.00	6920.00
1065.00	6678.00
1066.00	6771.00
1067.00	6840.00
1068.00	6819.00
1069.00	6932.00
1070.00	6759.00
1071.00	6866.00
1072.00	6861.00
1073.00	6906.00
1074.00	6890.00
1075.00	6850.00
1076.00	6902.00
1077.00	6901.00
1078.00	6911.00
1079.00	6905.00
1080.00	7088.00
1081.00	6895.00
1082.00	6911.00
1083.00	6849.00
1084.00	6954.00
1085.00	6868.00
1086.00	6898.00
1087.00	7016.00
1088.00	6956.00
1089.00	7095.00
1090.00	7162.00
1091.00	6965.00
1092.00	7034.00
1093.00	7129.00
1094.00	7054.00
1095.00	6952.00
1096.00	7082.00
1097.00	7218.00
1098.00	6966.00
1099.00	7144.00
1100.00	6933.00
1101.00	6954.00
1102.00	7251.00
1103.00	7038.00
1104.00	7107.00
1105.00	6947.00
1106.00	6972.00
1107.00	7116.00
1108.00	7126.00
1109.00	7128.00
1110.00	7048.00
1111.00	7069.00
1112.00	6983.00
1113.00	7125.00
1114.00	7051.00
1115.00	6920.00
1116.00	7089.00
1117.00	6964.00
1118.00	7117.00
1119.00	7152.00
1120.00	7017.00
1121.00	6984.00
1122.00	7002.00
1123.00	7023.00
1124.00	7093.00
1125.00	7021.00
1126.00	6987.00
1127.00	7118.00
1128.00	7246.00
1129.00	7127.00
1130.00	7161.00
1131.00	7202.00
1132.00	7254.00
1133.00	7001.00
1134.00	7241.00
1135.00	7119.00
1136.00	7155.00
1137.00	7135.00
1138.00	7104.00
1139.00	7044.00
1140.00	7071.00
1141.00	7132.00
1142.00	7042.00
1143.00	6995.00
1144.00	7033.00
1145.00	7214.00
1146.00	7096.00
1147.00	7323.00
1148.00	7214.00
1149.00	7261.00
1150.00	7207.00
1151.00	7229.00
1152.00	7302.00
1153.00	7133.00
1154.00	7184.00
1155.00	7199.00
1156.00	7069.00
1157.00	7100.00
1158.00	7039.00
1159.00	7011.00
1160.00	7082.00
1161.00	7087.00
1162.00	6819.00
1163.00	6846.00
1164.00	6768.00
1165.00	6953.00
1166.00	6821.00
1167.00	6949.00
1168.00	7026.00
1169.00	7008.00
1170.00	6924.00
1171.00	7018.00
1172.00	6806.00
1173.00	6881.00
1174.00	6760.00
1175.00	7025.00
1176.00	7053.00
1177.00	7110.00
1178.00	7023.00
1179.00	7118.00
1180.00	7050.00
1181.00	7038.00
1182.00	6965.00
1183.00	6990.00
1184.00	7252.00
1185.00	7057.00
1186.00	6866.00
1187.00	7117.00
1188.00	7114.00
1189.00	7005.00
1190.00	7127.00
1191.00	7061.00
1192.00	7049.00
1193.00	7030.00
1194.00	7264.00
1195.00	7109.00
1196.00	6972.00
1197.00	7042.00
1198.00	7055.00
1199.00	7076.00
1200.00	7079.00
1201.00	7204.00
1202.00	7169.00
1203.00	7113.00
1204.00	7380.00
1205.00	7057.00
1206.00	7361.00
1207.00	7328.00
1208.00	7297.00
1209.00	7330.00
1210.00	7331.00
1211.00	7406.00
1212.00	7458.00
1213.00	7323.00
1214.00	7385.00
1215.00	7463.00
1216.00	7368.00
1217.00	7487.00
1218.00	7530.00
1219.00	7477.00
1220.00	7683.00
1221.00	7648.00
1222.00	7647.00
1223.00	7689.00
1224.00	7848.00
1225.00	7639.00
1226.00	7784.00
1227.00	7739.00
1228.00	7740.00
1229.00	7723.00
1230.00	7829.00
1231.00	7886.00
1232.00	7927.00
1233.00	7739.00
1234.00	7988.00
1235.00	7965.00
1236.00	7873.00
1237.00	7868.00
1238.00	7704.00
1239.00	7920.00
1240.00	7689.00
1241.00	7720.00
1242.00	7764.00
1243.00	7418.00
1244.00	7545.00
1245.00	7394.00
1246.00	7450.00
1247.00	7280.00
1248.00	7380.00
1249.00	7230.00
1250.00	7365.00
1251.00	7178.00
1252.00	7151.00
1253.00	7153.00
1254.00	7097.00
1255.00	7191.00
1256.00	7160.00
1257.00	7224.00
1258.00	7055.00
1259.00	7177.00
1260.00	7055.00
1261.00	7142.00
1262.00	7011.00
1263.00	7024.00
1264.00	7103.00
1265.00	7087.00
1266.00	7172.00
1267.00	7006.00
1268.00	7243.00
1269.00	7165.00
1270.00	7127.00
1271.00	7105.00
1272.00	7301.00
1273.00	7400.00
1274.00	7344.00
1275.00	7516.00
1276.00	7341.00
1277.00	7636.00
1278.00	7662.00
1279.00	7912.00
1280.00	7797.00
1281.00	7943.00
1282.00	8051.00
1283.00	8331.00
1284.00	8266.00
1285.00	8518.00
1286.00	8581.00
1287.00	8683.00
1288.00	8698.00
1289.00	8705.00
1290.00	8746.00
1291.00	8732.00
1292.00	8707.00
1293.00	8644.00
1294.00	8409.00
1295.00	8493.00
1296.00	8363.00
1297.00	8442.00
1298.00	8312.00
1299.00	8290.00
1300.00	8026.00
1301.00	7912.00
1302.00	7728.00
1303.00	7705.00
1304.00	7630.00
1305.00	7420.00
1306.00	7271.00
1307.00	7169.00
1308.00	7121.00
1309.00	7095.00
1310.00	7124.00
1311.00	7037.00
1312.00	6887.00
1313.00	6972.00
1314.00	6966.00
1315.00	7057.00
1316.00	6900.00
1317.00	6981.00
1318.00	6950.00
1319.00	6916.00
1320.00	6839.00
1321.00	6996.00
1322.00	6874.00
1323.00	6905.00
1324.00	6816.00
1325.00	6885.00
1326.00	6803.00
1327.00	6801.00
1328.00	6919.00
1329.00	6887.00
1330.00	6813.00
1331.00	6948.00
1332.00	6925.00
1333.00	6698.00
1334.00	6711.00
1335.00	6808.00
1336.00	6821.00
1337.00	6721.00
1338.00	6904.00
1339.00	6867.00
1340.00	6822.00
1341.00	6937.00
1342.00	6953.00
1343.00	6885.00
1344.00	6892.00
1345.00	6916.00
1346.00	6895.00
1347.00	7133.00
1348.00	7147.00
1349.00	7331.00
1350.00	7405.00
1351.00	7492.00
1352.00	7650.00
1353.00	7652.00
1354.00	8096.00
1355.00	8191.00
1356.00	8206.00
1357.00	8392.00
1358.00	8582.00
1359.00	8730.00
1360.00	8768.00
1361.00	8990.00
1362.00	8956.00
1363.00	9150.00
1364.00	9293.00
1365.00	8934.00
1366.00	9059.00
1367.00	9130.00
1368.00	8659.00
1369.00	8641.00
1370.00	8617.00
1371.00	8294.00
1372.00	8069.00
1373.00	8059.00
1374.00	7739.00
1375.00	7495.00
1376.00	7270.00
1377.00	7211.00
1378.00	7055.00
1379.00	6878.00
1380.00	6794.00
1381.00	6618.00
1382.00	6609.00
1383.00	6571.00
1384.00	6447.00
1385.00	6428.00
1386.00	6303.00
1387.00	6305.00
1388.00	6266.00
1389.00	6323.00
1390.00	6096.00
1391.00	6226.00
1392.00	6070.00
1393.00	6210.00
1394.00	6142.00
1395.00	6066.00
1396.00	6092.00
1397.00	6145.00
1398.00	6078.00
1399.00	6048.00
1400.00	6144.00
1401.00	6002.00
1402.00	6096.00
1403.00	5996.00
1404.00	6109.00
1405.00	6105.00
1406.00	5991.00
1407.00	5989.00
1408.00	6000.00
1409.00	6053.00
1410.00	5979.00
1411.00	5977.00
1412.00	6075.00
1413.00	5965.00
1414.00	5990.00
1415.00	5995.00
1416.00	6013.00
1417.00	5988.00
1418.00	6109.00
1419.00	6064.00
1420.00	6008.00
1421.00	5980.00
1422.00	5959.00
1423.00	6125.00
1424.00	5959.00
1425.00	6165.00
1426.00	6140.00
1427.00	5971.00
1428.00	6236.00
1429.00	6217.00
1430.00	6339.00
1431.00	6125.00
1432.00	6214.00
1433.00	6208.00
1434.00	6084.00
1435.00	6393.00
1436.00	6451.00
1437.00	6414.00
1438.00	6565.00
1439.00	6487.00
1440.00	6450.00
1441.00	6471.00
1442.00	6578.00
1443.00	6465.00
1444.00	6550.00
1445.00	6292.00
1446.00	6300.00
1447.00	6378.00
1448.00	6265.00
1449.00	6274.00
1450.00	6254.00
1451.00	6191.00
1452.00	5918.00
1453.00	6080.00
1454.00	6023.00
1455.00	5855.00
1456.00	5945.00
1457.00	5893.00
1458.00	6069.00
1459.00	5923.00
1460.00	5944.00
1461.00	5790.00
1462.00	5795.00
1463.00	5768.00
1464.00	5816.00
1465.00	5776.00
1466.00	5874.00
1467.00	5714.00
1468.00	5789.00
1469.00	5679.00
1470.00	5632.00
1471.00	5689.00
1472.00	5809.00
1473.00	5725.00
1474.00	5826.00
1475.00	5767.00
1476.00	5623.00
1477.00	5605.00
1478.00	5818.00
1479.00	5758.00
1480.00	5759.00
1481.00	5621.00
1482.00	5718.00
1483.00	5793.00
1484.00	5784.00
1485.00	5504.00
1486.00	5590.00
1487.00	5509.00
1488.00	5580.00
1489.00	5599.00
1490.00	5777.00
1491.00	5634.00
1492.00	5715.00
1493.00	5622.00
1494.00	5751.00
1495.00	5775.00
1496.00	5733.00
1497.00	5744.00
1498.00	5828.00
1499.00	5799.00
1500.00	5707.00
1501.00	5825.00
1502.00	5899.00
1503.00	5852.00
1504.00	5974.00
1505.00	6047.00
1506.00	6054.00
1507.00	6085.00
1508.00	6079.00
1509.00	6257.00
1510.00	6299.00
1511.00	6405.00
1512.00	6349.00
1513.00	6389.00
1514.00	6586.00
1515.00	6643.00
1516.00	6605.00
1517.00	6691.00
1518.00	6796.00
1519.00	6662.00
1520.00	6764.00
1521.00	6955.00
1522.00	6801.00
1523.00	6731.00
1524.00	6800.00
1525.00	6987.00
1526.00	6803.00
1527.00	6562.00
1528.00	6621.00
1529.00	6732.00
1530.00	6441.00
1531.00	6588.00
1532.00	6618.00
1533.00	6264.00
1534.00	6290.00
1535.00	6353.00
1536.00	6295.00
1537.00	6284.00
1538.00	6363.00
1539.00	6273.00
1540.00	6233.00
1541.00	6244.00
1542.00	6168.00
1543.00	6239.00
1544.00	6262.00
1545.00	6354.00
1546.00	6449.00
1547.00	6327.00
1548.00	6449.00
1549.00	6510.00
1550.00	6590.00
1551.00	6700.00
1552.00	6729.00
1553.00	6753.00
1554.00	6755.00
1555.00	6876.00
1556.00	7094.00
1557.00	7020.00
1558.00	7222.00
1559.00	7380.00
1560.00	7307.00
1561.00	7247.00
1562.00	7567.00
1563.00	7523.00
1564.00	7931.00
1565.00	7811.00
1566.00	7807.00
1567.00	8072.00
1568.00	8199.00
1569.00	8326.00
1570.00	8622.00
1571.00	8697.00
1572.00	8907.00
1573.00	8937.00
1574.00	9069.00
1575.00	9233.00
1576.00	9197.00
1577.00	9421.00
1578.00	9665.00
1579.00	9241.00
1580.00	9484.00
1581.00	9593.00
1582.00	9849.00
1583.00	10047.00
1584.00	9727.00
1585.00	9750.00
1586.00	10066.00
1587.00	9878.00
1588.00	9988.00
1589.00	9985.00
1590.00	9827.00
1591.00	9838.00
1592.00	9839.00
1593.00	9905.00
1594.00	9678.00
1595.00	9699.00
1596.00	9544.00
1597.00	9681.00
1598.00	9461.00
1599.00	9479.00
1600.00	9061.00
1601.00	9103.00
1602.00	9179.00
1603.00	9146.00
1604.00	8837.00
1605.00	8790.00
1606.00	8577.00
1607.00	8558.00
1608.00	8351.00
1609.00	8205.00
1610.00	8148.00
1611.00	8065.00
1612.00	7818.00
1613.00	7684.00
1614.00	7697.00
1615.00	7448.00
1616.00	7291.00
1617.00	7107.00
1618.00	7053.00
1619.00	6883.00
1620.00	6675.00
1621.00	6673.00
1622.00	6552.00
1623.00	6440.00
1624.00	6345.00
1625.00	6156.00
1626.00	6216.00
1627.00	5947.00
1628.00	6087.00
1629.00	5782.00
1630.00	5665.00
1631.00	5725.00
1632.00	5691.00
1633.00	5497.00
1634.00	5458.00
1635.00	5506.00
1636.00	5286.00
1637.00	5299.00
1638.00	5137.00
1639.00	5199.00
1640.00	5172.00
1641.00	4982.00
1642.00	4958.00
1643.00	5121.00
1644.00	4762.00
1645.00	4935.00
1646.00	4947.00
1647.00	4939.00
1648.00	4722.00
1649.00	4762.00
1650.00	4794.00
1651.00	4699.00
1652.00	4600.00
1653.00	4763.00
1654.00	4650.00
1655.00	4740.00
1656.00	4752.00
1657.00	4863.00
1658.00	4784.00
1659.00	4894.00
1660.00	4909.00
1661.00	4924.00
1662.00	5261.00
1663.00	5239.00
1664.00	5414.00
1665.00	5454.00
1666.00	5853.00
1667.00	6066.00
1668.00	6273.00
1669.00	6484.00
1670.00	6637.00
1671.00	6876.00
1672.00	7067.00
1673.00	7482.00
1674.00	7492.00
1675.00	7790.00
1676.00	8052.00
1677.00	8257.00
1678.00	8536.00
1679.00	8523.00
1680.00	8712.00
1681.00	8616.00
1682.00	8698.00
1683.00	8829.00
1684.00	8532.00
1685.00	8615.00
1686.00	8247.00
1687.00	8038.00
1688.00	8017.00
1689.00	7808.00
1690.00	7324.00
1691.00	7053.00
1692.00	6955.00
1693.00	6718.00
1694.00	6271.00
1695.00	5974.00
1696.00	5848.00
1697.00	5546.00
1698.00	5310.00
1699.00	5128.00
1700.00	4836.00
1701.00	4678.00
1702.00	4550.00
1703.00	4432.00
1704.00	4388.00
1705.00	4107.00
1706.00	3942.00
1707.00	4011.00
1708.00	3833.00
1709.00	3905.00
1710.00	3799.00
1711.00	3780.00
1712.00	3715.00
1713.00	3746.00
1714.00	3713.00
1715.00	3702.00
1716.00	3596.00
1717.00	3604.00
1718.00	3589.00
1719.00	3582.00
1720.00	3697.00
1721.00	3745.00
1722.00	3461.00
1723.00	3572.00
1724.00	3574.00
1725.00	3463.00
1726.00	3588.00
1727.00	3554.00
1728.00	3478.00
1729.00	3535.00
1730.00	3495.00
1731.00	3529.00
1732.00	3606.00
1733.00	3518.00
1734.00	3537.00
1735.00	3511.00
1736.00	3647.00
1737.00	3636.00
1738.00	3604.00
1739.00	3562.00
1740.00	3501.00
1741.00	3659.00
1742.00	3612.00
1743.00	3640.00
1744.00	3591.00
1745.00	3668.00
1746.00	3587.00
1747.00	3729.00
1748.00	3594.00
1749.00	3614.00
1750.00	3712.00
1751.00	3596.00
1752.00	3702.00
1753.00	3643.00
1754.00	3702.00
1755.00	3674.00
1756.00	3773.00
1757.00	3727.00
1758.00	3667.00
1759.00	3820.00
1760.00	3736.00
1761.00	3743.00
1762.00	3645.00
1763.00	3790.00
1764.00	3817.00
1765.00	3696.00
1766.00	3743.00
1767.00	3894.00
1768.00	3762.00
1769.00	3725.00
1770.00	3643.00
1771.00	3767.00
1772.00	3677.00
1773.00	3705.00
1774.00	3746.00
1775.00	3702.00
1776.00	3745.00
1777.00	3644.00
1778.00	3649.00
1779.00	3726.00
1780.00	3625.00
1781.00	3680.00
1782.00	3614.00
1783.00	3595.00
1784.00	3532.00
1785.00	3501.00
1786.00	3408.00
1787.00	3478.00
1788.00	3493.00
1789.00	3453.00
1790.00	3384.00
1791.00	3337.00
1792.00	3298.00
1793.00	3257.00
1794.00	3169.00
1795.00	3192.00
1796.00	3218.00
1797.00	3123.00
1798.00	3177.00
1799.00	3163.00
1800.00	3085.00
1801.00	2945.00
1802.00	3037.00
1803.00	2985.00
1804.00	2955.00
1805.00	2886.00
1806.00	2785.00
1807.00	2805.00
1808.00	2861.00
1809.00	2720.00
1810.00	2710.00
1811.00	2731.00
1812.00	2674.00
1813.00	2751.00
1814.00	2680.00
1815.00	2585.00
1816.00	2605.00
1817.00	2585.00
1818.00	2551.00
1819.00	2532.00
1820.00	2518.00
1821.00	2465.00
1822.00	2461.00
1823.00	2462.00
1824.00	2466.00
1825.00	2515.00
1826.00	2327.00
1827.00	2310.00
1828.00	2366.00
1829.00	2310.00
1830.00	2365.00
1831.00	2197.00
1832.00	2187.00
1833.00	2302.00
1834.00	2226.00
1835.00	2076.00
1836.00	2172.00
1837.00	2207.00
1838.00	2122.00
1839.00	2233.00
1840.00	2137.00
1841.00	2066.00
1842.00	2012.00
1843.00	2056.00
1844.00	1995.00
1845.00	2038.00
1846.00	2045.00
1847.00	2062.00
1848.00	2007.00
1849.00	1999.00
1850.00	1920.00
1851.00	1877.00
1852.00	1911.00
1853.00	1982.00
1854.00	1917.00
1855.00	1903.00
1856.00	1869.00
1857.00	1909.00
1858.00	1848.00
1859.00	1857.00
1860.00	1897.00
1861.00	1891.00
1862.00	1841.00
1863.00	1826.00
1864.00	1863.00
1865.00	1862.00
1866.00	1881.00
1867.00	1810.00
1868.00	1923.00
1869.00	1870.00
1870.00	1894.00
1871.00	1909.00
1872.00	1963.00
1873.00	1951.00
1874.00	1887.00
1875.00	1963.00
1876.00	1948.00
1877.00	2050.00
1878.00	2022.00
1879.00	2091.00
1880.00	2099.00
1881.00	2068.00
1882.00	2167.00
1883.00	2107.00
1884.00	2152.00
1885.00	2182.00
1886.00	2249.00
1887.00	2288.00
1888.00	2306.00
1889.00	2272.00
1890.00	2202.00
1891.00	2266.00
1892.00	2151.00
1893.00	2095.00
1894.00	2082.00
1895.00	2094.00
1896.00	2047.00
1897.00	2099.00
1898.00	1955.00
1899.00	1958.00
1900.00	1927.00
1901.00	1902.00
1902.00	1838.00
1903.00	1819.00
1904.00	1735.00
1905.00	1690.00
1906.00	1650.00
1907.00	1616.00
1908.00	1696.00
1909.00	1604.00
1910.00	1558.00
1911.00	1610.00
1912.00	1530.00
1913.00	1475.00
1914.00	1618.00
1915.00	1498.00
1916.00	1528.00
1917.00	1577.00
1918.00	1496.00
1919.00	1558.00
1920.00	1435.00
1921.00	1545.00
1922.00	1465.00
1923.00	1459.00
1924.00	1490.00
1925.00	1490.00
1926.00	1434.00
1927.00	1443.00
1928.00	1435.00
1929.00	1434.00
1930.00	1422.00
1931.00	1405.00
1932.00	1384.00
1933.00	1363.00
1934.00	1336.00
1935.00	1344.00
1936.00	1306.00
1937.00	1284.00
1938.00	1303.00
1939.00	1228.00
1940.00	1247.00
1941.00	1320.00
1942.00	1297.00
1943.00	1241.00
1944.00	1189.00
1945.00	1196.00
1946.00	1200.00
1947.00	1191.00
1948.00	1144.00
1949.00	1179.00
1950.00	1171.00
1951.00	1174.00
1952.00	1144.00
1953.00	1151.00
1954.00	1140.00
1955.00	1162.00
1956.00	1180.00
1957.00	1162.00
1958.00	1108.00
1959.00	1147.00
1960.00	1167.00
1961.00	1161.00
1962.00	1088.00
1963.00	1108.00
1964.00	1113.00
1965.00	1117.00
1966.00	1133.00
1967.00	1075.00
1968.00	1156.00
1969.00	1088.00
1970.00	1091.00
1971.00	1070.00
1972.00	1055.00
1973.00	1042.00
1974.00	1052.00
1975.00	1104.00
1976.00	1055.00
1977.00	1006.00
1978.00	1126.00
1979.00	1025.00
1980.00	969.00
1981.00	991.00
1982.00	1010.00
1983.00	984.00
1984.00	1012.00
1985.00	965.00
1986.00	1000.00
1987.00	1043.00
1988.00	1026.00
1989.00	969.00
1990.00	1036.00
1991.00	997.00
1992.00	1014.00
1993.00	1002.00
1994.00	970.00
1995.00	912.00
1996.00	949.00
1997.00	942.00
1998.00	898.00
1999.00	958.00
2000.00	919.00
2001.00	922.00
2002.00	952.00
2003.00	951.00
2004.00	909.00
2005.00	915.00
2006.00	876.00
2007.00	863.00
2008.00	914.00
2009.00	895.00
2010.00	872.00
2011.00	848.00
2012.00	864.00
2013.00	856.00
2014.00	894.00
2015.00	823.00
2016.00	811.00
2017.00	864.00
2018.00	822.00
2019.00	825.00
2020.00	800.00
2021.00	794.00
2022.00	819.00
2023.00	791.00
2024.00	802.00
2025.00	834.00
2026.00	805.00
2027.00	789.00
2028.00	739.00
2029.00	786.00
2030.00	762.00
2031.00	793.00
2032.00	749.00
2033.00	748.00
2034.00	802.00
2035.00	695.00
2036.00	693.00
2037.00	813.00
2038.00	749.00
2039.00	773.00
2040.00	754.00
2041.00	752.00
2042.00	657.00
2043.00	722.00
2044.00	726.00
2045.00	695.00
2046.00	680.00
2047.00	678.00
2048.00	 0.00
