Date:	2023-09-18		
Time:	19:21		
Sample name:	Pellets		
Position:	34.600011	mm	
Sample surface:	6.329567	cm	
Tube anode:	Mo		
Tube voltage:	30	kV	
Tube current:	50	mA	
Comments	not in position		
Gain	5.810000		
peaking_time	0.300000	m-sec	
trigger_threshold	30.000000	V	
mca_bin_width	2.000000	no:	
number_mca_channels	2048.000000	no:	
gap_time	0.100000	m-sec	
trigger_peaking_time	0.050000	m-sec	
livetime	17.565257	seconds	
runtime	20.000234	seconds	
input_count_rate	80888.254207	cps	
output_count_rate	71040.318828	cps	
triggers	1573828.000000	seconds	
events_in_run	1412367.000000	seconds	
channel	content		
 1.00	 0.00
 2.00	 0.00
 3.00	 0.00
 4.00	 0.00
 5.00	 0.00
 6.00	 0.00
 7.00	 0.00
 8.00	 0.00
 9.00	 0.00
10.00	 0.00
11.00	 0.00
12.00	 0.00
13.00	 0.00
14.00	 0.00
15.00	 0.00
16.00	 0.00
17.00	 0.00
18.00	 0.00
19.00	 0.00
20.00	 0.00
21.00	 0.00
22.00	 0.00
23.00	 0.00
24.00	 0.00
25.00	 0.00
26.00	 0.00
27.00	 0.00
28.00	 0.00
29.00	 0.00
30.00	 0.00
31.00	 0.00
32.00	 1.00
33.00	 1.00
34.00	 3.00
35.00	 6.00
36.00	11.00
37.00	 8.00
38.00	21.00
39.00	20.00
40.00	35.00
41.00	42.00
42.00	60.00
43.00	75.00
44.00	96.00
45.00	115.00
46.00	120.00
47.00	141.00
48.00	174.00
49.00	179.00
50.00	221.00
51.00	226.00
52.00	228.00
53.00	242.00
54.00	251.00
55.00	254.00
56.00	283.00
57.00	278.00
58.00	304.00
59.00	311.00
60.00	291.00
61.00	347.00
62.00	327.00
63.00	365.00
64.00	349.00
65.00	370.00
66.00	337.00
67.00	343.00
68.00	348.00
69.00	337.00
70.00	365.00
71.00	346.00
72.00	340.00
73.00	331.00
74.00	329.00
75.00	332.00
76.00	373.00
77.00	361.00
78.00	351.00
79.00	333.00
80.00	342.00
81.00	360.00
82.00	322.00
83.00	305.00
84.00	304.00
85.00	328.00
86.00	306.00
87.00	321.00
88.00	326.00
89.00	328.00
90.00	315.00
91.00	306.00
92.00	276.00
93.00	315.00
94.00	307.00
95.00	301.00
96.00	276.00
97.00	284.00
98.00	254.00
99.00	310.00
100.00	285.00
101.00	277.00
102.00	251.00
103.00	281.00
104.00	306.00
105.00	261.00
106.00	321.00
107.00	261.00
108.00	275.00
109.00	251.00
110.00	236.00
111.00	213.00
112.00	241.00
113.00	262.00
114.00	262.00
115.00	255.00
116.00	242.00
117.00	289.00
118.00	249.00
119.00	236.00
120.00	269.00
121.00	254.00
122.00	243.00
123.00	233.00
124.00	204.00
125.00	191.00
126.00	206.00
127.00	203.00
128.00	184.00
129.00	199.00
130.00	198.00
131.00	199.00
132.00	192.00
133.00	168.00
134.00	177.00
135.00	182.00
136.00	219.00
137.00	234.00
138.00	236.00
139.00	293.00
140.00	315.00
141.00	391.00
142.00	481.00
143.00	496.00
144.00	507.00
145.00	516.00
146.00	514.00
147.00	489.00
148.00	407.00
149.00	386.00
150.00	356.00
151.00	355.00
152.00	319.00
153.00	292.00
154.00	278.00
155.00	268.00
156.00	222.00
157.00	225.00
158.00	241.00
159.00	311.00
160.00	413.00
161.00	658.00
162.00	1080.00
163.00	1753.00
164.00	2590.00
165.00	3518.00
166.00	4524.00
167.00	5493.00
168.00	6039.00
169.00	6292.00
170.00	6141.00
171.00	5398.00
172.00	4566.00
173.00	3518.00
174.00	2598.00
175.00	1886.00
176.00	1357.00
177.00	982.00
178.00	746.00
179.00	597.00
180.00	466.00
181.00	361.00
182.00	326.00
183.00	276.00
184.00	252.00
185.00	277.00
186.00	246.00
187.00	264.00
188.00	229.00
189.00	251.00
190.00	286.00
191.00	284.00
192.00	273.00
193.00	255.00
194.00	281.00
195.00	277.00
196.00	275.00
197.00	254.00
198.00	249.00
199.00	209.00
200.00	189.00
201.00	150.00
202.00	160.00
203.00	135.00
204.00	156.00
205.00	125.00
206.00	149.00
207.00	118.00
208.00	156.00
209.00	134.00
210.00	127.00
211.00	144.00
212.00	125.00
213.00	120.00
214.00	164.00
215.00	153.00
216.00	129.00
217.00	158.00
218.00	165.00
219.00	157.00
220.00	199.00
221.00	211.00
222.00	223.00
223.00	242.00
224.00	225.00
225.00	197.00
226.00	212.00
227.00	192.00
228.00	186.00
229.00	172.00
230.00	153.00
231.00	146.00
232.00	135.00
233.00	118.00
234.00	127.00
235.00	130.00
236.00	142.00
237.00	148.00
238.00	137.00
239.00	125.00
240.00	146.00
241.00	127.00
242.00	143.00
243.00	139.00
244.00	120.00
245.00	106.00
246.00	131.00
247.00	111.00
248.00	126.00
249.00	137.00
250.00	131.00
251.00	129.00
252.00	116.00
253.00	129.00
254.00	127.00
255.00	114.00
256.00	146.00
257.00	122.00
258.00	132.00
259.00	120.00
260.00	134.00
261.00	132.00
262.00	140.00
263.00	141.00
264.00	164.00
265.00	153.00
266.00	161.00
267.00	210.00
268.00	169.00
269.00	179.00
270.00	183.00
271.00	167.00
272.00	165.00
273.00	184.00
274.00	179.00
275.00	210.00
276.00	242.00
277.00	391.00
278.00	537.00
279.00	761.00
280.00	1103.00
281.00	1531.00
282.00	1949.00
283.00	2347.00
284.00	2956.00
285.00	3253.00
286.00	3483.00
287.00	3605.00
288.00	3405.00
289.00	3117.00
290.00	2645.00
291.00	2178.00
292.00	1717.00
293.00	1339.00
294.00	945.00
295.00	672.00
296.00	470.00
297.00	317.00
298.00	244.00
299.00	185.00
300.00	193.00
301.00	215.00
302.00	247.00
303.00	305.00
304.00	317.00
305.00	426.00
306.00	485.00
307.00	529.00
308.00	601.00
309.00	820.00
310.00	936.00
311.00	1162.00
312.00	1629.00
313.00	2136.00
314.00	2863.00
315.00	3925.00
316.00	5000.00
317.00	6165.00
318.00	7465.00
319.00	8360.00
320.00	9227.00
321.00	9563.00
322.00	9319.00
323.00	8558.00
324.00	7600.00
325.00	6370.00
326.00	5081.00
327.00	4004.00
328.00	2950.00
329.00	2018.00
330.00	1350.00
331.00	898.00
332.00	590.00
333.00	430.00
334.00	315.00
335.00	220.00
336.00	252.00
337.00	251.00
338.00	312.00
339.00	349.00
340.00	491.00
341.00	617.00
342.00	762.00
343.00	944.00
344.00	1243.00
345.00	1475.00
346.00	1699.00
347.00	2051.00
348.00	2249.00
349.00	2800.00
350.00	3342.00
351.00	3981.00
352.00	4729.00
353.00	5680.00
354.00	6260.00
355.00	7046.00
356.00	7548.00
357.00	7809.00
358.00	7789.00
359.00	7390.00
360.00	6507.00
361.00	5820.00
362.00	4829.00
363.00	3697.00
364.00	2907.00
365.00	2013.00
366.00	1502.00
367.00	975.00
368.00	651.00
369.00	460.00
370.00	324.00
371.00	234.00
372.00	202.00
373.00	182.00
374.00	161.00
375.00	184.00
376.00	210.00
377.00	234.00
378.00	272.00
379.00	337.00
380.00	422.00
381.00	527.00
382.00	652.00
383.00	789.00
384.00	902.00
385.00	1046.00
386.00	1175.00
387.00	1210.00
388.00	1276.00
389.00	1256.00
390.00	1240.00
391.00	1170.00
392.00	1034.00
393.00	895.00
394.00	757.00
395.00	648.00
396.00	517.00
397.00	452.00
398.00	364.00
399.00	327.00
400.00	272.00
401.00	286.00
402.00	263.00
403.00	225.00
404.00	209.00
405.00	233.00
406.00	250.00
407.00	230.00
408.00	257.00
409.00	192.00
410.00	202.00
411.00	216.00
412.00	229.00
413.00	233.00
414.00	232.00
415.00	215.00
416.00	264.00
417.00	258.00
418.00	278.00
419.00	267.00
420.00	314.00
421.00	364.00
422.00	442.00
423.00	583.00
424.00	789.00
425.00	1077.00
426.00	1549.00
427.00	2058.00
428.00	2601.00
429.00	3640.00
430.00	4501.00
431.00	5458.00
432.00	6499.00
433.00	7584.00
434.00	8223.00
435.00	8699.00
436.00	8926.00
437.00	8912.00
438.00	8323.00
439.00	7635.00
440.00	6825.00
441.00	5765.00
442.00	4983.00
443.00	3836.00
444.00	3215.00
445.00	2641.00
446.00	2158.00
447.00	1913.00
448.00	1748.00
449.00	1644.00
450.00	1563.00
451.00	1491.00
452.00	1420.00
453.00	1305.00
454.00	1237.00
455.00	1139.00
456.00	1078.00
457.00	1015.00
458.00	981.00
459.00	895.00
460.00	883.00
461.00	923.00
462.00	1006.00
463.00	1009.00
464.00	1010.00
465.00	1128.00
466.00	1237.00
467.00	1347.00
468.00	1352.00
469.00	1426.00
470.00	1501.00
471.00	1671.00
472.00	1717.00
473.00	1860.00
474.00	1980.00
475.00	2154.00
476.00	2180.00
477.00	2279.00
478.00	2183.00
479.00	2145.00
480.00	2033.00
481.00	1770.00
482.00	1544.00
483.00	1452.00
484.00	1174.00
485.00	1046.00
486.00	910.00
487.00	783.00
488.00	742.00
489.00	654.00
490.00	693.00
491.00	606.00
492.00	658.00
493.00	668.00
494.00	665.00
495.00	661.00
496.00	737.00
497.00	715.00
498.00	709.00
499.00	760.00
500.00	792.00
501.00	753.00
502.00	809.00
503.00	759.00
504.00	855.00
505.00	788.00
506.00	824.00
507.00	813.00
508.00	787.00
509.00	856.00
510.00	856.00
511.00	955.00
512.00	986.00
513.00	936.00
514.00	999.00
515.00	1063.00
516.00	1172.00
517.00	1227.00
518.00	1343.00
519.00	1380.00
520.00	1430.00
521.00	1557.00
522.00	1634.00
523.00	1674.00
524.00	1625.00
525.00	1618.00
526.00	1587.00
527.00	1629.00
528.00	1555.00
529.00	1410.00
530.00	1421.00
531.00	1419.00
532.00	1326.00
533.00	1300.00
534.00	1242.00
535.00	1281.00
536.00	1236.00
537.00	1136.00
538.00	1119.00
539.00	1070.00
540.00	1116.00
541.00	1081.00
542.00	1036.00
543.00	972.00
544.00	998.00
545.00	913.00
546.00	924.00
547.00	884.00
548.00	931.00
549.00	936.00
550.00	901.00
551.00	969.00
552.00	984.00
553.00	1082.00
554.00	1258.00
555.00	1397.00
556.00	1561.00
557.00	1969.00
558.00	2493.00
559.00	3131.00
560.00	4065.00
561.00	5117.00
562.00	6459.00
563.00	7888.00
564.00	9390.00
565.00	10791.00
566.00	12290.00
567.00	13956.00
568.00	14890.00
569.00	15375.00
570.00	15379.00
571.00	15310.00
572.00	14362.00
573.00	13380.00
574.00	11651.00
575.00	10461.00
576.00	8730.00
577.00	7248.00
578.00	6039.00
579.00	4646.00
580.00	3875.00
581.00	3099.00
582.00	2542.00
583.00	2097.00
584.00	1893.00
585.00	1861.00
586.00	1712.00
587.00	1625.00
588.00	1612.00
589.00	1698.00
590.00	1634.00
591.00	1704.00
592.00	1689.00
593.00	1790.00
594.00	1831.00
595.00	2012.00
596.00	2207.00
597.00	2451.00
598.00	2939.00
599.00	3340.00
600.00	4456.00
601.00	5760.00
602.00	7917.00
603.00	10890.00
604.00	15639.00
605.00	22005.00
606.00	30069.00
607.00	41959.00
608.00	56150.00
609.00	74868.00
610.00	96016.00
611.00	120919.00
612.00	147924.00
613.00	175141.00
614.00	202652.00
615.00	226205.00
616.00	246688.00
617.00	261894.00
618.00	267063.00
619.00	266969.00
620.00	257408.00
621.00	241521.00
622.00	219859.00
623.00	194280.00
624.00	165767.00
625.00	137913.00
626.00	112144.00
627.00	88134.00
628.00	67458.00
629.00	50834.00
630.00	36714.00
631.00	26887.00
632.00	19263.00
633.00	13362.00
634.00	9518.00
635.00	6810.00
636.00	5155.00
637.00	4046.00
638.00	3259.00
639.00	2954.00
640.00	2485.00
641.00	2390.00
642.00	2291.00
643.00	2324.00
644.00	2257.00
645.00	2301.00
646.00	2211.00
647.00	2291.00
648.00	2278.00
649.00	2361.00
650.00	2438.00
651.00	2394.00
652.00	2338.00
653.00	2433.00
654.00	2440.00
655.00	2482.00
656.00	2663.00
657.00	2511.00
658.00	2663.00
659.00	2897.00
660.00	2971.00
661.00	3045.00
662.00	3217.00
663.00	3513.00
664.00	3793.00
665.00	4344.00
666.00	4944.00
667.00	5868.00
668.00	6968.00
669.00	8413.00
670.00	10442.00
671.00	12711.00
672.00	15557.00
673.00	18952.00
674.00	22853.00
675.00	26644.00
676.00	30763.00
677.00	34684.00
678.00	38358.00
679.00	41407.00
680.00	43190.00
681.00	44578.00
682.00	44309.00
683.00	43434.00
684.00	40857.00
685.00	38072.00
686.00	34314.00
687.00	30124.00
688.00	26294.00
689.00	21968.00
690.00	18159.00
691.00	14653.00
692.00	11612.00
693.00	9272.00
694.00	7371.00
695.00	5660.00
696.00	4761.00
697.00	4073.00
698.00	3297.00
699.00	2984.00
700.00	2670.00
701.00	2422.00
702.00	2306.00
703.00	2345.00
704.00	2194.00
705.00	2194.00
706.00	2207.00
707.00	2265.00
708.00	2281.00
709.00	2268.00
710.00	2322.00
711.00	2379.00
712.00	2448.00
713.00	2608.00
714.00	2754.00
715.00	2859.00
716.00	3011.00
717.00	3133.00
718.00	3228.00
719.00	3329.00
720.00	3381.00
721.00	3427.00
722.00	3411.00
723.00	3503.00
724.00	3371.00
725.00	3195.00
726.00	3050.00
727.00	3004.00
728.00	2815.00
729.00	2637.00
730.00	2581.00
731.00	2454.00
732.00	2322.00
733.00	2323.00
734.00	2213.00
735.00	2082.00
736.00	2028.00
737.00	2084.00
738.00	2043.00
739.00	2036.00
740.00	2075.00
741.00	2120.00
742.00	2070.00
743.00	2115.00
744.00	2122.00
745.00	2153.00
746.00	2161.00
747.00	2128.00
748.00	2190.00
749.00	2218.00
750.00	2296.00
751.00	2353.00
752.00	2455.00
753.00	2383.00
754.00	2521.00
755.00	2466.00
756.00	2577.00
757.00	2581.00
758.00	2660.00
759.00	2717.00
760.00	2764.00
761.00	2862.00
762.00	2849.00
763.00	2949.00
764.00	3100.00
765.00	3143.00
766.00	3240.00
767.00	3334.00
768.00	3421.00
769.00	3638.00
770.00	3649.00
771.00	3816.00
772.00	3969.00
773.00	3972.00
774.00	4059.00
775.00	4090.00
776.00	4107.00
777.00	4306.00
778.00	4270.00
779.00	4288.00
780.00	4212.00
781.00	4074.00
782.00	4157.00
783.00	3990.00
784.00	3864.00
785.00	3778.00
786.00	3856.00
787.00	3921.00
788.00	3678.00
789.00	3691.00
790.00	3617.00
791.00	3684.00
792.00	3703.00
793.00	3762.00
794.00	3892.00
795.00	3794.00
796.00	3649.00
797.00	3830.00
798.00	3738.00
799.00	3855.00
800.00	3772.00
801.00	3675.00
802.00	3701.00
803.00	3701.00
804.00	3640.00
805.00	3785.00
806.00	3679.00
807.00	3556.00
808.00	3571.00
809.00	3666.00
810.00	3440.00
811.00	3609.00
812.00	3634.00
813.00	3547.00
814.00	3452.00
815.00	3611.00
816.00	3630.00
817.00	3739.00
818.00	3828.00
819.00	3969.00
820.00	4093.00
821.00	4302.00
822.00	4513.00
823.00	4836.00
824.00	5213.00
825.00	5710.00
826.00	5946.00
827.00	6247.00
828.00	6923.00
829.00	7162.00
830.00	7551.00
831.00	7738.00
832.00	7930.00
833.00	8043.00
834.00	8020.00
835.00	7919.00
836.00	7774.00
837.00	7469.00
838.00	7091.00
839.00	6887.00
840.00	6290.00
841.00	5994.00
842.00	5602.00
843.00	5152.00
844.00	4885.00
845.00	4647.00
846.00	4392.00
847.00	4238.00
848.00	4042.00
849.00	4226.00
850.00	4163.00
851.00	4017.00
852.00	4056.00
853.00	4048.00
854.00	4056.00
855.00	4079.00
856.00	4092.00
857.00	4170.00
858.00	4208.00
859.00	4282.00
860.00	4250.00
861.00	4404.00
862.00	4316.00
863.00	4541.00
864.00	4457.00
865.00	4426.00
866.00	4445.00
867.00	4452.00
868.00	4517.00
869.00	4559.00
870.00	4509.00
871.00	4571.00
872.00	4611.00
873.00	4653.00
874.00	4724.00
875.00	4740.00
876.00	4781.00
877.00	4637.00
878.00	4826.00
879.00	4737.00
880.00	4880.00
881.00	4783.00
882.00	4777.00
883.00	4858.00
884.00	4919.00
885.00	5001.00
886.00	4903.00
887.00	5036.00
888.00	5046.00
889.00	5074.00
890.00	5114.00
891.00	5302.00
892.00	5139.00
893.00	5152.00
894.00	5259.00
895.00	5174.00
896.00	5238.00
897.00	5377.00
898.00	5285.00
899.00	5420.00
900.00	5277.00
901.00	5346.00
902.00	5298.00
903.00	5177.00
904.00	5270.00
905.00	5368.00
906.00	5414.00
907.00	5241.00
908.00	5258.00
909.00	5303.00
910.00	5399.00
911.00	5452.00
912.00	5347.00
913.00	5467.00
914.00	5568.00
915.00	5670.00
916.00	5632.00
917.00	5643.00
918.00	5833.00
919.00	5701.00
920.00	5765.00
921.00	5827.00
922.00	6069.00
923.00	6022.00
924.00	6000.00
925.00	5962.00
926.00	5963.00
927.00	5875.00
928.00	5904.00
929.00	5909.00
930.00	5781.00
931.00	5807.00
932.00	5687.00
933.00	5722.00
934.00	5623.00
935.00	5617.00
936.00	5401.00
937.00	5486.00
938.00	5515.00
939.00	5399.00
940.00	5379.00
941.00	5480.00
942.00	5298.00
943.00	5396.00
944.00	5371.00
945.00	5348.00
946.00	5261.00
947.00	5310.00
948.00	5495.00
949.00	5334.00
950.00	5364.00
951.00	5354.00
952.00	5341.00
953.00	5352.00
954.00	5381.00
955.00	5272.00
956.00	5350.00
957.00	5456.00
958.00	5342.00
959.00	5317.00
960.00	5427.00
961.00	5324.00
962.00	5442.00
963.00	5429.00
964.00	5483.00
965.00	5607.00
966.00	5634.00
967.00	5618.00
968.00	5364.00
969.00	5542.00
970.00	5655.00
971.00	5582.00
972.00	5607.00
973.00	5674.00
974.00	5774.00
975.00	5495.00
976.00	5531.00
977.00	5606.00
978.00	5684.00
979.00	5648.00
980.00	5765.00
981.00	5703.00
982.00	5581.00
983.00	5450.00
984.00	5678.00
985.00	5587.00
986.00	5641.00
987.00	5775.00
988.00	5642.00
989.00	5641.00
990.00	5599.00
991.00	5513.00
992.00	5630.00
993.00	5591.00
994.00	5453.00
995.00	5525.00
996.00	5514.00
997.00	5458.00
998.00	5613.00
999.00	5758.00
1000.00	5583.00
1001.00	5684.00
1002.00	5705.00
1003.00	5740.00
1004.00	5830.00
1005.00	5948.00
1006.00	5882.00
1007.00	6061.00
1008.00	6076.00
1009.00	6228.00
1010.00	6314.00
1011.00	6352.00
1012.00	6337.00
1013.00	6459.00
1014.00	6420.00
1015.00	6501.00
1016.00	6701.00
1017.00	6774.00
1018.00	6701.00
1019.00	6593.00
1020.00	6584.00
1021.00	6526.00
1022.00	6547.00
1023.00	6492.00
1024.00	6436.00
1025.00	6307.00
1026.00	6254.00
1027.00	6289.00
1028.00	6055.00
1029.00	6081.00
1030.00	6200.00
1031.00	6132.00
1032.00	5914.00
1033.00	6233.00
1034.00	6024.00
1035.00	6090.00
1036.00	6145.00
1037.00	6071.00
1038.00	6003.00
1039.00	6119.00
1040.00	6113.00
1041.00	6230.00
1042.00	6111.00
1043.00	6249.00
1044.00	6305.00
1045.00	6171.00
1046.00	6171.00
1047.00	6330.00
1048.00	6079.00
1049.00	6270.00
1050.00	6218.00
1051.00	6248.00
1052.00	6265.00
1053.00	6088.00
1054.00	6203.00
1055.00	6290.00
1056.00	6366.00
1057.00	6281.00
1058.00	6105.00
1059.00	6268.00
1060.00	6401.00
1061.00	6505.00
1062.00	6346.00
1063.00	6441.00
1064.00	6532.00
1065.00	6289.00
1066.00	6341.00
1067.00	6322.00
1068.00	6321.00
1069.00	6394.00
1070.00	6430.00
1071.00	6533.00
1072.00	6400.00
1073.00	6503.00
1074.00	6440.00
1075.00	6459.00
1076.00	6596.00
1077.00	6526.00
1078.00	6581.00
1079.00	6577.00
1080.00	6575.00
1081.00	6563.00
1082.00	6680.00
1083.00	6661.00
1084.00	6563.00
1085.00	6685.00
1086.00	6651.00
1087.00	6775.00
1088.00	6687.00
1089.00	6642.00
1090.00	6587.00
1091.00	6668.00
1092.00	6735.00
1093.00	6674.00
1094.00	6738.00
1095.00	6618.00
1096.00	6635.00
1097.00	6619.00
1098.00	6653.00
1099.00	6653.00
1100.00	6819.00
1101.00	6733.00
1102.00	6634.00
1103.00	6745.00
1104.00	6669.00
1105.00	6799.00
1106.00	6507.00
1107.00	6617.00
1108.00	6625.00
1109.00	6662.00
1110.00	6580.00
1111.00	6590.00
1112.00	6605.00
1113.00	6664.00
1114.00	6767.00
1115.00	6620.00
1116.00	6614.00
1117.00	6594.00
1118.00	6534.00
1119.00	6709.00
1120.00	6638.00
1121.00	6567.00
1122.00	6740.00
1123.00	6729.00
1124.00	6841.00
1125.00	6611.00
1126.00	6781.00
1127.00	6641.00
1128.00	6783.00
1129.00	6732.00
1130.00	6751.00
1131.00	6752.00
1132.00	6824.00
1133.00	6849.00
1134.00	6669.00
1135.00	6720.00
1136.00	6831.00
1137.00	6763.00
1138.00	6719.00
1139.00	6719.00
1140.00	7003.00
1141.00	6894.00
1142.00	6850.00
1143.00	6974.00
1144.00	6993.00
1145.00	6950.00
1146.00	6762.00
1147.00	6954.00
1148.00	7052.00
1149.00	7198.00
1150.00	7199.00
1151.00	7155.00
1152.00	6958.00
1153.00	6979.00
1154.00	7010.00
1155.00	7010.00
1156.00	6818.00
1157.00	6993.00
1158.00	6974.00
1159.00	6874.00
1160.00	6975.00
1161.00	6661.00
1162.00	6740.00
1163.00	6814.00
1164.00	6814.00
1165.00	6910.00
1166.00	6802.00
1167.00	6872.00
1168.00	6810.00
1169.00	6937.00
1170.00	6977.00
1171.00	6824.00
1172.00	6884.00
1173.00	6824.00
1174.00	6913.00
1175.00	6916.00
1176.00	7056.00
1177.00	7074.00
1178.00	6791.00
1179.00	7050.00
1180.00	6946.00
1181.00	7128.00
1182.00	7071.00
1183.00	7075.00
1184.00	7008.00
1185.00	7084.00
1186.00	7071.00
1187.00	7129.00
1188.00	7054.00
1189.00	6996.00
1190.00	6988.00
1191.00	7280.00
1192.00	7190.00
1193.00	7099.00
1194.00	7119.00
1195.00	7043.00
1196.00	7007.00
1197.00	7045.00
1198.00	7109.00
1199.00	7026.00
1200.00	7111.00
1201.00	7169.00
1202.00	7041.00
1203.00	7038.00
1204.00	7197.00
1205.00	7302.00
1206.00	7209.00
1207.00	7318.00
1208.00	7465.00
1209.00	7548.00
1210.00	7428.00
1211.00	7385.00
1212.00	7542.00
1213.00	7543.00
1214.00	7596.00
1215.00	7454.00
1216.00	7566.00
1217.00	7612.00
1218.00	7699.00
1219.00	7667.00
1220.00	7714.00
1221.00	7561.00
1222.00	7727.00
1223.00	7706.00
1224.00	7507.00
1225.00	7550.00
1226.00	7587.00
1227.00	7397.00
1228.00	7611.00
1229.00	7609.00
1230.00	7739.00
1231.00	7630.00
1232.00	7506.00
1233.00	7454.00
1234.00	7422.00
1235.00	7601.00
1236.00	7572.00
1237.00	7474.00
1238.00	7587.00
1239.00	7435.00
1240.00	7446.00
1241.00	7626.00
1242.00	7472.00
1243.00	7459.00
1244.00	7522.00
1245.00	7448.00
1246.00	7399.00
1247.00	7417.00
1248.00	7278.00
1249.00	7187.00
1250.00	7313.00
1251.00	7212.00
1252.00	7389.00
1253.00	7298.00
1254.00	7311.00
1255.00	7328.00
1256.00	7182.00
1257.00	7224.00
1258.00	7111.00
1259.00	7313.00
1260.00	7288.00
1261.00	7312.00
1262.00	7234.00
1263.00	7287.00
1264.00	7340.00
1265.00	7255.00
1266.00	7297.00
1267.00	7388.00
1268.00	7208.00
1269.00	7361.00
1270.00	7405.00
1271.00	7429.00
1272.00	7492.00
1273.00	7407.00
1274.00	7571.00
1275.00	7660.00
1276.00	7624.00
1277.00	7884.00
1278.00	7966.00
1279.00	7966.00
1280.00	8085.00
1281.00	8224.00
1282.00	8316.00
1283.00	8446.00
1284.00	8306.00
1285.00	8646.00
1286.00	8856.00
1287.00	8839.00
1288.00	8893.00
1289.00	8913.00
1290.00	8920.00
1291.00	9005.00
1292.00	8865.00
1293.00	8935.00
1294.00	8859.00
1295.00	8656.00
1296.00	8711.00
1297.00	8535.00
1298.00	8418.00
1299.00	8314.00
1300.00	8238.00
1301.00	8071.00
1302.00	8091.00
1303.00	7838.00
1304.00	7698.00
1305.00	7611.00
1306.00	7585.00
1307.00	7465.00
1308.00	7480.00
1309.00	7342.00
1310.00	7390.00
1311.00	7306.00
1312.00	7318.00
1313.00	7190.00
1314.00	7373.00
1315.00	7149.00
1316.00	7094.00
1317.00	7162.00
1318.00	7185.00
1319.00	7333.00
1320.00	7126.00
1321.00	7194.00
1322.00	7057.00
1323.00	7099.00
1324.00	7213.00
1325.00	7024.00
1326.00	7155.00
1327.00	7233.00
1328.00	7155.00
1329.00	6967.00
1330.00	7129.00
1331.00	7071.00
1332.00	7100.00
1333.00	6973.00
1334.00	7044.00
1335.00	6979.00
1336.00	7159.00
1337.00	7061.00
1338.00	6960.00
1339.00	7057.00
1340.00	7135.00
1341.00	6931.00
1342.00	7015.00
1343.00	7102.00
1344.00	7094.00
1345.00	6972.00
1346.00	7038.00
1347.00	7166.00
1348.00	7128.00
1349.00	7240.00
1350.00	7152.00
1351.00	7104.00
1352.00	7309.00
1353.00	7389.00
1354.00	7415.00
1355.00	7607.00
1356.00	7527.00
1357.00	7604.00
1358.00	7701.00
1359.00	7641.00
1360.00	7880.00
1361.00	8018.00
1362.00	8086.00
1363.00	7899.00
1364.00	8152.00
1365.00	8030.00
1366.00	8197.00
1367.00	7924.00
1368.00	7869.00
1369.00	7715.00
1370.00	7700.00
1371.00	7587.00
1372.00	7413.00
1373.00	7525.00
1374.00	7129.00
1375.00	7185.00
1376.00	7118.00
1377.00	7022.00
1378.00	7047.00
1379.00	6902.00
1380.00	6842.00
1381.00	6768.00
1382.00	6748.00
1383.00	6660.00
1384.00	6773.00
1385.00	6614.00
1386.00	6690.00
1387.00	6623.00
1388.00	6594.00
1389.00	6464.00
1390.00	6577.00
1391.00	6644.00
1392.00	6619.00
1393.00	6353.00
1394.00	6379.00
1395.00	6525.00
1396.00	6368.00
1397.00	6484.00
1398.00	6503.00
1399.00	6495.00
1400.00	6374.00
1401.00	6407.00
1402.00	6382.00
1403.00	6326.00
1404.00	6570.00
1405.00	6321.00
1406.00	6453.00
1407.00	6421.00
1408.00	6386.00
1409.00	6339.00
1410.00	6348.00
1411.00	6481.00
1412.00	6534.00
1413.00	6255.00
1414.00	6469.00
1415.00	6489.00
1416.00	6474.00
1417.00	6496.00
1418.00	6391.00
1419.00	6500.00
1420.00	6440.00
1421.00	6590.00
1422.00	6619.00
1423.00	6572.00
1424.00	6609.00
1425.00	6536.00
1426.00	6671.00
1427.00	6588.00
1428.00	6760.00
1429.00	6625.00
1430.00	6602.00
1431.00	6798.00
1432.00	6807.00
1433.00	6815.00
1434.00	6915.00
1435.00	6843.00
1436.00	6861.00
1437.00	7000.00
1438.00	6969.00
1439.00	6933.00
1440.00	7059.00
1441.00	7010.00
1442.00	6850.00
1443.00	6957.00
1444.00	6998.00
1445.00	6831.00
1446.00	6791.00
1447.00	6934.00
1448.00	6724.00
1449.00	6824.00
1450.00	6768.00
1451.00	6650.00
1452.00	6711.00
1453.00	6550.00
1454.00	6555.00
1455.00	6543.00
1456.00	6446.00
1457.00	6481.00
1458.00	6449.00
1459.00	6276.00
1460.00	6430.00
1461.00	6238.00
1462.00	6382.00
1463.00	6480.00
1464.00	6341.00
1465.00	6045.00
1466.00	6282.00
1467.00	6303.00
1468.00	6324.00
1469.00	6303.00
1470.00	6328.00
1471.00	6300.00
1472.00	6249.00
1473.00	6182.00
1474.00	6347.00
1475.00	6197.00
1476.00	6229.00
1477.00	6123.00
1478.00	6136.00
1479.00	6285.00
1480.00	6121.00
1481.00	6131.00
1482.00	6188.00
1483.00	6366.00
1484.00	6201.00
1485.00	6223.00
1486.00	6162.00
1487.00	6266.00
1488.00	6152.00
1489.00	6282.00
1490.00	6284.00
1491.00	6205.00
1492.00	6363.00
1493.00	6462.00
1494.00	6120.00
1495.00	6321.00
1496.00	6271.00
1497.00	6235.00
1498.00	6298.00
1499.00	6364.00
1500.00	6498.00
1501.00	6324.00
1502.00	6321.00
1503.00	6474.00
1504.00	6541.00
1505.00	6711.00
1506.00	6653.00
1507.00	6674.00
1508.00	6630.00
1509.00	6859.00
1510.00	6859.00
1511.00	6926.00
1512.00	7091.00
1513.00	7224.00
1514.00	7167.00
1515.00	7265.00
1516.00	7446.00
1517.00	7422.00
1518.00	7377.00
1519.00	7414.00
1520.00	7465.00
1521.00	7464.00
1522.00	7556.00
1523.00	7459.00
1524.00	7356.00
1525.00	7306.00
1526.00	7281.00
1527.00	7294.00
1528.00	7103.00
1529.00	7289.00
1530.00	7176.00
1531.00	7123.00
1532.00	7078.00
1533.00	7009.00
1534.00	6849.00
1535.00	6993.00
1536.00	7033.00
1537.00	7004.00
1538.00	6950.00
1539.00	6812.00
1540.00	6854.00
1541.00	6999.00
1542.00	7010.00
1543.00	7139.00
1544.00	6949.00
1545.00	7152.00
1546.00	7244.00
1547.00	7187.00
1548.00	7151.00
1549.00	7436.00
1550.00	7522.00
1551.00	7541.00
1552.00	7434.00
1553.00	7644.00
1554.00	7886.00
1555.00	8056.00
1556.00	7905.00
1557.00	8013.00
1558.00	8312.00
1559.00	8324.00
1560.00	8531.00
1561.00	8835.00
1562.00	8853.00
1563.00	9051.00
1564.00	9140.00
1565.00	9330.00
1566.00	9297.00
1567.00	9543.00
1568.00	9714.00
1569.00	9843.00
1570.00	9857.00
1571.00	10072.00
1572.00	10252.00
1573.00	10307.00
1574.00	10624.00
1575.00	10665.00
1576.00	10800.00
1577.00	10752.00
1578.00	10832.00
1579.00	11172.00
1580.00	11142.00
1581.00	11024.00
1582.00	11319.00
1583.00	11584.00
1584.00	11058.00
1585.00	11254.00
1586.00	11379.00
1587.00	11267.00
1588.00	11344.00
1589.00	11497.00
1590.00	11222.00
1591.00	11255.00
1592.00	11007.00
1593.00	11081.00
1594.00	11069.00
1595.00	10742.00
1596.00	10741.00
1597.00	10715.00
1598.00	10371.00
1599.00	10483.00
1600.00	10359.00
1601.00	10096.00
1602.00	9844.00
1603.00	9831.00
1604.00	9748.00
1605.00	9687.00
1606.00	9507.00
1607.00	9164.00
1608.00	9008.00
1609.00	8995.00
1610.00	8961.00
1611.00	8642.00
1612.00	8305.00
1613.00	8390.00
1614.00	8304.00
1615.00	8069.00
1616.00	7987.00
1617.00	7792.00
1618.00	7702.00
1619.00	7473.00
1620.00	7325.00
1621.00	7275.00
1622.00	7118.00
1623.00	6987.00
1624.00	6787.00
1625.00	6647.00
1626.00	6680.00
1627.00	6490.00
1628.00	6470.00
1629.00	6402.00
1630.00	6330.00
1631.00	6290.00
1632.00	6132.00
1633.00	6001.00
1634.00	5859.00
1635.00	5854.00
1636.00	5906.00
1637.00	5720.00
1638.00	5715.00
1639.00	5659.00
1640.00	5516.00
1641.00	5553.00
1642.00	5495.00
1643.00	5607.00
1644.00	5357.00
1645.00	5371.00
1646.00	5398.00
1647.00	5293.00
1648.00	5319.00
1649.00	5213.00
1650.00	5323.00
1651.00	5289.00
1652.00	5094.00
1653.00	5308.00
1654.00	5226.00
1655.00	5123.00
1656.00	5252.00
1657.00	5382.00
1658.00	5306.00
1659.00	5376.00
1660.00	5521.00
1661.00	5646.00
1662.00	5599.00
1663.00	5810.00
1664.00	5939.00
1665.00	6083.00
1666.00	6360.00
1667.00	6503.00
1668.00	6682.00
1669.00	6896.00
1670.00	7224.00
1671.00	7399.00
1672.00	7654.00
1673.00	7871.00
1674.00	8209.00
1675.00	8375.00
1676.00	8583.00
1677.00	8822.00
1678.00	8868.00
1679.00	9080.00
1680.00	9118.00
1681.00	9198.00
1682.00	9382.00
1683.00	9244.00
1684.00	9247.00
1685.00	9230.00
1686.00	9026.00
1687.00	8700.00
1688.00	8596.00
1689.00	8293.00
1690.00	8016.00
1691.00	7655.00
1692.00	7587.00
1693.00	7183.00
1694.00	6998.00
1695.00	6530.00
1696.00	6429.00
1697.00	5998.00
1698.00	5725.00
1699.00	5678.00
1700.00	5358.00
1701.00	5174.00
1702.00	5056.00
1703.00	4866.00
1704.00	4929.00
1705.00	4660.00
1706.00	4522.00
1707.00	4412.00
1708.00	4504.00
1709.00	4343.00
1710.00	4235.00
1711.00	4332.00
1712.00	4220.00
1713.00	4151.00
1714.00	4145.00
1715.00	4310.00
1716.00	4158.00
1717.00	3924.00
1718.00	4151.00
1719.00	4185.00
1720.00	4088.00
1721.00	4043.00
1722.00	3981.00
1723.00	4011.00
1724.00	4022.00
1725.00	4102.00
1726.00	4030.00
1727.00	4085.00
1728.00	4033.00
1729.00	4054.00
1730.00	3942.00
1731.00	3982.00
1732.00	4209.00
1733.00	3980.00
1734.00	4028.00
1735.00	4016.00
1736.00	4076.00
1737.00	4148.00
1738.00	4174.00
1739.00	4019.00
1740.00	4067.00
1741.00	3997.00
1742.00	4123.00
1743.00	4195.00
1744.00	4112.00
1745.00	4134.00
1746.00	4186.00
1747.00	4132.00
1748.00	4241.00
1749.00	4094.00
1750.00	4290.00
1751.00	4227.00
1752.00	4317.00
1753.00	4175.00
1754.00	4187.00
1755.00	4287.00
1756.00	4256.00
1757.00	4298.00
1758.00	4335.00
1759.00	4399.00
1760.00	4468.00
1761.00	4303.00
1762.00	4198.00
1763.00	4157.00
1764.00	4160.00
1765.00	4163.00
1766.00	4238.00
1767.00	4160.00
1768.00	4260.00
1769.00	4383.00
1770.00	4293.00
1771.00	4209.00
1772.00	4361.00
1773.00	4207.00
1774.00	4237.00
1775.00	4203.00
1776.00	4177.00
1777.00	4178.00
1778.00	4118.00
1779.00	4010.00
1780.00	4194.00
1781.00	4119.00
1782.00	3893.00
1783.00	4007.00
1784.00	3964.00
1785.00	3881.00
1786.00	3875.00
1787.00	3931.00
1788.00	3819.00
1789.00	3817.00
1790.00	3854.00
1791.00	3820.00
1792.00	3693.00
1793.00	3725.00
1794.00	3605.00
1795.00	3742.00
1796.00	3585.00
1797.00	3509.00
1798.00	3356.00
1799.00	3419.00
1800.00	3454.00
1801.00	3424.00
1802.00	3379.00
1803.00	3307.00
1804.00	3332.00
1805.00	3147.00
1806.00	3309.00
1807.00	3060.00
1808.00	3082.00
1809.00	3079.00
1810.00	3050.00
1811.00	3042.00
1812.00	3045.00
1813.00	2950.00
1814.00	2913.00
1815.00	2823.00
1816.00	2821.00
1817.00	2782.00
1818.00	2733.00
1819.00	2795.00
1820.00	2767.00
1821.00	2661.00
1822.00	2714.00
1823.00	2677.00
1824.00	2668.00
1825.00	2607.00
1826.00	2623.00
1827.00	2585.00
1828.00	2541.00
1829.00	2513.00
1830.00	2551.00
1831.00	2569.00
1832.00	2503.00
1833.00	2443.00
1834.00	2497.00
1835.00	2449.00
1836.00	2459.00
1837.00	2395.00
1838.00	2391.00
1839.00	2348.00
1840.00	2336.00
1841.00	2310.00
1842.00	2307.00
1843.00	2323.00
1844.00	2375.00
1845.00	2334.00
1846.00	2280.00
1847.00	2282.00
1848.00	2155.00
1849.00	2211.00
1850.00	2115.00
1851.00	2219.00
1852.00	2186.00
1853.00	2122.00
1854.00	2270.00
1855.00	2141.00
1856.00	2151.00
1857.00	2169.00
1858.00	2119.00
1859.00	2124.00
1860.00	2095.00
1861.00	2070.00
1862.00	2109.00
1863.00	2143.00
1864.00	2122.00
1865.00	2042.00
1866.00	2032.00
1867.00	2042.00
1868.00	2079.00
1869.00	2146.00
1870.00	2141.00
1871.00	2165.00
1872.00	2122.00
1873.00	2146.00
1874.00	2080.00
1875.00	2190.00
1876.00	2158.00
1877.00	2140.00
1878.00	2197.00
1879.00	2252.00
1880.00	2280.00
1881.00	2324.00
1882.00	2325.00
1883.00	2353.00
1884.00	2358.00
1885.00	2460.00
1886.00	2420.00
1887.00	2538.00
1888.00	2507.00
1889.00	2388.00
1890.00	2429.00
1891.00	2494.00
1892.00	2542.00
1893.00	2435.00
1894.00	2327.00
1895.00	2327.00
1896.00	2299.00
1897.00	2228.00
1898.00	2302.00
1899.00	2142.00
1900.00	2092.00
1901.00	2020.00
1902.00	2141.00
1903.00	1967.00
1904.00	1957.00
1905.00	1975.00
1906.00	1887.00
1907.00	1890.00
1908.00	1820.00
1909.00	1833.00
1910.00	1743.00
1911.00	1721.00
1912.00	1728.00
1913.00	1778.00
1914.00	1724.00
1915.00	1736.00
1916.00	1686.00
1917.00	1668.00
1918.00	1738.00
1919.00	1684.00
1920.00	1731.00
1921.00	1677.00
1922.00	1677.00
1923.00	1683.00
1924.00	1678.00
1925.00	1643.00
1926.00	1661.00
1927.00	1683.00
1928.00	1576.00
1929.00	1655.00
1930.00	1592.00
1931.00	1506.00
1932.00	1562.00
1933.00	1546.00
1934.00	1551.00
1935.00	1488.00
1936.00	1474.00
1937.00	1452.00
1938.00	1459.00
1939.00	1429.00
1940.00	1397.00
1941.00	1441.00
1942.00	1361.00
1943.00	1361.00
1944.00	1347.00
1945.00	1373.00
1946.00	1283.00
1947.00	1339.00
1948.00	1320.00
1949.00	1309.00
1950.00	1365.00
1951.00	1376.00
1952.00	1250.00
1953.00	1377.00
1954.00	1312.00
1955.00	1324.00
1956.00	1324.00
1957.00	1295.00
1958.00	1249.00
1959.00	1258.00
1960.00	1303.00
1961.00	1279.00
1962.00	1271.00
1963.00	1249.00
1964.00	1256.00
1965.00	1298.00
1966.00	1228.00
1967.00	1164.00
1968.00	1190.00
1969.00	1232.00
1970.00	1223.00
1971.00	1237.00
1972.00	1187.00
1973.00	1183.00
1974.00	1184.00
1975.00	1212.00
1976.00	1170.00
1977.00	1166.00
1978.00	1177.00
1979.00	1180.00
1980.00	1201.00
1981.00	1139.00
1982.00	1158.00
1983.00	1146.00
1984.00	1079.00
1985.00	1095.00
1986.00	1113.00
1987.00	1079.00
1988.00	1126.00
1989.00	1115.00
1990.00	1066.00
1991.00	1180.00
1992.00	1062.00
1993.00	956.00
1994.00	1096.00
1995.00	1084.00
1996.00	1093.00
1997.00	1077.00
1998.00	1042.00
1999.00	1047.00
2000.00	1004.00
2001.00	1022.00
2002.00	1031.00
2003.00	1016.00
2004.00	1052.00
2005.00	943.00
2006.00	975.00
2007.00	967.00
2008.00	992.00
2009.00	1016.00
2010.00	948.00
2011.00	1001.00
2012.00	985.00
2013.00	897.00
2014.00	953.00
2015.00	954.00
2016.00	894.00
2017.00	899.00
2018.00	902.00
2019.00	923.00
2020.00	977.00
2021.00	877.00
2022.00	900.00
2023.00	870.00
2024.00	932.00
2025.00	856.00
2026.00	889.00
2027.00	838.00
2028.00	825.00
2029.00	849.00
2030.00	862.00
2031.00	846.00
2032.00	787.00
2033.00	842.00
2034.00	760.00
2035.00	792.00
2036.00	830.00
2037.00	818.00
2038.00	803.00
2039.00	816.00
2040.00	816.00
2041.00	806.00
2042.00	756.00
2043.00	803.00
2044.00	776.00
2045.00	741.00
2046.00	809.00
2047.00	774.00
2048.00	 0.00
