C:\Data\UCD\Agriculture\Sharon_ORourke\Shayan\52     2023-09-20  re-evaluated data
peakarea
filename	position (mm)	sample surface	validity	E-gain	E-offset	F-slope	F-offset	cps	MSE	Al	Si	S	Cl	Ar	K	Ca	Ti	V	Cr	Mn	Fe	Ni	Cu	Zn	As	Br	Rb	Sr	Zr	Sb	Ba	Ce	Pr	Nd	Sm	Eu	Gd	Fe a*2	Fe a+b	Fe X1	Fe X2	Fe X3	W La	W Lb1	W Lb2	W La inel	W Lb1 inel	W Lb2 inel	Mo inc	Mo coh	Dt	
C:\Data\UCD\Agriculture\Sharon_ORourke\Shayan\52\XRF data\L000000.spe	58.00	6.03	1	0.010373	-0.008249	0.010160	0.076187	108323	5.15	0.888	10.784	0.052	0.071	2.569	28.339	480.780	14.208	1.251	1.921	13.370	429.711	1.566	0.529	2.812	0.927	0.470	1.974	10.513	1.127	3.042	0.893	0.434	0.484	0.766	1.243	0.000	0.000	2.066	0.213	11.744	2.009	1.137	1.134	1.404	2.141	0.308	0.715	1.130	28.565	14.284	0.134	
C:\Data\UCD\Agriculture\Sharon_ORourke\Shayan\52\XRF data\L000001.spe	58.20	6.03	1	0.010373	-0.008249	0.010160	0.076187	111221	5.32	0.926	10.811	0.000	0.012	2.641	29.267	495.004	14.932	1.388	2.053	14.794	443.930	1.590	0.539	2.922	1.028	0.407	1.718	10.412	0.550	3.271	0.906	0.442	0.498	0.785	1.238	0.000	0.017	1.852	0.297	12.035	1.971	1.257	1.325	1.735	2.195	0.479	0.967	0.851	30.314	14.308	0.136	
C:\Data\UCD\Agriculture\Sharon_ORourke\Shayan\52\XRF data\L000002.spe	58.40	6.03	1	0.010377	-0.008249	0.010160	0.076187	111170	4.68	0.886	10.828	0.051	0.013	2.573	28.866	503.128	15.019	1.273	1.853	14.898	437.115	1.469	0.458	2.911	0.818	0.423	1.716	10.569	0.717	2.879	0.785	0.450	0.679	0.693	1.066	0.000	0.487	1.652	0.515	10.555	1.703	1.385	1.215	1.906	2.136	0.916	0.735	1.507	29.468	14.450	0.137	
C:\Data\UCD\Agriculture\Sharon_ORourke\Shayan\52\XRF data\L000003.spe	58.60	6.03	1	0.010377	-0.008249	0.010074	0.076187	111285	4.64	0.904	10.804	0.000	0.008	2.579	29.354	484.753	15.416	1.416	2.034	15.751	448.608	1.654	0.442	2.808	1.022	0.539	1.954	10.529	0.690	2.947	0.934	0.405	0.610	0.656	1.120	0.000	0.199	2.087	0.210	10.553	1.830	1.566	0.847	2.001	2.141	0.568	0.956	1.151	29.208	14.489	0.137	
C:\Data\UCD\Agriculture\Sharon_ORourke\Shayan\52\XRF data\L000004.spe	58.80	6.02	1	0.010377	-0.008249	0.010086	0.076187	110988	4.67	0.841	11.127	0.019	0.017	2.668	29.389	471.981	15.661	1.482	2.177	15.138	454.579	1.690	0.361	2.782	0.902	0.639	1.885	10.324	0.646	2.985	0.823	0.389	0.580	0.756	1.030	0.000	0.000	1.836	0.355	11.056	2.159	1.512	1.075	1.529	2.114	0.070	1.024	0.911	30.093	14.486	0.137	
C:\Data\UCD\Agriculture\Sharon_ORourke\Shayan\52\XRF data\L000005.spe	59.00	6.02	1	0.010377	-0.008249	0.010086	0.076187	110543	4.53	0.895	10.652	0.034	0.008	2.532	28.776	459.744	15.079	1.602	2.057	14.175	457.274	1.512	0.532	2.898	0.833	0.363	1.786	10.254	0.718	2.723	0.741	0.472	0.628	0.735	1.018	0.171	0.000	2.228	0.681	10.802	2.069	1.752	1.223	1.186	1.965	0.227	1.074	0.713	30.492	14.919	0.136	
C:\Data\UCD\Agriculture\Sharon_ORourke\Shayan\52\XRF data\L000006.spe	59.20	6.02	1	0.010378	-0.008249	0.010086	0.076187	111323	4.84	0.908	10.640	0.068	0.039	2.539	28.781	472.102	15.133	1.444	1.845	15.938	458.623	1.750	0.477	3.138	0.944	0.554	2.040	10.072	0.669	2.519	0.778	0.470	0.616	0.724	1.039	0.000	0.000	1.967	0.267	11.435	2.134	1.798	1.300	1.509	1.965	0.066	1.098	0.786	30.625	14.736	0.137	
C:\Data\UCD\Agriculture\Sharon_ORourke\Shayan\52\XRF data\L000007.spe	59.40	6.02	1	0.010378	-0.008249	0.010086	0.076187	111993	4.95	0.956	10.692	0.059	0.000	2.502	28.664	495.894	15.056	1.330	1.773	15.290	450.727	1.615	0.371	3.337	1.255	0.388	1.851	10.452	0.546	2.813	0.785	0.382	0.618	0.667	1.114	0.070	0.000	2.133	0.257	10.674	2.256	1.996	1.236	1.411	1.799	0.160	1.094	1.136	29.660	14.581	0.138	
C:\Data\UCD\Agriculture\Sharon_ORourke\Shayan\52\XRF data\L000008.spe	59.60	6.01	1	0.010378	-0.008249	0.010095	0.076187	111916	4.97	0.884	10.725	0.088	0.014	2.537	28.640	508.767	14.741	1.363	1.755	13.736	439.635	1.484	0.473	3.043	1.037	0.396	1.743	10.717	0.424	2.916	0.678	0.345	0.583	0.762	1.329	0.466	0.000	1.615	0.230	10.830	1.953	1.763	1.170	1.585	2.298	0.077	0.866	0.574	30.221	14.726	0.138	