Date:	2023-09-20		
Time:	17:44		
Sample name:	Pellets		
Position:	59.600011	mm	
Sample surface:	6.012935	cm	
Tube anode:	Mo		
Tube voltage:	30	kV	
Tube current:	50	mA	
Comments	not in position		
Gain	5.810000		
peaking_time	0.300000	m-sec	
trigger_threshold	30.000000	V	
mca_bin_width	2.000000	no:	
number_mca_channels	2048.000000	no:	
gap_time	0.100000	m-sec	
trigger_peaking_time	0.050000	m-sec	
livetime	17.237740	seconds	
runtime	20.000158	seconds	
input_count_rate	129850.430760	cps	
output_count_rate	111915.513070	cps	
triggers	2506212.000000	seconds	
events_in_run	2230234.000000	seconds	
channel	content		
 1.00	 0.00
 2.00	 0.00
 3.00	 0.00
 4.00	 0.00
 5.00	 0.00
 6.00	 0.00
 7.00	 0.00
 8.00	 0.00
 9.00	 0.00
10.00	 0.00
11.00	 0.00
12.00	 0.00
13.00	 0.00
14.00	 0.00
15.00	 0.00
16.00	 0.00
17.00	 0.00
18.00	 0.00
19.00	 0.00
20.00	 0.00
21.00	 0.00
22.00	 0.00
23.00	 0.00
24.00	 0.00
25.00	 0.00
26.00	 0.00
27.00	 0.00
28.00	 0.00
29.00	 0.00
30.00	 0.00
31.00	 0.00
32.00	 1.00
33.00	 1.00
34.00	 6.00
35.00	 7.00
36.00	 8.00
37.00	13.00
38.00	20.00
39.00	26.00
40.00	44.00
41.00	50.00
42.00	68.00
43.00	67.00
44.00	101.00
45.00	116.00
46.00	137.00
47.00	162.00
48.00	187.00
49.00	204.00
50.00	204.00
51.00	251.00
52.00	260.00
53.00	245.00
54.00	268.00
55.00	293.00
56.00	303.00
57.00	301.00
58.00	322.00
59.00	323.00
60.00	328.00
61.00	351.00
62.00	356.00
63.00	361.00
64.00	361.00
65.00	327.00
66.00	388.00
67.00	370.00
68.00	332.00
69.00	384.00
70.00	383.00
71.00	374.00
72.00	358.00
73.00	361.00
74.00	356.00
75.00	356.00
76.00	344.00
77.00	321.00
78.00	359.00
79.00	348.00
80.00	313.00
81.00	358.00
82.00	340.00
83.00	336.00
84.00	339.00
85.00	343.00
86.00	332.00
87.00	336.00
88.00	356.00
89.00	348.00
90.00	305.00
91.00	311.00
92.00	341.00
93.00	338.00
94.00	327.00
95.00	312.00
96.00	299.00
97.00	349.00
98.00	313.00
99.00	322.00
100.00	290.00
101.00	310.00
102.00	283.00
103.00	291.00
104.00	286.00
105.00	284.00
106.00	281.00
107.00	308.00
108.00	290.00
109.00	293.00
110.00	275.00
111.00	298.00
112.00	296.00
113.00	313.00
114.00	290.00
115.00	258.00
116.00	313.00
117.00	323.00
118.00	282.00
119.00	331.00
120.00	309.00
121.00	301.00
122.00	263.00
123.00	258.00
124.00	265.00
125.00	267.00
126.00	227.00
127.00	255.00
128.00	234.00
129.00	252.00
130.00	239.00
131.00	244.00
132.00	257.00
133.00	237.00
134.00	238.00
135.00	253.00
136.00	298.00
137.00	347.00
138.00	410.00
139.00	490.00
140.00	626.00
141.00	805.00
142.00	981.00
143.00	1110.00
144.00	1200.00
145.00	1244.00
146.00	1168.00
147.00	1120.00
148.00	934.00
149.00	870.00
150.00	704.00
151.00	703.00
152.00	674.00
153.00	621.00
154.00	582.00
155.00	501.00
156.00	453.00
157.00	457.00
158.00	429.00
159.00	496.00
160.00	685.00
161.00	1048.00
162.00	1760.00
163.00	2767.00
164.00	4050.00
165.00	5794.00
166.00	7496.00
167.00	9041.00
168.00	10248.00
169.00	10808.00
170.00	10389.00
171.00	9092.00
172.00	7744.00
173.00	6137.00
174.00	4518.00
175.00	3426.00
176.00	2454.00
177.00	1800.00
178.00	1462.00
179.00	1283.00
180.00	1219.00
181.00	1265.00
182.00	1416.00
183.00	1816.00
184.00	2168.00
185.00	2767.00
186.00	3334.00
187.00	3940.00
188.00	4381.00
189.00	4541.00
190.00	4367.00
191.00	3914.00
192.00	3361.00
193.00	2752.00
194.00	2068.00
195.00	1554.00
196.00	1112.00
197.00	785.00
198.00	565.00
199.00	458.00
200.00	355.00
201.00	334.00
202.00	340.00
203.00	324.00
204.00	334.00
205.00	341.00
206.00	315.00
207.00	317.00
208.00	362.00
209.00	350.00
210.00	368.00
211.00	381.00
212.00	349.00
213.00	414.00
214.00	454.00
215.00	561.00
216.00	624.00
217.00	666.00
218.00	709.00
219.00	763.00
220.00	868.00
221.00	863.00
222.00	791.00
223.00	743.00
224.00	631.00
225.00	582.00
226.00	560.00
227.00	433.00
228.00	399.00
229.00	346.00
230.00	353.00
231.00	324.00
232.00	286.00
233.00	240.00
234.00	262.00
235.00	278.00
236.00	269.00
237.00	296.00
238.00	285.00
239.00	262.00
240.00	254.00
241.00	268.00
242.00	257.00
243.00	298.00
244.00	298.00
245.00	257.00
246.00	248.00
247.00	285.00
248.00	279.00
249.00	307.00
250.00	306.00
251.00	290.00
252.00	278.00
253.00	269.00
254.00	305.00
255.00	282.00
256.00	291.00
257.00	297.00
258.00	312.00
259.00	287.00
260.00	291.00
261.00	295.00
262.00	310.00
263.00	313.00
264.00	347.00
265.00	356.00
266.00	387.00
267.00	335.00
268.00	364.00
269.00	385.00
270.00	370.00
271.00	379.00
272.00	374.00
273.00	372.00
274.00	352.00
275.00	350.00
276.00	449.00
277.00	436.00
278.00	577.00
279.00	712.00
280.00	952.00
281.00	1114.00
282.00	1452.00
283.00	1657.00
284.00	1893.00
285.00	2268.00
286.00	2375.00
287.00	2378.00
288.00	2300.00
289.00	2164.00
290.00	1826.00
291.00	1609.00
292.00	1331.00
293.00	1066.00
294.00	904.00
295.00	742.00
296.00	583.00
297.00	505.00
298.00	522.00
299.00	493.00
300.00	537.00
301.00	506.00
302.00	533.00
303.00	615.00
304.00	662.00
305.00	702.00
306.00	802.00
307.00	972.00
308.00	1129.00
309.00	1453.00
310.00	1804.00
311.00	2570.00
312.00	3481.00
313.00	4927.00
314.00	6822.00
315.00	9286.00
316.00	12220.00
317.00	15607.00
318.00	18658.00
319.00	21033.00
320.00	23154.00
321.00	23650.00
322.00	23313.00
323.00	21748.00
324.00	19500.00
325.00	16513.00
326.00	13243.00
327.00	10048.00
328.00	7366.00
329.00	5447.00
330.00	3701.00
331.00	2534.00
332.00	1754.00
333.00	1343.00
334.00	1121.00
335.00	1084.00
336.00	1153.00
337.00	1227.00
338.00	1507.00
339.00	1828.00
340.00	2493.00
341.00	3196.00
342.00	4569.00
343.00	6351.00
344.00	9253.00
345.00	13733.00
346.00	20546.00
347.00	31237.00
348.00	46628.00
349.00	69187.00
350.00	98501.00
351.00	135463.00
352.00	178198.00
353.00	225742.00
354.00	272109.00
355.00	312646.00
356.00	344859.00
357.00	362247.00
358.00	362583.00
359.00	345234.00
360.00	314156.00
361.00	272976.00
362.00	226698.00
363.00	178319.00
364.00	135139.00
365.00	96810.00
366.00	66989.00
367.00	44558.00
368.00	28603.00
369.00	17391.00
370.00	10895.00
371.00	6707.00
372.00	4508.00
373.00	3436.00
374.00	3146.00
375.00	3468.00
376.00	4033.00
377.00	5184.00
378.00	7037.00
379.00	9299.00
380.00	12855.00
381.00	17075.00
382.00	22009.00
383.00	28327.00
384.00	34998.00
385.00	40780.00
386.00	46828.00
387.00	51541.00
388.00	53926.00
389.00	53855.00
390.00	52232.00
391.00	47723.00
392.00	42509.00
393.00	35833.00
394.00	28931.00
395.00	22359.00
396.00	16512.00
397.00	12029.00
398.00	8280.00
399.00	5549.00
400.00	3630.00
401.00	2376.00
402.00	1594.00
403.00	1059.00
404.00	704.00
405.00	505.00
406.00	395.00
407.00	395.00
408.00	310.00
409.00	342.00
410.00	318.00
411.00	286.00
412.00	331.00
413.00	346.00
414.00	324.00
415.00	348.00
416.00	347.00
417.00	394.00
418.00	338.00
419.00	431.00
420.00	467.00
421.00	502.00
422.00	581.00
423.00	766.00
424.00	979.00
425.00	1289.00
426.00	1727.00
427.00	2407.00
428.00	3232.00
429.00	4134.00
430.00	5481.00
431.00	6607.00
432.00	8020.00
433.00	9362.00
434.00	10321.00
435.00	11209.00
436.00	11471.00
437.00	11293.00
438.00	11109.00
439.00	9946.00
440.00	8938.00
441.00	7743.00
442.00	6518.00
443.00	5273.00
444.00	4427.00
445.00	3690.00
446.00	3166.00
447.00	2813.00
448.00	2480.00
449.00	2361.00
450.00	2235.00
451.00	2052.00
452.00	1885.00
453.00	1858.00
454.00	1648.00
455.00	1411.00
456.00	1312.00
457.00	1075.00
458.00	1020.00
459.00	926.00
460.00	892.00
461.00	917.00
462.00	873.00
463.00	916.00
464.00	961.00
465.00	1129.00
466.00	1196.00
467.00	1334.00
468.00	1448.00
469.00	1592.00
470.00	1839.00
471.00	2038.00
472.00	2263.00
473.00	2519.00
474.00	2623.00
475.00	2798.00
476.00	2952.00
477.00	3084.00
478.00	2980.00
479.00	2949.00
480.00	2681.00
481.00	2536.00
482.00	2199.00
483.00	1944.00
484.00	1723.00
485.00	1447.00
486.00	1219.00
487.00	1069.00
488.00	927.00
489.00	868.00
490.00	781.00
491.00	752.00
492.00	724.00
493.00	753.00
494.00	720.00
495.00	761.00
496.00	775.00
497.00	774.00
498.00	799.00
499.00	803.00
500.00	839.00
501.00	865.00
502.00	912.00
503.00	975.00
504.00	964.00
505.00	947.00
506.00	987.00
507.00	1052.00
508.00	1098.00
509.00	1058.00
510.00	1091.00
511.00	1164.00
512.00	1221.00
513.00	1222.00
514.00	1215.00
515.00	1227.00
516.00	1387.00
517.00	1503.00
518.00	1559.00
519.00	1601.00
520.00	1792.00
521.00	1722.00
522.00	1879.00
523.00	1865.00
524.00	1782.00
525.00	1801.00
526.00	1744.00
527.00	1714.00
528.00	1569.00
529.00	1622.00
530.00	1482.00
531.00	1337.00
532.00	1370.00
533.00	1264.00
534.00	1236.00
535.00	1196.00
536.00	1282.00
537.00	1306.00
538.00	1315.00
539.00	1215.00
540.00	1318.00
541.00	1259.00
542.00	1326.00
543.00	1367.00
544.00	1322.00
545.00	1382.00
546.00	1437.00
547.00	1402.00
548.00	1447.00
549.00	1490.00
550.00	1517.00
551.00	1606.00
552.00	1585.00
553.00	1598.00
554.00	1695.00
555.00	1892.00
556.00	2147.00
557.00	2343.00
558.00	2775.00
559.00	3442.00
560.00	4276.00
561.00	5038.00
562.00	6445.00
563.00	7578.00
564.00	9137.00
565.00	10651.00
566.00	12153.00
567.00	13242.00
568.00	14221.00
569.00	14425.00
570.00	14960.00
571.00	14488.00
572.00	13826.00
573.00	12849.00
574.00	11561.00
575.00	10282.00
576.00	8632.00
577.00	7282.00
578.00	6009.00
579.00	4846.00
580.00	3877.00
581.00	3218.00
582.00	2707.00
583.00	2292.00
584.00	2048.00
585.00	1930.00
586.00	1917.00
587.00	1843.00
588.00	1829.00
589.00	1826.00
590.00	1994.00
591.00	1949.00
592.00	2115.00
593.00	2275.00
594.00	2369.00
595.00	2536.00
596.00	2778.00
597.00	3058.00
598.00	3584.00
599.00	4284.00
600.00	5606.00
601.00	7423.00
602.00	10411.00
603.00	14670.00
604.00	20679.00
605.00	29690.00
606.00	42171.00
607.00	58609.00
608.00	79855.00
609.00	106671.00
610.00	138015.00
611.00	174636.00
612.00	215152.00
613.00	256512.00
614.00	299215.00
615.00	336775.00
616.00	368904.00
617.00	391247.00
618.00	399545.00
619.00	402569.00
620.00	388592.00
621.00	365990.00
622.00	333028.00
623.00	295465.00
624.00	254355.00
625.00	211693.00
626.00	171314.00
627.00	135377.00
628.00	104184.00
629.00	77527.00
630.00	56733.00
631.00	40594.00
632.00	28497.00
633.00	19996.00
634.00	13797.00
635.00	9993.00
636.00	7243.00
637.00	5514.00
638.00	4595.00
639.00	3867.00
640.00	3446.00
641.00	3172.00
642.00	2978.00
643.00	2910.00
644.00	2887.00
645.00	2795.00
646.00	2859.00
647.00	2862.00
648.00	2967.00
649.00	3051.00
650.00	3018.00
651.00	3002.00
652.00	3106.00
653.00	3216.00
654.00	3300.00
655.00	3289.00
656.00	3525.00
657.00	3518.00
658.00	3790.00
659.00	3898.00
660.00	4008.00
661.00	4292.00
662.00	4609.00
663.00	4974.00
664.00	5447.00
665.00	5999.00
666.00	6945.00
667.00	8140.00
668.00	9810.00
669.00	12038.00
670.00	14807.00
671.00	18193.00
672.00	22137.00
673.00	26891.00
674.00	32078.00
675.00	37969.00
676.00	43799.00
677.00	49427.00
678.00	55028.00
679.00	59318.00
680.00	62547.00
681.00	63855.00
682.00	64427.00
683.00	62257.00
684.00	59365.00
685.00	54884.00
686.00	49652.00
687.00	43875.00
688.00	37668.00
689.00	31548.00
690.00	25864.00
691.00	20993.00
692.00	16400.00
693.00	12843.00
694.00	10168.00
695.00	7739.00
696.00	6025.00
697.00	4818.00
698.00	4042.00
699.00	3467.00
700.00	3189.00
701.00	2961.00
702.00	2807.00
703.00	2763.00
704.00	2818.00
705.00	2819.00
706.00	2873.00
707.00	3045.00
708.00	3118.00
709.00	3342.00
710.00	3275.00
711.00	3413.00
712.00	3520.00
713.00	3713.00
714.00	3981.00
715.00	3901.00
716.00	4054.00
717.00	4189.00
718.00	4255.00
719.00	4260.00
720.00	4242.00
721.00	4308.00
722.00	4263.00
723.00	4218.00
724.00	4185.00
725.00	4017.00
726.00	3978.00
727.00	3754.00
728.00	3651.00
729.00	3375.00
730.00	3426.00
731.00	3281.00
732.00	3145.00
733.00	3014.00
734.00	2975.00
735.00	2900.00
736.00	2920.00
737.00	2751.00
738.00	2821.00
739.00	2832.00
740.00	2878.00
741.00	2865.00
742.00	2817.00
743.00	2791.00
744.00	2967.00
745.00	2785.00
746.00	2714.00
747.00	2816.00
748.00	2685.00
749.00	2715.00
750.00	2700.00
751.00	2703.00
752.00	2754.00
753.00	2782.00
754.00	2761.00
755.00	2817.00
756.00	2862.00
757.00	2774.00
758.00	2854.00
759.00	3041.00
760.00	2971.00
761.00	2955.00
762.00	3003.00
763.00	3093.00
764.00	3083.00
765.00	3133.00
766.00	3237.00
767.00	3412.00
768.00	3453.00
769.00	3600.00
770.00	3676.00
771.00	3770.00
772.00	3931.00
773.00	4065.00
774.00	4046.00
775.00	4086.00
776.00	4282.00
777.00	4208.00
778.00	4273.00
779.00	4261.00
780.00	4201.00
781.00	4186.00
782.00	4245.00
783.00	4064.00
784.00	4134.00
785.00	4142.00
786.00	4126.00
787.00	4045.00
788.00	4129.00
789.00	4093.00
790.00	4070.00
791.00	4020.00
792.00	4129.00
793.00	4183.00
794.00	4272.00
795.00	4323.00
796.00	4302.00
797.00	4393.00
798.00	4407.00
799.00	4610.00
800.00	4388.00
801.00	4577.00
802.00	4492.00
803.00	4498.00
804.00	4677.00
805.00	4628.00
806.00	4654.00
807.00	4663.00
808.00	4647.00
809.00	4609.00
810.00	4772.00
811.00	4773.00
812.00	4815.00
813.00	4771.00
814.00	4818.00
815.00	4579.00
816.00	4715.00
817.00	4702.00
818.00	4664.00
819.00	4827.00
820.00	4806.00
821.00	4853.00
822.00	5025.00
823.00	5095.00
824.00	5357.00
825.00	5548.00
826.00	5517.00
827.00	5868.00
828.00	5918.00
829.00	6094.00
830.00	6219.00
831.00	6581.00
832.00	6688.00
833.00	6673.00
834.00	6691.00
835.00	6589.00
836.00	6350.00
837.00	6342.00
838.00	6275.00
839.00	6112.00
840.00	5901.00
841.00	5709.00
842.00	5548.00
843.00	5426.00
844.00	5368.00
845.00	5087.00
846.00	4968.00
847.00	4817.00
848.00	4792.00
849.00	4755.00
850.00	4814.00
851.00	4777.00
852.00	4763.00
853.00	4817.00
854.00	4771.00
855.00	4764.00
856.00	4882.00
857.00	4829.00
858.00	4905.00
859.00	4725.00
860.00	4746.00
861.00	4916.00
862.00	4773.00
863.00	4875.00
864.00	4779.00
865.00	4795.00
866.00	4857.00
867.00	4822.00
868.00	4851.00
869.00	4719.00
870.00	4788.00
871.00	4740.00
872.00	4803.00
873.00	4820.00
874.00	4719.00
875.00	4663.00
876.00	4796.00
877.00	4875.00
878.00	4865.00
879.00	4886.00
880.00	4947.00
881.00	4972.00
882.00	5063.00
883.00	5127.00
884.00	5104.00
885.00	5184.00
886.00	5213.00
887.00	5353.00
888.00	5313.00
889.00	5427.00
890.00	5365.00
891.00	5454.00
892.00	5514.00
893.00	5423.00
894.00	5478.00
895.00	5402.00
896.00	5508.00
897.00	5463.00
898.00	5592.00
899.00	5433.00
900.00	5398.00
901.00	5416.00
902.00	5499.00
903.00	5481.00
904.00	5442.00
905.00	5538.00
906.00	5490.00
907.00	5499.00
908.00	5485.00
909.00	5611.00
910.00	5499.00
911.00	5689.00
912.00	5626.00
913.00	5672.00
914.00	5774.00
915.00	5845.00
916.00	6034.00
917.00	5849.00
918.00	5904.00
919.00	6181.00
920.00	6126.00
921.00	6170.00
922.00	6143.00
923.00	6073.00
924.00	6300.00
925.00	6310.00
926.00	6190.00
927.00	6201.00
928.00	6293.00
929.00	6200.00
930.00	6262.00
931.00	6355.00
932.00	6111.00
933.00	6131.00
934.00	6106.00
935.00	6178.00
936.00	6195.00
937.00	6150.00
938.00	6051.00
939.00	5969.00
940.00	5973.00
941.00	6039.00
942.00	5842.00
943.00	5876.00
944.00	5820.00
945.00	5943.00
946.00	5913.00
947.00	5893.00
948.00	5960.00
949.00	5815.00
950.00	5838.00
951.00	5986.00
952.00	5888.00
953.00	5966.00
954.00	5809.00
955.00	5929.00
956.00	6006.00
957.00	5986.00
958.00	6042.00
959.00	5963.00
960.00	6064.00
961.00	6190.00
962.00	6351.00
963.00	6367.00
964.00	6490.00
965.00	6402.00
966.00	6594.00
967.00	6877.00
968.00	6673.00
969.00	7093.00
970.00	6783.00
971.00	6930.00
972.00	7124.00
973.00	7038.00
974.00	7017.00
975.00	6961.00
976.00	6736.00
977.00	6906.00
978.00	6813.00
979.00	6977.00
980.00	6702.00
981.00	6706.00
982.00	6667.00
983.00	6335.00
984.00	6438.00
985.00	6193.00
986.00	6302.00
987.00	6209.00
988.00	6198.00
989.00	6039.00
990.00	5997.00
991.00	5948.00
992.00	6070.00
993.00	6135.00
994.00	6174.00
995.00	6009.00
996.00	6016.00
997.00	6162.00
998.00	6161.00
999.00	6169.00
1000.00	6219.00
1001.00	6287.00
1002.00	6272.00
1003.00	6330.00
1004.00	6275.00
1005.00	6318.00
1006.00	6407.00
1007.00	6273.00
1008.00	6573.00
1009.00	6381.00
1010.00	6451.00
1011.00	6196.00
1012.00	6518.00
1013.00	6387.00
1014.00	6383.00
1015.00	6442.00
1016.00	6613.00
1017.00	6476.00
1018.00	6369.00
1019.00	6404.00
1020.00	6603.00
1021.00	6433.00
1022.00	6300.00
1023.00	6350.00
1024.00	6313.00
1025.00	6338.00
1026.00	6376.00
1027.00	6257.00
1028.00	6185.00
1029.00	6264.00
1030.00	6342.00
1031.00	6268.00
1032.00	6371.00
1033.00	6277.00
1034.00	6320.00
1035.00	6327.00
1036.00	6374.00
1037.00	6452.00
1038.00	6526.00
1039.00	6385.00
1040.00	6448.00
1041.00	6452.00
1042.00	6486.00
1043.00	6582.00
1044.00	6546.00
1045.00	6481.00
1046.00	6396.00
1047.00	6587.00
1048.00	6338.00
1049.00	6639.00
1050.00	6376.00
1051.00	6367.00
1052.00	6295.00
1053.00	6512.00
1054.00	6478.00
1055.00	6367.00
1056.00	6502.00
1057.00	6605.00
1058.00	6285.00
1059.00	6424.00
1060.00	6430.00
1061.00	6362.00
1062.00	6337.00
1063.00	6280.00
1064.00	6525.00
1065.00	6264.00
1066.00	6493.00
1067.00	6419.00
1068.00	6516.00
1069.00	6437.00
1070.00	6376.00
1071.00	6551.00
1072.00	6474.00
1073.00	6515.00
1074.00	6451.00
1075.00	6454.00
1076.00	6461.00
1077.00	6417.00
1078.00	6457.00
1079.00	6460.00
1080.00	6520.00
1081.00	6428.00
1082.00	6376.00
1083.00	6542.00
1084.00	6533.00
1085.00	6566.00
1086.00	6693.00
1087.00	6527.00
1088.00	6639.00
1089.00	6510.00
1090.00	6587.00
1091.00	6684.00
1092.00	6532.00
1093.00	6676.00
1094.00	6696.00
1095.00	6559.00
1096.00	6627.00
1097.00	6664.00
1098.00	6729.00
1099.00	6632.00
1100.00	6693.00
1101.00	6679.00
1102.00	6635.00
1103.00	6658.00
1104.00	6690.00
1105.00	6787.00
1106.00	6650.00
1107.00	6772.00
1108.00	6548.00
1109.00	6718.00
1110.00	6704.00
1111.00	6792.00
1112.00	6716.00
1113.00	6715.00
1114.00	6812.00
1115.00	6950.00
1116.00	6791.00
1117.00	6700.00
1118.00	6747.00
1119.00	6868.00
1120.00	6910.00
1121.00	6763.00
1122.00	6760.00
1123.00	6917.00
1124.00	6770.00
1125.00	6719.00
1126.00	6830.00
1127.00	6886.00
1128.00	6757.00
1129.00	6833.00
1130.00	6748.00
1131.00	6786.00
1132.00	6926.00
1133.00	6722.00
1134.00	6844.00
1135.00	6964.00
1136.00	6636.00
1137.00	6682.00
1138.00	6943.00
1139.00	6754.00
1140.00	6935.00
1141.00	6758.00
1142.00	6827.00
1143.00	6838.00
1144.00	6703.00
1145.00	6779.00
1146.00	6688.00
1147.00	6808.00
1148.00	6784.00
1149.00	6766.00
1150.00	6734.00
1151.00	6703.00
1152.00	6750.00
1153.00	6718.00
1154.00	6765.00
1155.00	6759.00
1156.00	6490.00
1157.00	6616.00
1158.00	6595.00
1159.00	6550.00
1160.00	6606.00
1161.00	6533.00
1162.00	6593.00
1163.00	6722.00
1164.00	6670.00
1165.00	6596.00
1166.00	6524.00
1167.00	6766.00
1168.00	6633.00
1169.00	6554.00
1170.00	6647.00
1171.00	6505.00
1172.00	6584.00
1173.00	6588.00
1174.00	6470.00
1175.00	6593.00
1176.00	6631.00
1177.00	6695.00
1178.00	6614.00
1179.00	6696.00
1180.00	6844.00
1181.00	6745.00
1182.00	6790.00
1183.00	6721.00
1184.00	6552.00
1185.00	6629.00
1186.00	6731.00
1187.00	6732.00
1188.00	6838.00
1189.00	6766.00
1190.00	6663.00
1191.00	6824.00
1192.00	6753.00
1193.00	6600.00
1194.00	6676.00
1195.00	6758.00
1196.00	6739.00
1197.00	6738.00
1198.00	6673.00
1199.00	6718.00
1200.00	6835.00
1201.00	6760.00
1202.00	6761.00
1203.00	6755.00
1204.00	6734.00
1205.00	6923.00
1206.00	6751.00
1207.00	6841.00
1208.00	6780.00
1209.00	6799.00
1210.00	6914.00
1211.00	6829.00
1212.00	7077.00
1213.00	6809.00
1214.00	6940.00
1215.00	6978.00
1216.00	7090.00
1217.00	7031.00
1218.00	6850.00
1219.00	6880.00
1220.00	7013.00
1221.00	7076.00
1222.00	6997.00
1223.00	7062.00
1224.00	7135.00
1225.00	7192.00
1226.00	7089.00
1227.00	7278.00
1228.00	7297.00
1229.00	7204.00
1230.00	7368.00
1231.00	7446.00
1232.00	7240.00
1233.00	7303.00
1234.00	7310.00
1235.00	7434.00
1236.00	7320.00
1237.00	7398.00
1238.00	7221.00
1239.00	7119.00
1240.00	7153.00
1241.00	7090.00
1242.00	7170.00
1243.00	6971.00
1244.00	6946.00
1245.00	7027.00
1246.00	6673.00
1247.00	6798.00
1248.00	6656.00
1249.00	6779.00
1250.00	6717.00
1251.00	6786.00
1252.00	6696.00
1253.00	6667.00
1254.00	6653.00
1255.00	6675.00
1256.00	6594.00
1257.00	6662.00
1258.00	6708.00
1259.00	6553.00
1260.00	6623.00
1261.00	6470.00
1262.00	6512.00
1263.00	6561.00
1264.00	6476.00
1265.00	6710.00
1266.00	6493.00
1267.00	6470.00
1268.00	6595.00
1269.00	6501.00
1270.00	6545.00
1271.00	6691.00
1272.00	6647.00
1273.00	6611.00
1274.00	6885.00
1275.00	6821.00
1276.00	6835.00
1277.00	6913.00
1278.00	6887.00
1279.00	6961.00
1280.00	6971.00
1281.00	7216.00
1282.00	7424.00
1283.00	7489.00
1284.00	7544.00
1285.00	7656.00
1286.00	7576.00
1287.00	7583.00
1288.00	7722.00
1289.00	7810.00
1290.00	7764.00
1291.00	7781.00
1292.00	7972.00
1293.00	7846.00
1294.00	7832.00
1295.00	7695.00
1296.00	7551.00
1297.00	7478.00
1298.00	7450.00
1299.00	7451.00
1300.00	7219.00
1301.00	7169.00
1302.00	7104.00
1303.00	7042.00
1304.00	6918.00
1305.00	7067.00
1306.00	6693.00
1307.00	6647.00
1308.00	6751.00
1309.00	6577.00
1310.00	6700.00
1311.00	6473.00
1312.00	6675.00
1313.00	6523.00
1314.00	6637.00
1315.00	6575.00
1316.00	6374.00
1317.00	6513.00
1318.00	6432.00
1319.00	6398.00
1320.00	6495.00
1321.00	6457.00
1322.00	6376.00
1323.00	6389.00
1324.00	6446.00
1325.00	6457.00
1326.00	6376.00
1327.00	6305.00
1328.00	6401.00
1329.00	6462.00
1330.00	6354.00
1331.00	6411.00
1332.00	6227.00
1333.00	6417.00
1334.00	6334.00
1335.00	6517.00
1336.00	6427.00
1337.00	6381.00
1338.00	6512.00
1339.00	6543.00
1340.00	6508.00
1341.00	6608.00
1342.00	6509.00
1343.00	6692.00
1344.00	6791.00
1345.00	6878.00
1346.00	7057.00
1347.00	7173.00
1348.00	7506.00
1349.00	7642.00
1350.00	7939.00
1351.00	8380.00
1352.00	8747.00
1353.00	8910.00
1354.00	9348.00
1355.00	9838.00
1356.00	10384.00
1357.00	10699.00
1358.00	11213.00
1359.00	11607.00
1360.00	11754.00
1361.00	12237.00
1362.00	12337.00
1363.00	12628.00
1364.00	12475.00
1365.00	12424.00
1366.00	12472.00
1367.00	12060.00
1368.00	11859.00
1369.00	11533.00
1370.00	11294.00
1371.00	10955.00
1372.00	10310.00
1373.00	9858.00
1374.00	9593.00
1375.00	9068.00
1376.00	8637.00
1377.00	8070.00
1378.00	7918.00
1379.00	7332.00
1380.00	7233.00
1381.00	6857.00
1382.00	6677.00
1383.00	6571.00
1384.00	6308.00
1385.00	6285.00
1386.00	6225.00
1387.00	6090.00
1388.00	5931.00
1389.00	5977.00
1390.00	5905.00
1391.00	5906.00
1392.00	5883.00
1393.00	5844.00
1394.00	5804.00
1395.00	5672.00
1396.00	5781.00
1397.00	5800.00
1398.00	5786.00
1399.00	5770.00
1400.00	5773.00
1401.00	5762.00
1402.00	5686.00
1403.00	5776.00
1404.00	5762.00
1405.00	5842.00
1406.00	5767.00
1407.00	5699.00
1408.00	5598.00
1409.00	5755.00
1410.00	5580.00
1411.00	5735.00
1412.00	5683.00
1413.00	5719.00
1414.00	5642.00
1415.00	5697.00
1416.00	5652.00
1417.00	5684.00
1418.00	5704.00
1419.00	5638.00
1420.00	5649.00
1421.00	5600.00
1422.00	5694.00
1423.00	5669.00
1424.00	5689.00
1425.00	5670.00
1426.00	5795.00
1427.00	5748.00
1428.00	5695.00
1429.00	5697.00
1430.00	5929.00
1431.00	5787.00
1432.00	5785.00
1433.00	5936.00
1434.00	5743.00
1435.00	5863.00
1436.00	6104.00
1437.00	6000.00
1438.00	6068.00
1439.00	5991.00
1440.00	5973.00
1441.00	6046.00
1442.00	5964.00
1443.00	6028.00
1444.00	5825.00
1445.00	5989.00
1446.00	5863.00
1447.00	5869.00
1448.00	5861.00
1449.00	5801.00
1450.00	5838.00
1451.00	5817.00
1452.00	5753.00
1453.00	5704.00
1454.00	5621.00
1455.00	5751.00
1456.00	5456.00
1457.00	5532.00
1458.00	5562.00
1459.00	5479.00
1460.00	5575.00
1461.00	5579.00
1462.00	5467.00
1463.00	5479.00
1464.00	5534.00
1465.00	5575.00
1466.00	5407.00
1467.00	5503.00
1468.00	5444.00
1469.00	5531.00
1470.00	5513.00
1471.00	5282.00
1472.00	5397.00
1473.00	5294.00
1474.00	5402.00
1475.00	5468.00
1476.00	5264.00
1477.00	5446.00
1478.00	5458.00
1479.00	5288.00
1480.00	5301.00
1481.00	5331.00
1482.00	5322.00
1483.00	5317.00
1484.00	5230.00
1485.00	5290.00
1486.00	5315.00
1487.00	5389.00
1488.00	5219.00
1489.00	5450.00
1490.00	5282.00
1491.00	5405.00
1492.00	5383.00
1493.00	5302.00
1494.00	5463.00
1495.00	5332.00
1496.00	5265.00
1497.00	5495.00
1498.00	5416.00
1499.00	5285.00
1500.00	5491.00
1501.00	5421.00
1502.00	5395.00
1503.00	5593.00
1504.00	5573.00
1505.00	5487.00
1506.00	5609.00
1507.00	5687.00
1508.00	5654.00
1509.00	5806.00
1510.00	5831.00
1511.00	5991.00
1512.00	5966.00
1513.00	6095.00
1514.00	6142.00
1515.00	6199.00
1516.00	6368.00
1517.00	6303.00
1518.00	6545.00
1519.00	6577.00
1520.00	6642.00
1521.00	6623.00
1522.00	6902.00
1523.00	6712.00
1524.00	6925.00
1525.00	6879.00
1526.00	6783.00
1527.00	6658.00
1528.00	6841.00
1529.00	6700.00
1530.00	6591.00
1531.00	6579.00
1532.00	6598.00
1533.00	6397.00
1534.00	6422.00
1535.00	6264.00
1536.00	6219.00
1537.00	6250.00
1538.00	6149.00
1539.00	6056.00
1540.00	5984.00
1541.00	5966.00
1542.00	5864.00
1543.00	5999.00
1544.00	5960.00
1545.00	5915.00
1546.00	5962.00
1547.00	5951.00
1548.00	5934.00
1549.00	6193.00
1550.00	5836.00
1551.00	6086.00
1552.00	6137.00
1553.00	6205.00
1554.00	6316.00
1555.00	6455.00
1556.00	6418.00
1557.00	6442.00
1558.00	6534.00
1559.00	6598.00
1560.00	6584.00
1561.00	6697.00
1562.00	6940.00
1563.00	6955.00
1564.00	7075.00
1565.00	7257.00
1566.00	7486.00
1567.00	7186.00
1568.00	7525.00
1569.00	7591.00
1570.00	7879.00
1571.00	7860.00
1572.00	7796.00
1573.00	7868.00
1574.00	8087.00
1575.00	8015.00
1576.00	8268.00
1577.00	8430.00
1578.00	8234.00
1579.00	8624.00
1580.00	8558.00
1581.00	8781.00
1582.00	8843.00
1583.00	8796.00
1584.00	8898.00
1585.00	8813.00
1586.00	8915.00
1587.00	8959.00
1588.00	8865.00
1589.00	8947.00
1590.00	8872.00
1591.00	8912.00
1592.00	8864.00
1593.00	8755.00
1594.00	8945.00
1595.00	8661.00
1596.00	8649.00
1597.00	8759.00
1598.00	8623.00
1599.00	8607.00
1600.00	8477.00
1601.00	8436.00
1602.00	8105.00
1603.00	8145.00
1604.00	8168.00
1605.00	7838.00
1606.00	7872.00
1607.00	7817.00
1608.00	7629.00
1609.00	7362.00
1610.00	7304.00
1611.00	7245.00
1612.00	7107.00
1613.00	6880.00
1614.00	6989.00
1615.00	6824.00
1616.00	6628.00
1617.00	6429.00
1618.00	6447.00
1619.00	6289.00
1620.00	6128.00
1621.00	6120.00
1622.00	6131.00
1623.00	5773.00
1624.00	5750.00
1625.00	5636.00
1626.00	5706.00
1627.00	5522.00
1628.00	5447.00
1629.00	5396.00
1630.00	5162.00
1631.00	5172.00
1632.00	5083.00
1633.00	4987.00
1634.00	5005.00
1635.00	4854.00
1636.00	4792.00
1637.00	4946.00
1638.00	4777.00
1639.00	4652.00
1640.00	4711.00
1641.00	4535.00
1642.00	4479.00
1643.00	4464.00
1644.00	4414.00
1645.00	4280.00
1646.00	4443.00
1647.00	4497.00
1648.00	4271.00
1649.00	4301.00
1650.00	4309.00
1651.00	4366.00
1652.00	4380.00
1653.00	4301.00
1654.00	4281.00
1655.00	4309.00
1656.00	4455.00
1657.00	4381.00
1658.00	4436.00
1659.00	4611.00
1660.00	4490.00
1661.00	4661.00
1662.00	4867.00
1663.00	4992.00
1664.00	5004.00
1665.00	5349.00
1666.00	5373.00
1667.00	5636.00
1668.00	5875.00
1669.00	6119.00
1670.00	6303.00
1671.00	6448.00
1672.00	6630.00
1673.00	6955.00
1674.00	7239.00
1675.00	7462.00
1676.00	7699.00
1677.00	8010.00
1678.00	8354.00
1679.00	8131.00
1680.00	8437.00
1681.00	8259.00
1682.00	8583.00
1683.00	8532.00
1684.00	8420.00
1685.00	8198.00
1686.00	8391.00
1687.00	8107.00
1688.00	7679.00
1689.00	7482.00
1690.00	7343.00
1691.00	6851.00
1692.00	6658.00
1693.00	6318.00
1694.00	6004.00
1695.00	5803.00
1696.00	5488.00
1697.00	5176.00
1698.00	5058.00
1699.00	4848.00
1700.00	4471.00
1701.00	4349.00
1702.00	4177.00
1703.00	4018.00
1704.00	4118.00
1705.00	3885.00
1706.00	3727.00
1707.00	3722.00
1708.00	3553.00
1709.00	3505.00
1710.00	3493.00
1711.00	3461.00
1712.00	3423.00
1713.00	3446.00
1714.00	3388.00
1715.00	3277.00
1716.00	3336.00
1717.00	3342.00
1718.00	3263.00
1719.00	3353.00
1720.00	3270.00
1721.00	3369.00
1722.00	3320.00
1723.00	3346.00
1724.00	3257.00
1725.00	3296.00
1726.00	3280.00
1727.00	3369.00
1728.00	3336.00
1729.00	3131.00
1730.00	3273.00
1731.00	3376.00
1732.00	3241.00
1733.00	3251.00
1734.00	3230.00
1735.00	3268.00
1736.00	3272.00
1737.00	3314.00
1738.00	3275.00
1739.00	3266.00
1740.00	3230.00
1741.00	3264.00
1742.00	3337.00
1743.00	3372.00
1744.00	3314.00
1745.00	3203.00
1746.00	3323.00
1747.00	3346.00
1748.00	3269.00
1749.00	3256.00
1750.00	3350.00
1751.00	3342.00
1752.00	3344.00
1753.00	3317.00
1754.00	3424.00
1755.00	3353.00
1756.00	3398.00
1757.00	3457.00
1758.00	3418.00
1759.00	3377.00
1760.00	3513.00
1761.00	3403.00
1762.00	3372.00
1763.00	3368.00
1764.00	3511.00
1765.00	3403.00
1766.00	3464.00
1767.00	3336.00
1768.00	3408.00
1769.00	3404.00
1770.00	3490.00
1771.00	3444.00
1772.00	3424.00
1773.00	3377.00
1774.00	3505.00
1775.00	3339.00
1776.00	3319.00
1777.00	3449.00
1778.00	3343.00
1779.00	3433.00
1780.00	3378.00
1781.00	3276.00
1782.00	3252.00
1783.00	3228.00
1784.00	3324.00
1785.00	3250.00
1786.00	3220.00
1787.00	3245.00
1788.00	3114.00
1789.00	3068.00
1790.00	3140.00
1791.00	3101.00
1792.00	3050.00
1793.00	3020.00
1794.00	3045.00
1795.00	2981.00
1796.00	2944.00
1797.00	2877.00
1798.00	2927.00
1799.00	2782.00
1800.00	2815.00
1801.00	2737.00
1802.00	2814.00
1803.00	2763.00
1804.00	2750.00
1805.00	2733.00
1806.00	2650.00
1807.00	2648.00
1808.00	2660.00
1809.00	2643.00
1810.00	2639.00
1811.00	2612.00
1812.00	2477.00
1813.00	2435.00
1814.00	2360.00
1815.00	2421.00
1816.00	2522.00
1817.00	2344.00
1818.00	2384.00
1819.00	2432.00
1820.00	2318.00
1821.00	2218.00
1822.00	2159.00
1823.00	2352.00
1824.00	2249.00
1825.00	2148.00
1826.00	2216.00
1827.00	2265.00
1828.00	2111.00
1829.00	2222.00
1830.00	2041.00
1831.00	2085.00
1832.00	2121.00
1833.00	2086.00
1834.00	2064.00
1835.00	2110.00
1836.00	2092.00
1837.00	2035.00
1838.00	2026.00
1839.00	1944.00
1840.00	1870.00
1841.00	1946.00
1842.00	1985.00
1843.00	1957.00
1844.00	1839.00
1845.00	1928.00
1846.00	1832.00
1847.00	1885.00
1848.00	1869.00
1849.00	1911.00
1850.00	1851.00
1851.00	1848.00
1852.00	1774.00
1853.00	1929.00
1854.00	1792.00
1855.00	1789.00
1856.00	1874.00
1857.00	1852.00
1858.00	1819.00
1859.00	1774.00
1860.00	1705.00
1861.00	1719.00
1862.00	1702.00
1863.00	1721.00
1864.00	1737.00
1865.00	1739.00
1866.00	1673.00
1867.00	1646.00
1868.00	1796.00
1869.00	1766.00
1870.00	1752.00
1871.00	1739.00
1872.00	1702.00
1873.00	1778.00
1874.00	1803.00
1875.00	1848.00
1876.00	1780.00
1877.00	1895.00
1878.00	1900.00
1879.00	1920.00
1880.00	1991.00
1881.00	1982.00
1882.00	1946.00
1883.00	1982.00
1884.00	2148.00
1885.00	2125.00
1886.00	2087.00
1887.00	2114.00
1888.00	2037.00
1889.00	2142.00
1890.00	2184.00
1891.00	2066.00
1892.00	2170.00
1893.00	2055.00
1894.00	2066.00
1895.00	2044.00
1896.00	2130.00
1897.00	1962.00
1898.00	1938.00
1899.00	1872.00
1900.00	1849.00
1901.00	1773.00
1902.00	1773.00
1903.00	1645.00
1904.00	1682.00
1905.00	1588.00
1906.00	1620.00
1907.00	1573.00
1908.00	1495.00
1909.00	1472.00
1910.00	1502.00
1911.00	1520.00
1912.00	1433.00
1913.00	1415.00
1914.00	1466.00
1915.00	1480.00
1916.00	1430.00
1917.00	1420.00
1918.00	1504.00
1919.00	1415.00
1920.00	1384.00
1921.00	1462.00
1922.00	1404.00
1923.00	1440.00
1924.00	1405.00
1925.00	1355.00
1926.00	1342.00
1927.00	1336.00
1928.00	1377.00
1929.00	1358.00
1930.00	1304.00
1931.00	1280.00
1932.00	1308.00
1933.00	1290.00
1934.00	1240.00
1935.00	1226.00
1936.00	1243.00
1937.00	1185.00
1938.00	1189.00
1939.00	1249.00
1940.00	1194.00
1941.00	1204.00
1942.00	1163.00
1943.00	1154.00
1944.00	1136.00
1945.00	1198.00
1946.00	1141.00
1947.00	1060.00
1948.00	1124.00
1949.00	1081.00
1950.00	1059.00
1951.00	1066.00
1952.00	1096.00
1953.00	1108.00
1954.00	1137.00
1955.00	1061.00
1956.00	1057.00
1957.00	1079.00
1958.00	1020.00
1959.00	1095.00
1960.00	1040.00
1961.00	1018.00
1962.00	1049.00
1963.00	1053.00
1964.00	1055.00
1965.00	1038.00
1966.00	1000.00
1967.00	1028.00
1968.00	1026.00
1969.00	1018.00
1970.00	1024.00
1971.00	1018.00
1972.00	1012.00
1973.00	1035.00
1974.00	979.00
1975.00	921.00
1976.00	1004.00
1977.00	1006.00
1978.00	925.00
1979.00	996.00
1980.00	988.00
1981.00	980.00
1982.00	938.00
1983.00	983.00
1984.00	966.00
1985.00	942.00
1986.00	976.00
1987.00	930.00
1988.00	946.00
1989.00	957.00
1990.00	923.00
1991.00	900.00
1992.00	866.00
1993.00	886.00
1994.00	916.00
1995.00	912.00
1996.00	946.00
1997.00	873.00
1998.00	909.00
1999.00	912.00
2000.00	836.00
2001.00	804.00
2002.00	826.00
2003.00	863.00
2004.00	848.00
2005.00	866.00
2006.00	876.00
2007.00	859.00
2008.00	810.00
2009.00	863.00
2010.00	820.00
2011.00	776.00
2012.00	850.00
2013.00	786.00
2014.00	737.00
2015.00	829.00
2016.00	785.00
2017.00	739.00
2018.00	829.00
2019.00	722.00
2020.00	785.00
2021.00	741.00
2022.00	780.00
2023.00	750.00
2024.00	737.00
2025.00	755.00
2026.00	741.00
2027.00	691.00
2028.00	782.00
2029.00	716.00
2030.00	749.00
2031.00	707.00
2032.00	751.00
2033.00	697.00
2034.00	698.00
2035.00	720.00
2036.00	707.00
2037.00	722.00
2038.00	660.00
2039.00	698.00
2040.00	720.00
2041.00	705.00
2042.00	708.00
2043.00	693.00
2044.00	682.00
2045.00	680.00
2046.00	672.00
2047.00	654.00
2048.00	 0.00
