Date:	2023-09-18		
Time:	22:00		
Sample name:	Pellets		
Position:	1620.600011	mm	
Sample surface:	5.860510	cm	
Tube anode:	Mo		
Tube voltage:	30	kV	
Tube current:	50	mA	
Comments	not in position		
Gain	5.810000		
peaking_time	0.300000	m-sec	
trigger_threshold	30.000000	V	
mca_bin_width	2.000000	no:	
number_mca_channels	2048.000000	no:	
gap_time	0.100000	m-sec	
trigger_peaking_time	0.050000	m-sec	
livetime	17.226522	seconds	
runtime	20.000222	seconds	
input_count_rate	118932.016114	cps	
output_count_rate	102438.112937	cps	
triggers	2293300.000000	seconds	
events_in_run	2039266.000000	seconds	
channel	content		
 1.00	 0.00
 2.00	 0.00
 3.00	 0.00
 4.00	 0.00
 5.00	 0.00
 6.00	 0.00
 7.00	 0.00
 8.00	 0.00
 9.00	 0.00
10.00	 0.00
11.00	 0.00
12.00	 0.00
13.00	 0.00
14.00	 0.00
15.00	 0.00
16.00	 0.00
17.00	 0.00
18.00	 0.00
19.00	 0.00
20.00	 0.00
21.00	 0.00
22.00	 0.00
23.00	 0.00
24.00	 0.00
25.00	 0.00
26.00	 0.00
27.00	 0.00
28.00	 0.00
29.00	 0.00
30.00	 0.00
31.00	 1.00
32.00	 0.00
33.00	 3.00
34.00	 2.00
35.00	 4.00
36.00	 9.00
37.00	14.00
38.00	19.00
39.00	31.00
40.00	40.00
41.00	48.00
42.00	63.00
43.00	78.00
44.00	110.00
45.00	93.00
46.00	138.00
47.00	144.00
48.00	176.00
49.00	227.00
50.00	249.00
51.00	221.00
52.00	223.00
53.00	261.00
54.00	264.00
55.00	293.00
56.00	303.00
57.00	287.00
58.00	288.00
59.00	319.00
60.00	353.00
61.00	338.00
62.00	350.00
63.00	342.00
64.00	353.00
65.00	343.00
66.00	361.00
67.00	341.00
68.00	337.00
69.00	373.00
70.00	362.00
71.00	347.00
72.00	382.00
73.00	332.00
74.00	385.00
75.00	339.00
76.00	360.00
77.00	355.00
78.00	358.00
79.00	311.00
80.00	351.00
81.00	392.00
82.00	307.00
83.00	342.00
84.00	342.00
85.00	381.00
86.00	337.00
87.00	357.00
88.00	339.00
89.00	334.00
90.00	319.00
91.00	292.00
92.00	300.00
93.00	344.00
94.00	325.00
95.00	295.00
96.00	288.00
97.00	285.00
98.00	287.00
99.00	298.00
100.00	304.00
101.00	298.00
102.00	273.00
103.00	272.00
104.00	270.00
105.00	286.00
106.00	283.00
107.00	257.00
108.00	268.00
109.00	260.00
110.00	223.00
111.00	248.00
112.00	250.00
113.00	258.00
114.00	247.00
115.00	222.00
116.00	234.00
117.00	293.00
118.00	271.00
119.00	272.00
120.00	250.00
121.00	270.00
122.00	242.00
123.00	249.00
124.00	232.00
125.00	208.00
126.00	222.00
127.00	187.00
128.00	225.00
129.00	209.00
130.00	212.00
131.00	212.00
132.00	193.00
133.00	201.00
134.00	196.00
135.00	242.00
136.00	224.00
137.00	314.00
138.00	355.00
139.00	455.00
140.00	592.00
141.00	755.00
142.00	898.00
143.00	997.00
144.00	1150.00
145.00	1102.00
146.00	1103.00
147.00	957.00
148.00	874.00
149.00	804.00
150.00	632.00
151.00	569.00
152.00	554.00
153.00	530.00
154.00	465.00
155.00	417.00
156.00	434.00
157.00	385.00
158.00	443.00
159.00	598.00
160.00	914.00
161.00	1546.00
162.00	2502.00
163.00	4122.00
164.00	6073.00
165.00	8742.00
166.00	11225.00
167.00	13619.00
168.00	15383.00
169.00	15948.00
170.00	15634.00
171.00	13739.00
172.00	11579.00
173.00	9106.00
174.00	6777.00
175.00	4746.00
176.00	3195.00
177.00	2304.00
178.00	1607.00
179.00	1345.00
180.00	1016.00
181.00	840.00
182.00	669.00
183.00	588.00
184.00	506.00
185.00	406.00
186.00	430.00
187.00	368.00
188.00	367.00
189.00	396.00
190.00	370.00
191.00	383.00
192.00	326.00
193.00	316.00
194.00	329.00
195.00	264.00
196.00	264.00
197.00	279.00
198.00	237.00
199.00	236.00
200.00	220.00
201.00	197.00
202.00	199.00
203.00	160.00
204.00	184.00
205.00	160.00
206.00	168.00
207.00	181.00
208.00	177.00
209.00	156.00
210.00	173.00
211.00	159.00
212.00	152.00
213.00	176.00
214.00	186.00
215.00	186.00
216.00	214.00
217.00	201.00
218.00	206.00
219.00	220.00
220.00	218.00
221.00	248.00
222.00	255.00
223.00	249.00
224.00	310.00
225.00	229.00
226.00	241.00
227.00	237.00
228.00	219.00
229.00	211.00
230.00	206.00
231.00	196.00
232.00	171.00
233.00	173.00
234.00	160.00
235.00	200.00
236.00	159.00
237.00	166.00
238.00	169.00
239.00	171.00
240.00	177.00
241.00	159.00
242.00	174.00
243.00	187.00
244.00	158.00
245.00	160.00
246.00	169.00
247.00	153.00
248.00	150.00
249.00	187.00
250.00	186.00
251.00	162.00
252.00	161.00
253.00	171.00
254.00	190.00
255.00	181.00
256.00	174.00
257.00	190.00
258.00	195.00
259.00	203.00
260.00	185.00
261.00	205.00
262.00	208.00
263.00	239.00
264.00	221.00
265.00	296.00
266.00	291.00
267.00	267.00
268.00	326.00
269.00	271.00
270.00	317.00
271.00	255.00
272.00	258.00
273.00	227.00
274.00	250.00
275.00	239.00
276.00	249.00
277.00	314.00
278.00	401.00
279.00	525.00
280.00	670.00
281.00	866.00
282.00	1189.00
283.00	1399.00
284.00	1680.00
285.00	1908.00
286.00	2098.00
287.00	1993.00
288.00	1944.00
289.00	1765.00
290.00	1601.00
291.00	1248.00
292.00	1064.00
293.00	815.00
294.00	633.00
295.00	471.00
296.00	334.00
297.00	262.00
298.00	237.00
299.00	224.00
300.00	214.00
301.00	239.00
302.00	264.00
303.00	316.00
304.00	286.00
305.00	358.00
306.00	387.00
307.00	516.00
308.00	661.00
309.00	900.00
310.00	1162.00
311.00	1673.00
312.00	2437.00
313.00	3518.00
314.00	5045.00
315.00	6997.00
316.00	9007.00
317.00	11491.00
318.00	13729.00
319.00	15655.00
320.00	16975.00
321.00	17752.00
322.00	17060.00
323.00	16184.00
324.00	14262.00
325.00	11956.00
326.00	9672.00
327.00	7171.00
328.00	5399.00
329.00	3768.00
330.00	2588.00
331.00	1689.00
332.00	1109.00
333.00	744.00
334.00	526.00
335.00	441.00
336.00	420.00
337.00	451.00
338.00	537.00
339.00	676.00
340.00	840.00
341.00	1113.00
342.00	1393.00
343.00	1748.00
344.00	2080.00
345.00	2645.00
346.00	3158.00
347.00	3581.00
348.00	4362.00
349.00	5231.00
350.00	6257.00
351.00	7575.00
352.00	8912.00
353.00	10402.00
354.00	12282.00
355.00	13585.00
356.00	14670.00
357.00	15036.00
358.00	15178.00
359.00	14169.00
360.00	12886.00
361.00	11065.00
362.00	9286.00
363.00	7179.00
364.00	5528.00
365.00	3848.00
366.00	2760.00
367.00	1830.00
368.00	1270.00
369.00	822.00
370.00	517.00
371.00	487.00
372.00	345.00
373.00	323.00
374.00	301.00
375.00	317.00
376.00	376.00
377.00	379.00
378.00	450.00
379.00	531.00
380.00	758.00
381.00	914.00
382.00	1115.00
383.00	1378.00
384.00	1575.00
385.00	1918.00
386.00	2117.00
387.00	2296.00
388.00	2435.00
389.00	2389.00
390.00	2292.00
391.00	2143.00
392.00	1988.00
393.00	1731.00
394.00	1464.00
395.00	1188.00
396.00	934.00
397.00	785.00
398.00	668.00
399.00	577.00
400.00	479.00
401.00	406.00
402.00	380.00
403.00	353.00
404.00	351.00
405.00	327.00
406.00	329.00
407.00	309.00
408.00	339.00
409.00	296.00
410.00	309.00
411.00	287.00
412.00	308.00
413.00	344.00
414.00	311.00
415.00	397.00
416.00	395.00
417.00	353.00
418.00	418.00
419.00	481.00
420.00	501.00
421.00	643.00
422.00	815.00
423.00	1008.00
424.00	1321.00
425.00	1909.00
426.00	2621.00
427.00	3627.00
428.00	4731.00
429.00	6440.00
430.00	8195.00
431.00	10394.00
432.00	12093.00
433.00	14132.00
434.00	15601.00
435.00	16645.00
436.00	17137.00
437.00	16911.00
438.00	16121.00
439.00	14673.00
440.00	13173.00
441.00	11036.00
442.00	9128.00
443.00	7808.00
444.00	6185.00
445.00	4910.00
446.00	4096.00
447.00	3545.00
448.00	3247.00
449.00	3062.00
450.00	2756.00
451.00	2618.00
452.00	2407.00
453.00	2200.00
454.00	2026.00
455.00	1841.00
456.00	1632.00
457.00	1407.00
458.00	1299.00
459.00	1177.00
460.00	1128.00
461.00	1203.00
462.00	1336.00
463.00	1398.00
464.00	1473.00
465.00	1741.00
466.00	1847.00
467.00	2096.00
468.00	2194.00
469.00	2533.00
470.00	2822.00
471.00	3048.00
472.00	3392.00
473.00	3692.00
474.00	3949.00
475.00	4201.00
476.00	4428.00
477.00	4307.00
478.00	4398.00
479.00	4211.00
480.00	3968.00
481.00	3621.00
482.00	3171.00
483.00	2750.00
484.00	2282.00
485.00	1909.00
486.00	1690.00
487.00	1381.00
488.00	1273.00
489.00	1058.00
490.00	979.00
491.00	872.00
492.00	887.00
493.00	868.00
494.00	854.00
495.00	948.00
496.00	967.00
497.00	1022.00
498.00	1027.00
499.00	1095.00
500.00	1150.00
501.00	1179.00
502.00	1159.00
503.00	1211.00
504.00	1279.00
505.00	1241.00
506.00	1406.00
507.00	1399.00
508.00	1442.00
509.00	1492.00
510.00	1493.00
511.00	1565.00
512.00	1594.00
513.00	1693.00
514.00	1709.00
515.00	1892.00
516.00	1954.00
517.00	2112.00
518.00	2185.00
519.00	2310.00
520.00	2290.00
521.00	2544.00
522.00	2526.00
523.00	2593.00
524.00	2594.00
525.00	2576.00
526.00	2582.00
527.00	2351.00
528.00	2311.00
529.00	2119.00
530.00	2114.00
531.00	1898.00
532.00	1878.00
533.00	1869.00
534.00	1804.00
535.00	1780.00
536.00	1799.00
537.00	1841.00
538.00	1781.00
539.00	1864.00
540.00	1802.00
541.00	1915.00
542.00	1899.00
543.00	2005.00
544.00	1855.00
545.00	1906.00
546.00	1916.00
547.00	1957.00
548.00	1923.00
549.00	1929.00
550.00	2064.00
551.00	1978.00
552.00	2137.00
553.00	2224.00
554.00	2390.00
555.00	2657.00
556.00	3100.00
557.00	3541.00
558.00	4558.00
559.00	5807.00
560.00	7207.00
561.00	9078.00
562.00	11394.00
563.00	13817.00
564.00	16644.00
565.00	19378.00
566.00	22067.00
567.00	24368.00
568.00	26375.00
569.00	27411.00
570.00	27269.00
571.00	27079.00
572.00	25647.00
573.00	23399.00
574.00	20893.00
575.00	18100.00
576.00	15175.00
577.00	12773.00
578.00	10398.00
579.00	8077.00
580.00	6413.00
581.00	5070.00
582.00	3967.00
583.00	3281.00
584.00	2860.00
585.00	2539.00
586.00	2454.00
587.00	2340.00
588.00	2342.00
589.00	2341.00
590.00	2462.00
591.00	2658.00
592.00	2670.00
593.00	2841.00
594.00	3090.00
595.00	3254.00
596.00	3534.00
597.00	4013.00
598.00	4712.00
599.00	5823.00
600.00	7439.00
601.00	9859.00
602.00	13512.00
603.00	19028.00
604.00	27334.00
605.00	39052.00
606.00	55023.00
607.00	75830.00
608.00	103543.00
609.00	138559.00
610.00	178167.00
611.00	225398.00
612.00	277747.00
613.00	329247.00
614.00	382607.00
615.00	428435.00
616.00	467757.00
617.00	495420.00
618.00	508178.00
619.00	506745.00
620.00	489797.00
621.00	459779.00
622.00	418598.00
623.00	368958.00
624.00	317348.00
625.00	263982.00
626.00	213997.00
627.00	167419.00
628.00	128743.00
629.00	96684.00
630.00	69801.00
631.00	50920.00
632.00	35353.00
633.00	25009.00
634.00	17537.00
635.00	12458.00
636.00	9151.00
637.00	6827.00
638.00	5545.00
639.00	4500.00
640.00	4130.00
641.00	3808.00
642.00	3592.00
643.00	3482.00
644.00	3461.00
645.00	3479.00
646.00	3497.00
647.00	3430.00
648.00	3429.00
649.00	3599.00
650.00	3613.00
651.00	3636.00
652.00	3764.00
653.00	3810.00
654.00	3897.00
655.00	3996.00
656.00	3898.00
657.00	4284.00
658.00	4446.00
659.00	4672.00
660.00	4789.00
661.00	5207.00
662.00	5448.00
663.00	5971.00
664.00	6603.00
665.00	7557.00
666.00	8646.00
667.00	10110.00
668.00	12372.00
669.00	14975.00
670.00	18563.00
671.00	22996.00
672.00	28187.00
673.00	34205.00
674.00	40821.00
675.00	48163.00
676.00	55808.00
677.00	63337.00
678.00	69993.00
679.00	74820.00
680.00	78651.00
681.00	81209.00
682.00	80804.00
683.00	78600.00
684.00	74782.00
685.00	68640.00
686.00	61955.00
687.00	54196.00
688.00	46448.00
689.00	38983.00
690.00	32080.00
691.00	25574.00
692.00	20131.00
693.00	15659.00
694.00	12171.00
695.00	9131.00
696.00	7326.00
697.00	5825.00
698.00	4852.00
699.00	4228.00
700.00	3853.00
701.00	3446.00
702.00	3254.00
703.00	3182.00
704.00	3130.00
705.00	3170.00
706.00	3141.00
707.00	3378.00
708.00	3461.00
709.00	3483.00
710.00	3724.00
711.00	3727.00
712.00	3995.00
713.00	3978.00
714.00	4255.00
715.00	4525.00
716.00	4669.00
717.00	4943.00
718.00	4952.00
719.00	5293.00
720.00	5178.00
721.00	5372.00
722.00	5442.00
723.00	5257.00
724.00	5231.00
725.00	5148.00
726.00	4830.00
727.00	4634.00
728.00	4411.00
729.00	4244.00
730.00	4141.00
731.00	3866.00
732.00	3761.00
733.00	3398.00
734.00	3451.00
735.00	3331.00
736.00	3392.00
737.00	3317.00
738.00	3330.00
739.00	3178.00
740.00	3144.00
741.00	3162.00
742.00	3186.00
743.00	3115.00
744.00	3053.00
745.00	3115.00
746.00	3159.00
747.00	3063.00
748.00	3042.00
749.00	3033.00
750.00	3075.00
751.00	3058.00
752.00	3009.00
753.00	3093.00
754.00	3047.00
755.00	3152.00
756.00	3215.00
757.00	3255.00
758.00	3235.00
759.00	3223.00
760.00	3318.00
761.00	3416.00
762.00	3497.00
763.00	3525.00
764.00	3542.00
765.00	3692.00
766.00	3809.00
767.00	4071.00
768.00	3983.00
769.00	4266.00
770.00	4545.00
771.00	4577.00
772.00	4891.00
773.00	5050.00
774.00	5037.00
775.00	5165.00
776.00	5280.00
777.00	5263.00
778.00	5238.00
779.00	5309.00
780.00	5380.00
781.00	5187.00
782.00	5433.00
783.00	5342.00
784.00	5314.00
785.00	5259.00
786.00	5191.00
787.00	5130.00
788.00	5020.00
789.00	5202.00
790.00	5098.00
791.00	5155.00
792.00	5177.00
793.00	5343.00
794.00	5283.00
795.00	5237.00
796.00	5397.00
797.00	5372.00
798.00	5551.00
799.00	5419.00
800.00	5554.00
801.00	5393.00
802.00	5722.00
803.00	5682.00
804.00	5587.00
805.00	5511.00
806.00	5545.00
807.00	5615.00
808.00	5552.00
809.00	5557.00
810.00	5540.00
811.00	5512.00
812.00	5515.00
813.00	5731.00
814.00	5604.00
815.00	5499.00
816.00	5545.00
817.00	5661.00
818.00	5795.00
819.00	5927.00
820.00	5833.00
821.00	5982.00
822.00	6154.00
823.00	6396.00
824.00	6783.00
825.00	7129.00
826.00	7462.00
827.00	8013.00
828.00	8520.00
829.00	8807.00
830.00	9185.00
831.00	9459.00
832.00	9400.00
833.00	9616.00
834.00	9481.00
835.00	9403.00
836.00	9334.00
837.00	9015.00
838.00	8474.00
839.00	8228.00
840.00	7832.00
841.00	7270.00
842.00	7034.00
843.00	6537.00
844.00	6477.00
845.00	6146.00
846.00	6047.00
847.00	5505.00
848.00	5463.00
849.00	5505.00
850.00	5457.00
851.00	5311.00
852.00	5368.00
853.00	5246.00
854.00	5325.00
855.00	5292.00
856.00	5440.00
857.00	5447.00
858.00	5440.00
859.00	5402.00
860.00	5391.00
861.00	5501.00
862.00	5517.00
863.00	5552.00
864.00	5382.00
865.00	5520.00
866.00	5708.00
867.00	5454.00
868.00	5581.00
869.00	5578.00
870.00	5609.00
871.00	5627.00
872.00	5587.00
873.00	5711.00
874.00	5662.00
875.00	5834.00
876.00	5726.00
877.00	5774.00
878.00	5834.00
879.00	5811.00
880.00	5936.00
881.00	6121.00
882.00	6178.00
883.00	6277.00
884.00	6212.00
885.00	6217.00
886.00	6449.00
887.00	6339.00
888.00	6369.00
889.00	6419.00
890.00	6587.00
891.00	6503.00
892.00	6664.00
893.00	6773.00
894.00	6706.00
895.00	6695.00
896.00	6691.00
897.00	6743.00
898.00	6694.00
899.00	6543.00
900.00	6654.00
901.00	6780.00
902.00	6631.00
903.00	6676.00
904.00	6743.00
905.00	6803.00
906.00	6607.00
907.00	6732.00
908.00	6687.00
909.00	6826.00
910.00	6937.00
911.00	6807.00
912.00	6894.00
913.00	6923.00
914.00	6952.00
915.00	6954.00
916.00	7236.00
917.00	7136.00
918.00	7266.00
919.00	7383.00
920.00	7346.00
921.00	7544.00
922.00	7458.00
923.00	7555.00
924.00	7583.00
925.00	7671.00
926.00	7587.00
927.00	7606.00
928.00	7507.00
929.00	7566.00
930.00	7399.00
931.00	7437.00
932.00	7375.00
933.00	7376.00
934.00	7292.00
935.00	7241.00
936.00	7318.00
937.00	7232.00
938.00	7160.00
939.00	7170.00
940.00	7038.00
941.00	6995.00
942.00	7056.00
943.00	6928.00
944.00	7024.00
945.00	7078.00
946.00	6826.00
947.00	6848.00
948.00	6760.00
949.00	6799.00
950.00	6863.00
951.00	6603.00
952.00	6796.00
953.00	6804.00
954.00	6796.00
955.00	6870.00
956.00	6748.00
957.00	6733.00
958.00	6736.00
959.00	6785.00
960.00	6728.00
961.00	6904.00
962.00	6825.00
963.00	6783.00
964.00	6667.00
965.00	6814.00
966.00	6826.00
967.00	6818.00
968.00	6815.00
969.00	6719.00
970.00	6727.00
971.00	6714.00
972.00	6932.00
973.00	6844.00
974.00	6815.00
975.00	6829.00
976.00	6891.00
977.00	7014.00
978.00	6955.00
979.00	6775.00
980.00	6896.00
981.00	6829.00
982.00	7050.00
983.00	6906.00
984.00	7066.00
985.00	6937.00
986.00	6996.00
987.00	7027.00
988.00	7049.00
989.00	6889.00
990.00	6854.00
991.00	6968.00
992.00	7133.00
993.00	7164.00
994.00	7028.00
995.00	7161.00
996.00	6993.00
997.00	7073.00
998.00	7056.00
999.00	6984.00
1000.00	7155.00
1001.00	7041.00
1002.00	7005.00
1003.00	7173.00
1004.00	7163.00
1005.00	7120.00
1006.00	7391.00
1007.00	7250.00
1008.00	7307.00
1009.00	7472.00
1010.00	7531.00
1011.00	7531.00
1012.00	7565.00
1013.00	7685.00
1014.00	7716.00
1015.00	7798.00
1016.00	7753.00
1017.00	7843.00
1018.00	7808.00
1019.00	7702.00
1020.00	7774.00
1021.00	7747.00
1022.00	7615.00
1023.00	7463.00
1024.00	7592.00
1025.00	7411.00
1026.00	7346.00
1027.00	7424.00
1028.00	7073.00
1029.00	6999.00
1030.00	7221.00
1031.00	7010.00
1032.00	7150.00
1033.00	6902.00
1034.00	7090.00
1035.00	6981.00
1036.00	7036.00
1037.00	6990.00
1038.00	6986.00
1039.00	7032.00
1040.00	7201.00
1041.00	7092.00
1042.00	7020.00
1043.00	6989.00
1044.00	7128.00
1045.00	7224.00
1046.00	7096.00
1047.00	7276.00
1048.00	7272.00
1049.00	7173.00
1050.00	7182.00
1051.00	7284.00
1052.00	7383.00
1053.00	7214.00
1054.00	7351.00
1055.00	7325.00
1056.00	7205.00
1057.00	7240.00
1058.00	7313.00
1059.00	7320.00
1060.00	7233.00
1061.00	7532.00
1062.00	7300.00
1063.00	7391.00
1064.00	7392.00
1065.00	7260.00
1066.00	7459.00
1067.00	7330.00
1068.00	7388.00
1069.00	7350.00
1070.00	7380.00
1071.00	7276.00
1072.00	7300.00
1073.00	7445.00
1074.00	7464.00
1075.00	7278.00
1076.00	7476.00
1077.00	7507.00
1078.00	7393.00
1079.00	7438.00
1080.00	7638.00
1081.00	7639.00
1082.00	7622.00
1083.00	7513.00
1084.00	7506.00
1085.00	7469.00
1086.00	7527.00
1087.00	7689.00
1088.00	7724.00
1089.00	7567.00
1090.00	7660.00
1091.00	7697.00
1092.00	7614.00
1093.00	7491.00
1094.00	7613.00
1095.00	7570.00
1096.00	7610.00
1097.00	7646.00
1098.00	7718.00
1099.00	7722.00
1100.00	7482.00
1101.00	7743.00
1102.00	7688.00
1103.00	7507.00
1104.00	7652.00
1105.00	7710.00
1106.00	7577.00
1107.00	7729.00
1108.00	7613.00
1109.00	7707.00
1110.00	7763.00
1111.00	7622.00
1112.00	7590.00
1113.00	7604.00
1114.00	7689.00
1115.00	7574.00
1116.00	7662.00
1117.00	7632.00
1118.00	7669.00
1119.00	7575.00
1120.00	7693.00
1121.00	7760.00
1122.00	7655.00
1123.00	7655.00
1124.00	7785.00
1125.00	7583.00
1126.00	7787.00
1127.00	7690.00
1128.00	7367.00
1129.00	7743.00
1130.00	7708.00
1131.00	7668.00
1132.00	7617.00
1133.00	7562.00
1134.00	7648.00
1135.00	7687.00
1136.00	7664.00
1137.00	7557.00
1138.00	7535.00
1139.00	7688.00
1140.00	7628.00
1141.00	7589.00
1142.00	7622.00
1143.00	7816.00
1144.00	7745.00
1145.00	7715.00
1146.00	7650.00
1147.00	7640.00
1148.00	7754.00
1149.00	7771.00
1150.00	7623.00
1151.00	7593.00
1152.00	7654.00
1153.00	7794.00
1154.00	7609.00
1155.00	7474.00
1156.00	7534.00
1157.00	7437.00
1158.00	7458.00
1159.00	7471.00
1160.00	7461.00
1161.00	7456.00
1162.00	7483.00
1163.00	7470.00
1164.00	7329.00
1165.00	7379.00
1166.00	7551.00
1167.00	7412.00
1168.00	7250.00
1169.00	7468.00
1170.00	7509.00
1171.00	7526.00
1172.00	7478.00
1173.00	7338.00
1174.00	7660.00
1175.00	7546.00
1176.00	7316.00
1177.00	7690.00
1178.00	7457.00
1179.00	7456.00
1180.00	7660.00
1181.00	7454.00
1182.00	7673.00
1183.00	7730.00
1184.00	7554.00
1185.00	7617.00
1186.00	7565.00
1187.00	7445.00
1188.00	7525.00
1189.00	7601.00
1190.00	7616.00
1191.00	7650.00
1192.00	7559.00
1193.00	7573.00
1194.00	7549.00
1195.00	7395.00
1196.00	7560.00
1197.00	7688.00
1198.00	7581.00
1199.00	7655.00
1200.00	7549.00
1201.00	7650.00
1202.00	7775.00
1203.00	7646.00
1204.00	7758.00
1205.00	7787.00
1206.00	7731.00
1207.00	7600.00
1208.00	7955.00
1209.00	7746.00
1210.00	7684.00
1211.00	7901.00
1212.00	7900.00
1213.00	8106.00
1214.00	8096.00
1215.00	7983.00
1216.00	8172.00
1217.00	8182.00
1218.00	8206.00
1219.00	8194.00
1220.00	8203.00
1221.00	8278.00
1222.00	8317.00
1223.00	8559.00
1224.00	8535.00
1225.00	8489.00
1226.00	8570.00
1227.00	8519.00
1228.00	8493.00
1229.00	8594.00
1230.00	8680.00
1231.00	8501.00
1232.00	8703.00
1233.00	8654.00
1234.00	8748.00
1235.00	8801.00
1236.00	8680.00
1237.00	8590.00
1238.00	8710.00
1239.00	8554.00
1240.00	8466.00
1241.00	8328.00
1242.00	8294.00
1243.00	8434.00
1244.00	8206.00
1245.00	8008.00
1246.00	7724.00
1247.00	7971.00
1248.00	7824.00
1249.00	7778.00
1250.00	7917.00
1251.00	7900.00
1252.00	7783.00
1253.00	7758.00
1254.00	7593.00
1255.00	7615.00
1256.00	7955.00
1257.00	7705.00
1258.00	7617.00
1259.00	7636.00
1260.00	7676.00
1261.00	7563.00
1262.00	7651.00
1263.00	7673.00
1264.00	7672.00
1265.00	7532.00
1266.00	7694.00
1267.00	7726.00
1268.00	7803.00
1269.00	7702.00
1270.00	7686.00
1271.00	7864.00
1272.00	7890.00
1273.00	7948.00
1274.00	7928.00
1275.00	8075.00
1276.00	8200.00
1277.00	8269.00
1278.00	8371.00
1279.00	8214.00
1280.00	8590.00
1281.00	8678.00
1282.00	8800.00
1283.00	8860.00
1284.00	8749.00
1285.00	8996.00
1286.00	9073.00
1287.00	9349.00
1288.00	9165.00
1289.00	9500.00
1290.00	9543.00
1291.00	9464.00
1292.00	9384.00
1293.00	9235.00
1294.00	9177.00
1295.00	9235.00
1296.00	9027.00
1297.00	9021.00
1298.00	8812.00
1299.00	8596.00
1300.00	8540.00
1301.00	8546.00
1302.00	8537.00
1303.00	8191.00
1304.00	8024.00
1305.00	8080.00
1306.00	7899.00
1307.00	7930.00
1308.00	7778.00
1309.00	7669.00
1310.00	7764.00
1311.00	7622.00
1312.00	7596.00
1313.00	7438.00
1314.00	7533.00
1315.00	7535.00
1316.00	7364.00
1317.00	7537.00
1318.00	7515.00
1319.00	7631.00
1320.00	7518.00
1321.00	7457.00
1322.00	7420.00
1323.00	7378.00
1324.00	7515.00
1325.00	7401.00
1326.00	7309.00
1327.00	7463.00
1328.00	7323.00
1329.00	7263.00
1330.00	7482.00
1331.00	7325.00
1332.00	7256.00
1333.00	7420.00
1334.00	7488.00
1335.00	7618.00
1336.00	7360.00
1337.00	7293.00
1338.00	7460.00
1339.00	7319.00
1340.00	7316.00
1341.00	7417.00
1342.00	7519.00
1343.00	7464.00
1344.00	7437.00
1345.00	7402.00
1346.00	7352.00
1347.00	7529.00
1348.00	7518.00
1349.00	7571.00
1350.00	7747.00
1351.00	7722.00
1352.00	7779.00
1353.00	7953.00
1354.00	7980.00
1355.00	8121.00
1356.00	8290.00
1357.00	8216.00
1358.00	8411.00
1359.00	8363.00
1360.00	8482.00
1361.00	8624.00
1362.00	8557.00
1363.00	8745.00
1364.00	8696.00
1365.00	8745.00
1366.00	8471.00
1367.00	8680.00
1368.00	8369.00
1369.00	8235.00
1370.00	8310.00
1371.00	8152.00
1372.00	7836.00
1373.00	7825.00
1374.00	7665.00
1375.00	7714.00
1376.00	7372.00
1377.00	7432.00
1378.00	7262.00
1379.00	7026.00
1380.00	7227.00
1381.00	6869.00
1382.00	6887.00
1383.00	6897.00
1384.00	6973.00
1385.00	6896.00
1386.00	6815.00
1387.00	6761.00
1388.00	6816.00
1389.00	6761.00
1390.00	6828.00
1391.00	6739.00
1392.00	6674.00
1393.00	6643.00
1394.00	6603.00
1395.00	6659.00
1396.00	6671.00
1397.00	6775.00
1398.00	6636.00
1399.00	6775.00
1400.00	6669.00
1401.00	6572.00
1402.00	6570.00
1403.00	6579.00
1404.00	6536.00
1405.00	6613.00
1406.00	6449.00
1407.00	6587.00
1408.00	6667.00
1409.00	6610.00
1410.00	6585.00
1411.00	6585.00
1412.00	6648.00
1413.00	6430.00
1414.00	6551.00
1415.00	6381.00
1416.00	6574.00
1417.00	6436.00
1418.00	6472.00
1419.00	6478.00
1420.00	6489.00
1421.00	6622.00
1422.00	6623.00
1423.00	6706.00
1424.00	6420.00
1425.00	6541.00
1426.00	6589.00
1427.00	6616.00
1428.00	6694.00
1429.00	6662.00
1430.00	6869.00
1431.00	6753.00
1432.00	6908.00
1433.00	6933.00
1434.00	6935.00
1435.00	6892.00
1436.00	6866.00
1437.00	6944.00
1438.00	7009.00
1439.00	6981.00
1440.00	7052.00
1441.00	7091.00
1442.00	7034.00
1443.00	7025.00
1444.00	6752.00
1445.00	6870.00
1446.00	6941.00
1447.00	6923.00
1448.00	6690.00
1449.00	6786.00
1450.00	6778.00
1451.00	6680.00
1452.00	6650.00
1453.00	6456.00
1454.00	6551.00
1455.00	6425.00
1456.00	6456.00
1457.00	6408.00
1458.00	6515.00
1459.00	6503.00
1460.00	6318.00
1461.00	6243.00
1462.00	6397.00
1463.00	6377.00
1464.00	6218.00
1465.00	6485.00
1466.00	6379.00
1467.00	6106.00
1468.00	6376.00
1469.00	6142.00
1470.00	6271.00
1471.00	6246.00
1472.00	6344.00
1473.00	6184.00
1474.00	6179.00
1475.00	6267.00
1476.00	6176.00
1477.00	6031.00
1478.00	6243.00
1479.00	6236.00
1480.00	6255.00
1481.00	6191.00
1482.00	6184.00
1483.00	6044.00
1484.00	6165.00
1485.00	6196.00
1486.00	6051.00
1487.00	6238.00
1488.00	6106.00
1489.00	6232.00
1490.00	6154.00
1491.00	6279.00
1492.00	6118.00
1493.00	6031.00
1494.00	6295.00
1495.00	6137.00
1496.00	6205.00
1497.00	6210.00
1498.00	6328.00
1499.00	6178.00
1500.00	6304.00
1501.00	6301.00
1502.00	6440.00
1503.00	6444.00
1504.00	6400.00
1505.00	6567.00
1506.00	6578.00
1507.00	6726.00
1508.00	6864.00
1509.00	6824.00
1510.00	6862.00
1511.00	7021.00
1512.00	7074.00
1513.00	7021.00
1514.00	7160.00
1515.00	7235.00
1516.00	7202.00
1517.00	7305.00
1518.00	7302.00
1519.00	7337.00
1520.00	7306.00
1521.00	7408.00
1522.00	7326.00
1523.00	7461.00
1524.00	7219.00
1525.00	7293.00
1526.00	7277.00
1527.00	7238.00
1528.00	7198.00
1529.00	7119.00
1530.00	6823.00
1531.00	6965.00
1532.00	6813.00
1533.00	6727.00
1534.00	6869.00
1535.00	6764.00
1536.00	6748.00
1537.00	6783.00
1538.00	6722.00
1539.00	6692.00
1540.00	6912.00
1541.00	6677.00
1542.00	6660.00
1543.00	6954.00
1544.00	6897.00
1545.00	6801.00
1546.00	6955.00
1547.00	6961.00
1548.00	7045.00
1549.00	7055.00
1550.00	7149.00
1551.00	7213.00
1552.00	7259.00
1553.00	7374.00
1554.00	7397.00
1555.00	7636.00
1556.00	7487.00
1557.00	7637.00
1558.00	7855.00
1559.00	7865.00
1560.00	7955.00
1561.00	7980.00
1562.00	8235.00
1563.00	8493.00
1564.00	8623.00
1565.00	8733.00
1566.00	8792.00
1567.00	8864.00
1568.00	9180.00
1569.00	9150.00
1570.00	9306.00
1571.00	9340.00
1572.00	9631.00
1573.00	9595.00
1574.00	9939.00
1575.00	10002.00
1576.00	10150.00
1577.00	10247.00
1578.00	10238.00
1579.00	10384.00
1580.00	10279.00
1581.00	10696.00
1582.00	10501.00
1583.00	10700.00
1584.00	10776.00
1585.00	10808.00
1586.00	10549.00
1587.00	10727.00
1588.00	10970.00
1589.00	10841.00
1590.00	10791.00
1591.00	10860.00
1592.00	10836.00
1593.00	10949.00
1594.00	10820.00
1595.00	10688.00
1596.00	10666.00
1597.00	10472.00
1598.00	10555.00
1599.00	10240.00
1600.00	10283.00
1601.00	10062.00
1602.00	10033.00
1603.00	9860.00
1604.00	9695.00
1605.00	9657.00
1606.00	9539.00
1607.00	9208.00
1608.00	9172.00
1609.00	9062.00
1610.00	8832.00
1611.00	8635.00
1612.00	8494.00
1613.00	8418.00
1614.00	8269.00
1615.00	7980.00
1616.00	7755.00
1617.00	7761.00
1618.00	7578.00
1619.00	7448.00
1620.00	7423.00
1621.00	7165.00
1622.00	7134.00
1623.00	7008.00
1624.00	6965.00
1625.00	6763.00
1626.00	6598.00
1627.00	6529.00
1628.00	6587.00
1629.00	6284.00
1630.00	6296.00
1631.00	6228.00
1632.00	6065.00
1633.00	6059.00
1634.00	5981.00
1635.00	5825.00
1636.00	5738.00
1637.00	5720.00
1638.00	5704.00
1639.00	5598.00
1640.00	5546.00
1641.00	5416.00
1642.00	5484.00
1643.00	5338.00
1644.00	5422.00
1645.00	5416.00
1646.00	5249.00
1647.00	5253.00
1648.00	5170.00
1649.00	5127.00
1650.00	5201.00
1651.00	5176.00
1652.00	5195.00
1653.00	5158.00
1654.00	5141.00
1655.00	5126.00
1656.00	5086.00
1657.00	5212.00
1658.00	5248.00
1659.00	5350.00
1660.00	5249.00
1661.00	5498.00
1662.00	5500.00
1663.00	5642.00
1664.00	5725.00
1665.00	5944.00
1666.00	6155.00
1667.00	6437.00
1668.00	6613.00
1669.00	6705.00
1670.00	7184.00
1671.00	7451.00
1672.00	7681.00
1673.00	7929.00
1674.00	8071.00
1675.00	8308.00
1676.00	8559.00
1677.00	8657.00
1678.00	8689.00
1679.00	8793.00
1680.00	9070.00
1681.00	9097.00
1682.00	9259.00
1683.00	9111.00
1684.00	8986.00
1685.00	9000.00
1686.00	8823.00
1687.00	8647.00
1688.00	8334.00
1689.00	8001.00
1690.00	7867.00
1691.00	7719.00
1692.00	7303.00
1693.00	6901.00
1694.00	6689.00
1695.00	6378.00
1696.00	6074.00
1697.00	5924.00
1698.00	5510.00
1699.00	5261.00
1700.00	5222.00
1701.00	4849.00
1702.00	4775.00
1703.00	4615.00
1704.00	4611.00
1705.00	4561.00
1706.00	4414.00
1707.00	4267.00
1708.00	4156.00
1709.00	4152.00
1710.00	4126.00
1711.00	4244.00
1712.00	3965.00
1713.00	3987.00
1714.00	4037.00
1715.00	3951.00
1716.00	4096.00
1717.00	3926.00
1718.00	3869.00
1719.00	4072.00
1720.00	3877.00
1721.00	3971.00
1722.00	3982.00
1723.00	3940.00
1724.00	3804.00
1725.00	3809.00
1726.00	3933.00
1727.00	3886.00
1728.00	4013.00
1729.00	3792.00
1730.00	3920.00
1731.00	3832.00
1732.00	3942.00
1733.00	3954.00
1734.00	3883.00
1735.00	3825.00
1736.00	3790.00
1737.00	3901.00
1738.00	4012.00
1739.00	3845.00
1740.00	3901.00
1741.00	3909.00
1742.00	3804.00
1743.00	3982.00
1744.00	3959.00
1745.00	3792.00
1746.00	4023.00
1747.00	3958.00
1748.00	3958.00
1749.00	3904.00
1750.00	3974.00
1751.00	4026.00
1752.00	3978.00
1753.00	3987.00
1754.00	4045.00
1755.00	4090.00
1756.00	3926.00
1757.00	3889.00
1758.00	4131.00
1759.00	4030.00
1760.00	4165.00
1761.00	4012.00
1762.00	4196.00
1763.00	4049.00
1764.00	4167.00
1765.00	4139.00
1766.00	4009.00
1767.00	4042.00
1768.00	3910.00
1769.00	3992.00
1770.00	4110.00
1771.00	4035.00
1772.00	4030.00
1773.00	4108.00
1774.00	4048.00
1775.00	4071.00
1776.00	3966.00
1777.00	3961.00
1778.00	3921.00
1779.00	4070.00
1780.00	3879.00
1781.00	4041.00
1782.00	3850.00
1783.00	3773.00
1784.00	3827.00
1785.00	3685.00
1786.00	3715.00
1787.00	3753.00
1788.00	3653.00
1789.00	3665.00
1790.00	3730.00
1791.00	3528.00
1792.00	3601.00
1793.00	3561.00
1794.00	3564.00
1795.00	3542.00
1796.00	3498.00
1797.00	3405.00
1798.00	3344.00
1799.00	3396.00
1800.00	3410.00
1801.00	3355.00
1802.00	3279.00
1803.00	3162.00
1804.00	3058.00
1805.00	3137.00
1806.00	3041.00
1807.00	2933.00
1808.00	2959.00
1809.00	2985.00
1810.00	2986.00
1811.00	2859.00
1812.00	2961.00
1813.00	2861.00
1814.00	2769.00
1815.00	2812.00
1816.00	2786.00
1817.00	2768.00
1818.00	2827.00
1819.00	2695.00
1820.00	2677.00
1821.00	2770.00
1822.00	2621.00
1823.00	2582.00
1824.00	2595.00
1825.00	2546.00
1826.00	2550.00
1827.00	2508.00
1828.00	2579.00
1829.00	2455.00
1830.00	2408.00
1831.00	2426.00
1832.00	2479.00
1833.00	2332.00
1834.00	2377.00
1835.00	2360.00
1836.00	2464.00
1837.00	2350.00
1838.00	2349.00
1839.00	2310.00
1840.00	2289.00
1841.00	2149.00
1842.00	2313.00
1843.00	2232.00
1844.00	2240.00
1845.00	2202.00
1846.00	2165.00
1847.00	2150.00
1848.00	2156.00
1849.00	2185.00
1850.00	2119.00
1851.00	2098.00
1852.00	2092.00
1853.00	2134.00
1854.00	2031.00
1855.00	2054.00
1856.00	2015.00
1857.00	2001.00
1858.00	2053.00
1859.00	2069.00
1860.00	2067.00
1861.00	1970.00
1862.00	2016.00
1863.00	2049.00
1864.00	1991.00
1865.00	1924.00
1866.00	2043.00
1867.00	1976.00
1868.00	1996.00
1869.00	1978.00
1870.00	1963.00
1871.00	2121.00
1872.00	1950.00
1873.00	1984.00
1874.00	2105.00
1875.00	2027.00
1876.00	2095.00
1877.00	2044.00
1878.00	2209.00
1879.00	2245.00
1880.00	2237.00
1881.00	2206.00
1882.00	2311.00
1883.00	2279.00
1884.00	2310.00
1885.00	2294.00
1886.00	2374.00
1887.00	2263.00
1888.00	2366.00
1889.00	2398.00
1890.00	2322.00
1891.00	2250.00
1892.00	2333.00
1893.00	2267.00
1894.00	2274.00
1895.00	2182.00
1896.00	2127.00
1897.00	2139.00
1898.00	2080.00
1899.00	2097.00
1900.00	2053.00
1901.00	2023.00
1902.00	2037.00
1903.00	1874.00
1904.00	1861.00
1905.00	1762.00
1906.00	1794.00
1907.00	1780.00
1908.00	1674.00
1909.00	1744.00
1910.00	1657.00
1911.00	1679.00
1912.00	1625.00
1913.00	1564.00
1914.00	1707.00
1915.00	1671.00
1916.00	1590.00
1917.00	1625.00
1918.00	1579.00
1919.00	1553.00
1920.00	1559.00
1921.00	1546.00
1922.00	1547.00
1923.00	1567.00
1924.00	1524.00
1925.00	1509.00
1926.00	1464.00
1927.00	1514.00
1928.00	1477.00
1929.00	1480.00
1930.00	1441.00
1931.00	1503.00
1932.00	1424.00
1933.00	1499.00
1934.00	1430.00
1935.00	1395.00
1936.00	1381.00
1937.00	1302.00
1938.00	1365.00
1939.00	1337.00
1940.00	1319.00
1941.00	1305.00
1942.00	1257.00
1943.00	1258.00
1944.00	1260.00
1945.00	1315.00
1946.00	1258.00
1947.00	1221.00
1948.00	1295.00
1949.00	1294.00
1950.00	1318.00
1951.00	1208.00
1952.00	1244.00
1953.00	1235.00
1954.00	1302.00
1955.00	1234.00
1956.00	1264.00
1957.00	1222.00
1958.00	1284.00
1959.00	1166.00
1960.00	1109.00
1961.00	1170.00
1962.00	1231.00
1963.00	1170.00
1964.00	1191.00
1965.00	1223.00
1966.00	1220.00
1967.00	1160.00
1968.00	1133.00
1969.00	1203.00
1970.00	1135.00
1971.00	1116.00
1972.00	1151.00
1973.00	1139.00
1974.00	1123.00
1975.00	1104.00
1976.00	1120.00
1977.00	1099.00
1978.00	1146.00
1979.00	1106.00
1980.00	1094.00
1981.00	1090.00
1982.00	1104.00
1983.00	1012.00
1984.00	1092.00
1985.00	1027.00
1986.00	1071.00
1987.00	1040.00
1988.00	1019.00
1989.00	1024.00
1990.00	1022.00
1991.00	1023.00
1992.00	1009.00
1993.00	1021.00
1994.00	1016.00
1995.00	1019.00
1996.00	951.00
1997.00	964.00
1998.00	995.00
1999.00	1008.00
2000.00	942.00
2001.00	932.00
2002.00	1017.00
2003.00	984.00
2004.00	933.00
2005.00	941.00
2006.00	932.00
2007.00	967.00
2008.00	988.00
2009.00	972.00
2010.00	939.00
2011.00	909.00
2012.00	864.00
2013.00	889.00
2014.00	849.00
2015.00	881.00
2016.00	907.00
2017.00	871.00
2018.00	897.00
2019.00	840.00
2020.00	886.00
2021.00	842.00
2022.00	849.00
2023.00	807.00
2024.00	888.00
2025.00	797.00
2026.00	912.00
2027.00	762.00
2028.00	831.00
2029.00	822.00
2030.00	796.00
2031.00	805.00
2032.00	791.00
2033.00	827.00
2034.00	825.00
2035.00	739.00
2036.00	795.00
2037.00	747.00
2038.00	763.00
2039.00	714.00
2040.00	774.00
2041.00	757.00
2042.00	795.00
2043.00	764.00
2044.00	722.00
2045.00	718.00
2046.00	740.00
2047.00	715.00
2048.00	 0.00
