Date:	2023-09-18		
Time:	19:50		
Sample name:	Pellets		
Position:	297.600011	mm	
Sample surface:	5.928222	cm	
Tube anode:	Mo		
Tube voltage:	30	kV	
Tube current:	50	mA	
Comments	not in position		
Gain	5.810000		
peaking_time	0.300000	m-sec	
trigger_threshold	30.000000	V	
mca_bin_width	2.000000	no:	
number_mca_channels	2048.000000	no:	
gap_time	0.100000	m-sec	
trigger_peaking_time	0.050000	m-sec	
livetime	17.403168	seconds	
runtime	20.000277	seconds	
input_count_rate	105238.595251	cps	
output_count_rate	91572.981714	cps	
triggers	2037166.000000	seconds	
events_in_run	1822220.000000	seconds	
channel	content		
 1.00	 0.00
 2.00	 0.00
 3.00	 0.00
 4.00	 0.00
 5.00	 0.00
 6.00	 0.00
 7.00	 0.00
 8.00	 0.00
 9.00	 0.00
10.00	 0.00
11.00	 0.00
12.00	 0.00
13.00	 0.00
14.00	 0.00
15.00	 0.00
16.00	 0.00
17.00	 0.00
18.00	 0.00
19.00	 0.00
20.00	 0.00
21.00	 0.00
22.00	 0.00
23.00	 0.00
24.00	 0.00
25.00	 0.00
26.00	 0.00
27.00	 0.00
28.00	 0.00
29.00	 0.00
30.00	 0.00
31.00	 1.00
32.00	 1.00
33.00	 0.00
34.00	 2.00
35.00	11.00
36.00	 6.00
37.00	17.00
38.00	17.00
39.00	34.00
40.00	34.00
41.00	45.00
42.00	80.00
43.00	89.00
44.00	91.00
45.00	105.00
46.00	131.00
47.00	161.00
48.00	173.00
49.00	184.00
50.00	207.00
51.00	197.00
52.00	231.00
53.00	248.00
54.00	272.00
55.00	260.00
56.00	301.00
57.00	318.00
58.00	296.00
59.00	334.00
60.00	313.00
61.00	319.00
62.00	361.00
63.00	336.00
64.00	313.00
65.00	367.00
66.00	349.00
67.00	348.00
68.00	359.00
69.00	364.00
70.00	346.00
71.00	353.00
72.00	341.00
73.00	372.00
74.00	368.00
75.00	332.00
76.00	361.00
77.00	366.00
78.00	367.00
79.00	325.00
80.00	349.00
81.00	318.00
82.00	319.00
83.00	339.00
84.00	316.00
85.00	331.00
86.00	320.00
87.00	356.00
88.00	344.00
89.00	322.00
90.00	315.00
91.00	326.00
92.00	316.00
93.00	315.00
94.00	290.00
95.00	337.00
96.00	316.00
97.00	307.00
98.00	274.00
99.00	303.00
100.00	304.00
101.00	265.00
102.00	273.00
103.00	270.00
104.00	265.00
105.00	254.00
106.00	268.00
107.00	262.00
108.00	241.00
109.00	278.00
110.00	253.00
111.00	229.00
112.00	284.00
113.00	263.00
114.00	229.00
115.00	263.00
116.00	275.00
117.00	273.00
118.00	275.00
119.00	253.00
120.00	263.00
121.00	253.00
122.00	251.00
123.00	232.00
124.00	216.00
125.00	224.00
126.00	237.00
127.00	215.00
128.00	193.00
129.00	203.00
130.00	190.00
131.00	174.00
132.00	191.00
133.00	197.00
134.00	187.00
135.00	211.00
136.00	253.00
137.00	279.00
138.00	351.00
139.00	430.00
140.00	537.00
141.00	697.00
142.00	815.00
143.00	912.00
144.00	1058.00
145.00	1001.00
146.00	925.00
147.00	870.00
148.00	744.00
149.00	678.00
150.00	595.00
151.00	533.00
152.00	536.00
153.00	529.00
154.00	452.00
155.00	399.00
156.00	391.00
157.00	396.00
158.00	397.00
159.00	501.00
160.00	745.00
161.00	1290.00
162.00	2157.00
163.00	3473.00
164.00	5141.00
165.00	7161.00
166.00	9381.00
167.00	11400.00
168.00	12652.00
169.00	13276.00
170.00	13213.00
171.00	11845.00
172.00	9605.00
173.00	7828.00
174.00	5505.00
175.00	4033.00
176.00	2862.00
177.00	2015.00
178.00	1484.00
179.00	1063.00
180.00	923.00
181.00	823.00
182.00	747.00
183.00	728.00
184.00	686.00
185.00	829.00
186.00	924.00
187.00	1065.00
188.00	1101.00
189.00	1108.00
190.00	1114.00
191.00	1087.00
192.00	899.00
193.00	800.00
194.00	630.00
195.00	532.00
196.00	434.00
197.00	360.00
198.00	304.00
199.00	256.00
200.00	214.00
201.00	217.00
202.00	196.00
203.00	188.00
204.00	183.00
205.00	174.00
206.00	175.00
207.00	179.00
208.00	179.00
209.00	190.00
210.00	218.00
211.00	205.00
212.00	182.00
213.00	200.00
214.00	208.00
215.00	197.00
216.00	265.00
217.00	268.00
218.00	246.00
219.00	275.00
220.00	279.00
221.00	322.00
222.00	315.00
223.00	271.00
224.00	268.00
225.00	286.00
226.00	232.00
227.00	238.00
228.00	213.00
229.00	192.00
230.00	198.00
231.00	178.00
232.00	191.00
233.00	167.00
234.00	170.00
235.00	186.00
236.00	179.00
237.00	179.00
238.00	151.00
239.00	171.00
240.00	187.00
241.00	151.00
242.00	152.00
243.00	157.00
244.00	151.00
245.00	176.00
246.00	183.00
247.00	155.00
248.00	159.00
249.00	147.00
250.00	161.00
251.00	167.00
252.00	160.00
253.00	189.00
254.00	164.00
255.00	199.00
256.00	176.00
257.00	171.00
258.00	155.00
259.00	179.00
260.00	181.00
261.00	214.00
262.00	182.00
263.00	217.00
264.00	227.00
265.00	241.00
266.00	246.00
267.00	267.00
268.00	248.00
269.00	254.00
270.00	236.00
271.00	275.00
272.00	219.00
273.00	226.00
274.00	231.00
275.00	234.00
276.00	277.00
277.00	310.00
278.00	431.00
279.00	622.00
280.00	811.00
281.00	984.00
282.00	1329.00
283.00	1579.00
284.00	1866.00
285.00	2092.00
286.00	2175.00
287.00	2354.00
288.00	2233.00
289.00	1988.00
290.00	1846.00
291.00	1438.00
292.00	1230.00
293.00	891.00
294.00	635.00
295.00	477.00
296.00	389.00
297.00	278.00
298.00	256.00
299.00	252.00
300.00	273.00
301.00	244.00
302.00	267.00
303.00	345.00
304.00	390.00
305.00	448.00
306.00	489.00
307.00	594.00
308.00	730.00
309.00	940.00
310.00	1172.00
311.00	1781.00
312.00	2543.00
313.00	3683.00
314.00	5142.00
315.00	6987.00
316.00	9436.00
317.00	11696.00
318.00	14030.00
319.00	16010.00
320.00	17375.00
321.00	18078.00
322.00	17682.00
323.00	16547.00
324.00	14590.00
325.00	12244.00
326.00	9874.00
327.00	7417.00
328.00	5618.00
329.00	3922.00
330.00	2467.00
331.00	1665.00
332.00	1133.00
333.00	784.00
334.00	595.00
335.00	528.00
336.00	478.00
337.00	575.00
338.00	671.00
339.00	936.00
340.00	1093.00
341.00	1397.00
342.00	1879.00
343.00	2618.00
344.00	3338.00
345.00	4621.00
346.00	6374.00
347.00	8827.00
348.00	12255.00
349.00	17186.00
350.00	23237.00
351.00	31972.00
352.00	40939.00
353.00	50987.00
354.00	60922.00
355.00	70104.00
356.00	76726.00
357.00	80484.00
358.00	79952.00
359.00	76285.00
360.00	69166.00
361.00	59782.00
362.00	49557.00
363.00	38860.00
364.00	29533.00
365.00	20980.00
366.00	14404.00
367.00	9620.00
368.00	6168.00
369.00	3810.00
370.00	2409.00
371.00	1573.00
372.00	1080.00
373.00	896.00
374.00	772.00
375.00	835.00
376.00	973.00
377.00	1208.00
378.00	1667.00
379.00	2090.00
380.00	2918.00
381.00	3873.00
382.00	4986.00
383.00	6356.00
384.00	7823.00
385.00	9062.00
386.00	10445.00
387.00	11251.00
388.00	11801.00
389.00	11751.00
390.00	11346.00
391.00	10216.00
392.00	9279.00
393.00	7933.00
394.00	6334.00
395.00	4916.00
396.00	3765.00
397.00	2766.00
398.00	1956.00
399.00	1329.00
400.00	960.00
401.00	681.00
402.00	537.00
403.00	390.00
404.00	312.00
405.00	279.00
406.00	285.00
407.00	252.00
408.00	271.00
409.00	238.00
410.00	249.00
411.00	263.00
412.00	269.00
413.00	271.00
414.00	289.00
415.00	305.00
416.00	320.00
417.00	357.00
418.00	336.00
419.00	394.00
420.00	432.00
421.00	471.00
422.00	592.00
423.00	786.00
424.00	1008.00
425.00	1423.00
426.00	1863.00
427.00	2562.00
428.00	3462.00
429.00	4582.00
430.00	5699.00
431.00	7110.00
432.00	8651.00
433.00	9992.00
434.00	10794.00
435.00	11479.00
436.00	11912.00
437.00	11842.00
438.00	11348.00
439.00	10157.00
440.00	9068.00
441.00	8006.00
442.00	6606.00
443.00	5365.00
444.00	4224.00
445.00	3440.00
446.00	2939.00
447.00	2452.00
448.00	2247.00
449.00	2022.00
450.00	1871.00
451.00	1740.00
452.00	1625.00
453.00	1514.00
454.00	1340.00
455.00	1187.00
456.00	1086.00
457.00	1005.00
458.00	929.00
459.00	901.00
460.00	929.00
461.00	942.00
462.00	909.00
463.00	1086.00
464.00	1111.00
465.00	1263.00
466.00	1342.00
467.00	1453.00
468.00	1631.00
469.00	1727.00
470.00	2103.00
471.00	2207.00
472.00	2378.00
473.00	2556.00
474.00	2742.00
475.00	2937.00
476.00	3016.00
477.00	3084.00
478.00	3011.00
479.00	2999.00
480.00	2602.00
481.00	2381.00
482.00	2193.00
483.00	1858.00
484.00	1638.00
485.00	1334.00
486.00	1127.00
487.00	1039.00
488.00	884.00
489.00	743.00
490.00	681.00
491.00	705.00
492.00	653.00
493.00	710.00
494.00	708.00
495.00	762.00
496.00	712.00
497.00	780.00
498.00	820.00
499.00	822.00
500.00	844.00
501.00	881.00
502.00	913.00
503.00	899.00
504.00	983.00
505.00	993.00
506.00	1026.00
507.00	1126.00
508.00	1095.00
509.00	1089.00
510.00	1140.00
511.00	1142.00
512.00	1211.00
513.00	1257.00
514.00	1249.00
515.00	1406.00
516.00	1496.00
517.00	1560.00
518.00	1635.00
519.00	1687.00
520.00	1762.00
521.00	1898.00
522.00	1940.00
523.00	1979.00
524.00	1980.00
525.00	1890.00
526.00	1872.00
527.00	1742.00
528.00	1735.00
529.00	1584.00
530.00	1506.00
531.00	1539.00
532.00	1509.00
533.00	1379.00
534.00	1373.00
535.00	1408.00
536.00	1356.00
537.00	1355.00
538.00	1400.00
539.00	1426.00
540.00	1403.00
541.00	1488.00
542.00	1521.00
543.00	1493.00
544.00	1487.00
545.00	1386.00
546.00	1504.00
547.00	1502.00
548.00	1398.00
549.00	1533.00
550.00	1514.00
551.00	1456.00
552.00	1561.00
553.00	1776.00
554.00	1821.00
555.00	1884.00
556.00	2180.00
557.00	2549.00
558.00	3132.00
559.00	3722.00
560.00	4632.00
561.00	5800.00
562.00	7112.00
563.00	8715.00
564.00	10286.00
565.00	12060.00
566.00	13410.00
567.00	15202.00
568.00	15809.00
569.00	16754.00
570.00	16777.00
571.00	16458.00
572.00	15653.00
573.00	14510.00
574.00	12809.00
575.00	11269.00
576.00	9523.00
577.00	7954.00
578.00	6494.00
579.00	5224.00
580.00	4089.00
581.00	3417.00
582.00	2794.00
583.00	2309.00
584.00	1949.00
585.00	1856.00
586.00	1733.00
587.00	1729.00
588.00	1757.00
589.00	1764.00
590.00	1790.00
591.00	1875.00
592.00	1983.00
593.00	2042.00
594.00	2109.00
595.00	2335.00
596.00	2564.00
597.00	2870.00
598.00	3452.00
599.00	3878.00
600.00	4980.00
601.00	6514.00
602.00	8962.00
603.00	12324.00
604.00	17703.00
605.00	24687.00
606.00	35041.00
607.00	47855.00
608.00	65495.00
609.00	86562.00
610.00	112187.00
611.00	141927.00
612.00	173329.00
613.00	206497.00
614.00	240302.00
615.00	269631.00
616.00	292209.00
617.00	310219.00
618.00	318434.00
619.00	317158.00
620.00	307636.00
621.00	288736.00
622.00	262964.00
623.00	231106.00
624.00	199152.00
625.00	166205.00
626.00	134474.00
627.00	105332.00
628.00	80964.00
629.00	60424.00
630.00	44559.00
631.00	32014.00
632.00	22811.00
633.00	15840.00
634.00	11529.00
635.00	8309.00
636.00	5948.00
637.00	4913.00
638.00	3778.00
639.00	3350.00
640.00	3130.00
641.00	2863.00
642.00	2763.00
643.00	2660.00
644.00	2775.00
645.00	2645.00
646.00	2626.00
647.00	2679.00
648.00	2728.00
649.00	2828.00
650.00	2795.00
651.00	2914.00
652.00	2882.00
653.00	2902.00
654.00	3036.00
655.00	3163.00
656.00	3095.00
657.00	3298.00
658.00	3481.00
659.00	3558.00
660.00	3712.00
661.00	3939.00
662.00	4280.00
663.00	4520.00
664.00	4861.00
665.00	5502.00
666.00	6212.00
667.00	7181.00
668.00	8464.00
669.00	10212.00
670.00	12308.00
671.00	14855.00
672.00	18096.00
673.00	21924.00
674.00	25968.00
675.00	30693.00
676.00	34678.00
677.00	39743.00
678.00	43646.00
679.00	47312.00
680.00	49341.00
681.00	50515.00
682.00	50561.00
683.00	48937.00
684.00	46731.00
685.00	43863.00
686.00	39360.00
687.00	33983.00
688.00	29452.00
689.00	24818.00
690.00	20566.00
691.00	16537.00
692.00	13154.00
693.00	10432.00
694.00	8417.00
695.00	6628.00
696.00	5414.00
697.00	4473.00
698.00	3822.00
699.00	3522.00
700.00	3259.00
701.00	2959.00
702.00	2964.00
703.00	2991.00
704.00	2839.00
705.00	2985.00
706.00	2954.00
707.00	3130.00
708.00	2998.00
709.00	3260.00
710.00	3260.00
711.00	3412.00
712.00	3539.00
713.00	3458.00
714.00	3669.00
715.00	3812.00
716.00	3931.00
717.00	3980.00
718.00	4202.00
719.00	4195.00
720.00	4278.00
721.00	4186.00
722.00	4289.00
723.00	4207.00
724.00	4140.00
725.00	4018.00
726.00	3954.00
727.00	3826.00
728.00	3670.00
729.00	3522.00
730.00	3411.00
731.00	3119.00
732.00	3234.00
733.00	3138.00
734.00	2959.00
735.00	2918.00
736.00	2835.00
737.00	2825.00
738.00	2784.00
739.00	2672.00
740.00	2734.00
741.00	2753.00
742.00	2725.00
743.00	2715.00
744.00	2689.00
745.00	2743.00
746.00	2599.00
747.00	2612.00
748.00	2675.00
749.00	2592.00
750.00	2621.00
751.00	2628.00
752.00	2654.00
753.00	2736.00
754.00	2617.00
755.00	2773.00
756.00	2785.00
757.00	2852.00
758.00	2831.00
759.00	2890.00
760.00	2879.00
761.00	2954.00
762.00	3172.00
763.00	3123.00
764.00	3315.00
765.00	3365.00
766.00	3508.00
767.00	3580.00
768.00	3670.00
769.00	3791.00
770.00	4013.00
771.00	4169.00
772.00	4269.00
773.00	4423.00
774.00	4561.00
775.00	4707.00
776.00	4864.00
777.00	4958.00
778.00	4918.00
779.00	4947.00
780.00	4885.00
781.00	4898.00
782.00	5021.00
783.00	4720.00
784.00	4893.00
785.00	4674.00
786.00	4733.00
787.00	4749.00
788.00	4606.00
789.00	4748.00
790.00	4577.00
791.00	4702.00
792.00	4670.00
793.00	4554.00
794.00	4818.00
795.00	4790.00
796.00	4891.00
797.00	4933.00
798.00	4991.00
799.00	4863.00
800.00	5028.00
801.00	4942.00
802.00	4981.00
803.00	5032.00
804.00	4856.00
805.00	5120.00
806.00	5136.00
807.00	5134.00
808.00	5111.00
809.00	5149.00
810.00	5189.00
811.00	5103.00
812.00	5092.00
813.00	4987.00
814.00	5011.00
815.00	5101.00
816.00	4972.00
817.00	5064.00
818.00	4981.00
819.00	5041.00
820.00	5175.00
821.00	5114.00
822.00	5236.00
823.00	5425.00
824.00	5488.00
825.00	5744.00
826.00	5832.00
827.00	6156.00
828.00	6406.00
829.00	6422.00
830.00	6864.00
831.00	6941.00
832.00	6792.00
833.00	6959.00
834.00	7094.00
835.00	6976.00
836.00	6926.00
837.00	6836.00
838.00	6548.00
839.00	6465.00
840.00	6267.00
841.00	5977.00
842.00	5786.00
843.00	5753.00
844.00	5558.00
845.00	5420.00
846.00	5430.00
847.00	5258.00
848.00	5078.00
849.00	5182.00
850.00	5128.00
851.00	5176.00
852.00	5086.00
853.00	5007.00
854.00	5132.00
855.00	5166.00
856.00	5099.00
857.00	5091.00
858.00	5134.00
859.00	5102.00
860.00	5137.00
861.00	5111.00
862.00	5113.00
863.00	5131.00
864.00	5154.00
865.00	5063.00
866.00	5138.00
867.00	5096.00
868.00	5011.00
869.00	5197.00
870.00	5242.00
871.00	5273.00
872.00	5235.00
873.00	5212.00
874.00	5314.00
875.00	5266.00
876.00	5239.00
877.00	5350.00
878.00	5294.00
879.00	5493.00
880.00	5548.00
881.00	5639.00
882.00	5628.00
883.00	5836.00
884.00	5845.00
885.00	5938.00
886.00	5845.00
887.00	5946.00
888.00	6101.00
889.00	6154.00
890.00	6149.00
891.00	6251.00
892.00	6204.00
893.00	6218.00
894.00	6210.00
895.00	6122.00
896.00	6120.00
897.00	6164.00
898.00	6067.00
899.00	6090.00
900.00	6232.00
901.00	6170.00
902.00	6209.00
903.00	6088.00
904.00	6024.00
905.00	5974.00
906.00	5995.00
907.00	6060.00
908.00	5966.00
909.00	6157.00
910.00	6105.00
911.00	6144.00
912.00	6200.00
913.00	6169.00
914.00	6242.00
915.00	6332.00
916.00	6414.00
917.00	6298.00
918.00	6474.00
919.00	6465.00
920.00	6494.00
921.00	6645.00
922.00	6681.00
923.00	6847.00
924.00	6764.00
925.00	6822.00
926.00	6798.00
927.00	6730.00
928.00	6661.00
929.00	6917.00
930.00	6930.00
931.00	6694.00
932.00	6772.00
933.00	6806.00
934.00	6678.00
935.00	6460.00
936.00	6600.00
937.00	6659.00
938.00	6512.00
939.00	6512.00
940.00	6500.00
941.00	6362.00
942.00	6532.00
943.00	6427.00
944.00	6415.00
945.00	6252.00
946.00	6225.00
947.00	6360.00
948.00	6366.00
949.00	6400.00
950.00	6361.00
951.00	6247.00
952.00	6419.00
953.00	6441.00
954.00	6467.00
955.00	6298.00
956.00	6212.00
957.00	6415.00
958.00	6379.00
959.00	6266.00
960.00	6344.00
961.00	6347.00
962.00	6382.00
963.00	6450.00
964.00	6399.00
965.00	6545.00
966.00	6467.00
967.00	6345.00
968.00	6555.00
969.00	6512.00
970.00	6396.00
971.00	6403.00
972.00	6566.00
973.00	6405.00
974.00	6491.00
975.00	6601.00
976.00	6634.00
977.00	6610.00
978.00	6453.00
979.00	6629.00
980.00	6526.00
981.00	6556.00
982.00	6632.00
983.00	6626.00
984.00	6576.00
985.00	6539.00
986.00	6526.00
987.00	6517.00
988.00	6571.00
989.00	6489.00
990.00	6660.00
991.00	6682.00
992.00	6564.00
993.00	6542.00
994.00	6571.00
995.00	6594.00
996.00	6524.00
997.00	6587.00
998.00	6480.00
999.00	6664.00
1000.00	6513.00
1001.00	6568.00
1002.00	6567.00
1003.00	6627.00
1004.00	6631.00
1005.00	6737.00
1006.00	6822.00
1007.00	6706.00
1008.00	7000.00
1009.00	6996.00
1010.00	7070.00
1011.00	6969.00
1012.00	7038.00
1013.00	7133.00
1014.00	7284.00
1015.00	7262.00
1016.00	7188.00
1017.00	7305.00
1018.00	7372.00
1019.00	7325.00
1020.00	7112.00
1021.00	7074.00
1022.00	6951.00
1023.00	7294.00
1024.00	6915.00
1025.00	6867.00
1026.00	6807.00
1027.00	6836.00
1028.00	6514.00
1029.00	6662.00
1030.00	6598.00
1031.00	6544.00
1032.00	6535.00
1033.00	6610.00
1034.00	6572.00
1035.00	6486.00
1036.00	6317.00
1037.00	6689.00
1038.00	6508.00
1039.00	6414.00
1040.00	6651.00
1041.00	6604.00
1042.00	6555.00
1043.00	6616.00
1044.00	6663.00
1045.00	6605.00
1046.00	6690.00
1047.00	6648.00
1048.00	6733.00
1049.00	6667.00
1050.00	6790.00
1051.00	6707.00
1052.00	6802.00
1053.00	6728.00
1054.00	6747.00
1055.00	6875.00
1056.00	6673.00
1057.00	6791.00
1058.00	6641.00
1059.00	6909.00
1060.00	6658.00
1061.00	6922.00
1062.00	6840.00
1063.00	6927.00
1064.00	6820.00
1065.00	6828.00
1066.00	6800.00
1067.00	7015.00
1068.00	6905.00
1069.00	6878.00
1070.00	7073.00
1071.00	7038.00
1072.00	6844.00
1073.00	6962.00
1074.00	6863.00
1075.00	6830.00
1076.00	6743.00
1077.00	6856.00
1078.00	7080.00
1079.00	6911.00
1080.00	7021.00
1081.00	7036.00
1082.00	6925.00
1083.00	7022.00
1084.00	7109.00
1085.00	7058.00
1086.00	7099.00
1087.00	6921.00
1088.00	7112.00
1089.00	7141.00
1090.00	7035.00
1091.00	7155.00
1092.00	7193.00
1093.00	7096.00
1094.00	7050.00
1095.00	7164.00
1096.00	7227.00
1097.00	7109.00
1098.00	7259.00
1099.00	7218.00
1100.00	7270.00
1101.00	7217.00
1102.00	7225.00
1103.00	7227.00
1104.00	7348.00
1105.00	7151.00
1106.00	7319.00
1107.00	7111.00
1108.00	7222.00
1109.00	7259.00
1110.00	7288.00
1111.00	7367.00
1112.00	7405.00
1113.00	7240.00
1114.00	7317.00
1115.00	7166.00
1116.00	7217.00
1117.00	7084.00
1118.00	7380.00
1119.00	7267.00
1120.00	7133.00
1121.00	7275.00
1122.00	7144.00
1123.00	7265.00
1124.00	7169.00
1125.00	7094.00
1126.00	7082.00
1127.00	7020.00
1128.00	6896.00
1129.00	7067.00
1130.00	7040.00
1131.00	7366.00
1132.00	7155.00
1133.00	7111.00
1134.00	7035.00
1135.00	7228.00
1136.00	6901.00
1137.00	7074.00
1138.00	7074.00
1139.00	7190.00
1140.00	7198.00
1141.00	7163.00
1142.00	6964.00
1143.00	7203.00
1144.00	7192.00
1145.00	6995.00
1146.00	7135.00
1147.00	7031.00
1148.00	6966.00
1149.00	7126.00
1150.00	6979.00
1151.00	6977.00
1152.00	7104.00
1153.00	7214.00
1154.00	7140.00
1155.00	6997.00
1156.00	6988.00
1157.00	7055.00
1158.00	6931.00
1159.00	6946.00
1160.00	6906.00
1161.00	7001.00
1162.00	6936.00
1163.00	6726.00
1164.00	7032.00
1165.00	6854.00
1166.00	7033.00
1167.00	7159.00
1168.00	7171.00
1169.00	7088.00
1170.00	7080.00
1171.00	7204.00
1172.00	7055.00
1173.00	7032.00
1174.00	7029.00
1175.00	7106.00
1176.00	7103.00
1177.00	7208.00
1178.00	7201.00
1179.00	7196.00
1180.00	7178.00
1181.00	7202.00
1182.00	7054.00
1183.00	7116.00
1184.00	7185.00
1185.00	7185.00
1186.00	7159.00
1187.00	7162.00
1188.00	7104.00
1189.00	7216.00
1190.00	7373.00
1191.00	7189.00
1192.00	7262.00
1193.00	7125.00
1194.00	7236.00
1195.00	7189.00
1196.00	7268.00
1197.00	7342.00
1198.00	7252.00
1199.00	7346.00
1200.00	7276.00
1201.00	7307.00
1202.00	7278.00
1203.00	7531.00
1204.00	7286.00
1205.00	7363.00
1206.00	7482.00
1207.00	7534.00
1208.00	7511.00
1209.00	7594.00
1210.00	7635.00
1211.00	7585.00
1212.00	7609.00
1213.00	7701.00
1214.00	7790.00
1215.00	7628.00
1216.00	7749.00
1217.00	7844.00
1218.00	7653.00
1219.00	7742.00
1220.00	7869.00
1221.00	7740.00
1222.00	7698.00
1223.00	7635.00
1224.00	7998.00
1225.00	7762.00
1226.00	7758.00
1227.00	7859.00
1228.00	7649.00
1229.00	7728.00
1230.00	7737.00
1231.00	7680.00
1232.00	7765.00
1233.00	7673.00
1234.00	7670.00
1235.00	7814.00
1236.00	7870.00
1237.00	7772.00
1238.00	7701.00
1239.00	7648.00
1240.00	7584.00
1241.00	7503.00
1242.00	7591.00
1243.00	7428.00
1244.00	7429.00
1245.00	7484.00
1246.00	7384.00
1247.00	7438.00
1248.00	7320.00
1249.00	7436.00
1250.00	7437.00
1251.00	7346.00
1252.00	7301.00
1253.00	7421.00
1254.00	7235.00
1255.00	7304.00
1256.00	7497.00
1257.00	7349.00
1258.00	7481.00
1259.00	7182.00
1260.00	7187.00
1261.00	7358.00
1262.00	7297.00
1263.00	7227.00
1264.00	7450.00
1265.00	7275.00
1266.00	7285.00
1267.00	7294.00
1268.00	7386.00
1269.00	7268.00
1270.00	7415.00
1271.00	7467.00
1272.00	7525.00
1273.00	7410.00
1274.00	7420.00
1275.00	7503.00
1276.00	7587.00
1277.00	7619.00
1278.00	7659.00
1279.00	7682.00
1280.00	7643.00
1281.00	7861.00
1282.00	7959.00
1283.00	7914.00
1284.00	8070.00
1285.00	8252.00
1286.00	8376.00
1287.00	8339.00
1288.00	8318.00
1289.00	8227.00
1290.00	8560.00
1291.00	8574.00
1292.00	8622.00
1293.00	8396.00
1294.00	8294.00
1295.00	8357.00
1296.00	8163.00
1297.00	8044.00
1298.00	7827.00
1299.00	8028.00
1300.00	7747.00
1301.00	7727.00
1302.00	7680.00
1303.00	7618.00
1304.00	7391.00
1305.00	7394.00
1306.00	7348.00
1307.00	7269.00
1308.00	7159.00
1309.00	7266.00
1310.00	7114.00
1311.00	7253.00
1312.00	7210.00
1313.00	7201.00
1314.00	7146.00
1315.00	7314.00
1316.00	7398.00
1317.00	7284.00
1318.00	7018.00
1319.00	7040.00
1320.00	7260.00
1321.00	7179.00
1322.00	7176.00
1323.00	7009.00
1324.00	7173.00
1325.00	7035.00
1326.00	7127.00
1327.00	7167.00
1328.00	7021.00
1329.00	7172.00
1330.00	7081.00
1331.00	7052.00
1332.00	7066.00
1333.00	6851.00
1334.00	7037.00
1335.00	7203.00
1336.00	7150.00
1337.00	6997.00
1338.00	6994.00
1339.00	7102.00
1340.00	7159.00
1341.00	7028.00
1342.00	7108.00
1343.00	7159.00
1344.00	7013.00
1345.00	7093.00
1346.00	7197.00
1347.00	7246.00
1348.00	7138.00
1349.00	7288.00
1350.00	7306.00
1351.00	7392.00
1352.00	7365.00
1353.00	7785.00
1354.00	7665.00
1355.00	7961.00
1356.00	7863.00
1357.00	7892.00
1358.00	8333.00
1359.00	8093.00
1360.00	8213.00
1361.00	8315.00
1362.00	8072.00
1363.00	8436.00
1364.00	8183.00
1365.00	8401.00
1366.00	8336.00
1367.00	8176.00
1368.00	8047.00
1369.00	8108.00
1370.00	8016.00
1371.00	7844.00
1372.00	7592.00
1373.00	7462.00
1374.00	7367.00
1375.00	7283.00
1376.00	7225.00
1377.00	7151.00
1378.00	6848.00
1379.00	6838.00
1380.00	6806.00
1381.00	6747.00
1382.00	6523.00
1383.00	6613.00
1384.00	6568.00
1385.00	6437.00
1386.00	6383.00
1387.00	6396.00
1388.00	6400.00
1389.00	6668.00
1390.00	6348.00
1391.00	6256.00
1392.00	6284.00
1393.00	6402.00
1394.00	6261.00
1395.00	6232.00
1396.00	6299.00
1397.00	6281.00
1398.00	6267.00
1399.00	6421.00
1400.00	6294.00
1401.00	6385.00
1402.00	6358.00
1403.00	6255.00
1404.00	6433.00
1405.00	6251.00
1406.00	6237.00
1407.00	6274.00
1408.00	6035.00
1409.00	6418.00
1410.00	6232.00
1411.00	6277.00
1412.00	6233.00
1413.00	6180.00
1414.00	6231.00
1415.00	6127.00
1416.00	6219.00
1417.00	6232.00
1418.00	6373.00
1419.00	6331.00
1420.00	6353.00
1421.00	6319.00
1422.00	6303.00
1423.00	6184.00
1424.00	6454.00
1425.00	6406.00
1426.00	6430.00
1427.00	6308.00
1428.00	6340.00
1429.00	6281.00
1430.00	6483.00
1431.00	6296.00
1432.00	6392.00
1433.00	6493.00
1434.00	6449.00
1435.00	6523.00
1436.00	6677.00
1437.00	6567.00
1438.00	6658.00
1439.00	6578.00
1440.00	6574.00
1441.00	6304.00
1442.00	6691.00
1443.00	6492.00
1444.00	6601.00
1445.00	6424.00
1446.00	6378.00
1447.00	6367.00
1448.00	6254.00
1449.00	6168.00
1450.00	6455.00
1451.00	6382.00
1452.00	6416.00
1453.00	6068.00
1454.00	6346.00
1455.00	6242.00
1456.00	6095.00
1457.00	6036.00
1458.00	6141.00
1459.00	6053.00
1460.00	6207.00
1461.00	5847.00
1462.00	6099.00
1463.00	5966.00
1464.00	6065.00
1465.00	5983.00
1466.00	6077.00
1467.00	6018.00
1468.00	5993.00
1469.00	5921.00
1470.00	5860.00
1471.00	6029.00
1472.00	6125.00
1473.00	6067.00
1474.00	5998.00
1475.00	5811.00
1476.00	6040.00
1477.00	6045.00
1478.00	5911.00
1479.00	5971.00
1480.00	5904.00
1481.00	5976.00
1482.00	5989.00
1483.00	5914.00
1484.00	5940.00
1485.00	5903.00
1486.00	5998.00
1487.00	5995.00
1488.00	6236.00
1489.00	5920.00
1490.00	5985.00
1491.00	5914.00
1492.00	6015.00
1493.00	5931.00
1494.00	5944.00
1495.00	6128.00
1496.00	5983.00
1497.00	6058.00
1498.00	6010.00
1499.00	6199.00
1500.00	6071.00
1501.00	6128.00
1502.00	6075.00
1503.00	6322.00
1504.00	6353.00
1505.00	6311.00
1506.00	6440.00
1507.00	6465.00
1508.00	6473.00
1509.00	6675.00
1510.00	6681.00
1511.00	6780.00
1512.00	6782.00
1513.00	7031.00
1514.00	6979.00
1515.00	7072.00
1516.00	7075.00
1517.00	7056.00
1518.00	7180.00
1519.00	7222.00
1520.00	7170.00
1521.00	7224.00
1522.00	7341.00
1523.00	7174.00
1524.00	7190.00
1525.00	7218.00
1526.00	7262.00
1527.00	6970.00
1528.00	6958.00
1529.00	6957.00
1530.00	6856.00
1531.00	6894.00
1532.00	6885.00
1533.00	6706.00
1534.00	6617.00
1535.00	6566.00
1536.00	6588.00
1537.00	6522.00
1538.00	6646.00
1539.00	6634.00
1540.00	6524.00
1541.00	6541.00
1542.00	6611.00
1543.00	6478.00
1544.00	6637.00
1545.00	6666.00
1546.00	6702.00
1547.00	6826.00
1548.00	6814.00
1549.00	6838.00
1550.00	7083.00
1551.00	7024.00
1552.00	7046.00
1553.00	7072.00
1554.00	7336.00
1555.00	7380.00
1556.00	7401.00
1557.00	7347.00
1558.00	7456.00
1559.00	7637.00
1560.00	7754.00
1561.00	8050.00
1562.00	7957.00
1563.00	8337.00
1564.00	8310.00
1565.00	8384.00
1566.00	8527.00
1567.00	8527.00
1568.00	8633.00
1569.00	8813.00
1570.00	9064.00
1571.00	9144.00
1572.00	9331.00
1573.00	9423.00
1574.00	9419.00
1575.00	9679.00
1576.00	9551.00
1577.00	9817.00
1578.00	9826.00
1579.00	10053.00
1580.00	10121.00
1581.00	10208.00
1582.00	10310.00
1583.00	10464.00
1584.00	10426.00
1585.00	10297.00
1586.00	10516.00
1587.00	10536.00
1588.00	10723.00
1589.00	10406.00
1590.00	10520.00
1591.00	10386.00
1592.00	10347.00
1593.00	10533.00
1594.00	10586.00
1595.00	10348.00
1596.00	10330.00
1597.00	10220.00
1598.00	10066.00
1599.00	9884.00
1600.00	9722.00
1601.00	9766.00
1602.00	9608.00
1603.00	9405.00
1604.00	9401.00
1605.00	9061.00
1606.00	9140.00
1607.00	9132.00
1608.00	8665.00
1609.00	8777.00
1610.00	8488.00
1611.00	8444.00
1612.00	8080.00
1613.00	8101.00
1614.00	7901.00
1615.00	7829.00
1616.00	7590.00
1617.00	7515.00
1618.00	7462.00
1619.00	7254.00
1620.00	7129.00
1621.00	6999.00
1622.00	6918.00
1623.00	6836.00
1624.00	6544.00
1625.00	6561.00
1626.00	6408.00
1627.00	6163.00
1628.00	6372.00
1629.00	6026.00
1630.00	6115.00
1631.00	5970.00
1632.00	6027.00
1633.00	5839.00
1634.00	5765.00
1635.00	5775.00
1636.00	5742.00
1637.00	5466.00
1638.00	5513.00
1639.00	5435.00
1640.00	5521.00
1641.00	5473.00
1642.00	5299.00
1643.00	5190.00
1644.00	5287.00
1645.00	5148.00
1646.00	5195.00
1647.00	5065.00
1648.00	5174.00
1649.00	5086.00
1650.00	4971.00
1651.00	4868.00
1652.00	5012.00
1653.00	4981.00
1654.00	4954.00
1655.00	4989.00
1656.00	5043.00
1657.00	5068.00
1658.00	5026.00
1659.00	5149.00
1660.00	5237.00
1661.00	5298.00
1662.00	5421.00
1663.00	5568.00
1664.00	5690.00
1665.00	5848.00
1666.00	6163.00
1667.00	6251.00
1668.00	6511.00
1669.00	6752.00
1670.00	6993.00
1671.00	7184.00
1672.00	7517.00
1673.00	7746.00
1674.00	7968.00
1675.00	8252.00
1676.00	8365.00
1677.00	8635.00
1678.00	8725.00
1679.00	8934.00
1680.00	8952.00
1681.00	8874.00
1682.00	9182.00
1683.00	8943.00
1684.00	8939.00
1685.00	9002.00
1686.00	8869.00
1687.00	8664.00
1688.00	8518.00
1689.00	8061.00
1690.00	7734.00
1691.00	7585.00
1692.00	7240.00
1693.00	6967.00
1694.00	6730.00
1695.00	6347.00
1696.00	6126.00
1697.00	5710.00
1698.00	5478.00
1699.00	5329.00
1700.00	5089.00
1701.00	4900.00
1702.00	4829.00
1703.00	4590.00
1704.00	4581.00
1705.00	4329.00
1706.00	4378.00
1707.00	4262.00
1708.00	4249.00
1709.00	4129.00
1710.00	4159.00
1711.00	4099.00
1712.00	3989.00
1713.00	3923.00
1714.00	3913.00
1715.00	3884.00
1716.00	3933.00
1717.00	3965.00
1718.00	3792.00
1719.00	3858.00
1720.00	3832.00
1721.00	3750.00
1722.00	3791.00
1723.00	3826.00
1724.00	3875.00
1725.00	3750.00
1726.00	3933.00
1727.00	3834.00
1728.00	3762.00
1729.00	3714.00
1730.00	3882.00
1731.00	3784.00
1732.00	3815.00
1733.00	3742.00
1734.00	3853.00
1735.00	3911.00
1736.00	3780.00
1737.00	3814.00
1738.00	3938.00
1739.00	3819.00
1740.00	3907.00
1741.00	3925.00
1742.00	3877.00
1743.00	3901.00
1744.00	3786.00
1745.00	3919.00
1746.00	3843.00
1747.00	3943.00
1748.00	3895.00
1749.00	3970.00
1750.00	4088.00
1751.00	3874.00
1752.00	3873.00
1753.00	3872.00
1754.00	4029.00
1755.00	3879.00
1756.00	4066.00
1757.00	3981.00
1758.00	3945.00
1759.00	4008.00
1760.00	3947.00
1761.00	4020.00
1762.00	3969.00
1763.00	4084.00
1764.00	4036.00
1765.00	4032.00
1766.00	4006.00
1767.00	4013.00
1768.00	3919.00
1769.00	4070.00
1770.00	4102.00
1771.00	4022.00
1772.00	3912.00
1773.00	3899.00
1774.00	3861.00
1775.00	3908.00
1776.00	3936.00
1777.00	3880.00
1778.00	3837.00
1779.00	3808.00
1780.00	3861.00
1781.00	3893.00
1782.00	3861.00
1783.00	3785.00
1784.00	3774.00
1785.00	3757.00
1786.00	3725.00
1787.00	3719.00
1788.00	3665.00
1789.00	3657.00
1790.00	3712.00
1791.00	3525.00
1792.00	3510.00
1793.00	3582.00
1794.00	3556.00
1795.00	3441.00
1796.00	3402.00
1797.00	3370.00
1798.00	3235.00
1799.00	3430.00
1800.00	3169.00
1801.00	3299.00
1802.00	3166.00
1803.00	3153.00
1804.00	3212.00
1805.00	3041.00
1806.00	3051.00
1807.00	2969.00
1808.00	2986.00
1809.00	2905.00
1810.00	2872.00
1811.00	2899.00
1812.00	2777.00
1813.00	2890.00
1814.00	2840.00
1815.00	2804.00
1816.00	2896.00
1817.00	2754.00
1818.00	2757.00
1819.00	2658.00
1820.00	2609.00
1821.00	2724.00
1822.00	2612.00
1823.00	2613.00
1824.00	2588.00
1825.00	2521.00
1826.00	2421.00
1827.00	2528.00
1828.00	2449.00
1829.00	2457.00
1830.00	2493.00
1831.00	2430.00
1832.00	2396.00
1833.00	2330.00
1834.00	2354.00
1835.00	2365.00
1836.00	2312.00
1837.00	2278.00
1838.00	2207.00
1839.00	2339.00
1840.00	2227.00
1841.00	2240.00
1842.00	2184.00
1843.00	2158.00
1844.00	2186.00
1845.00	2160.00
1846.00	2161.00
1847.00	2191.00
1848.00	2235.00
1849.00	2160.00
1850.00	2118.00
1851.00	2066.00
1852.00	2050.00
1853.00	2121.00
1854.00	2053.00
1855.00	2026.00
1856.00	2122.00
1857.00	1987.00
1858.00	2079.00
1859.00	2063.00
1860.00	1930.00
1861.00	1981.00
1862.00	2019.00
1863.00	1943.00
1864.00	1982.00
1865.00	1925.00
1866.00	1917.00
1867.00	1918.00
1868.00	2024.00
1869.00	1945.00
1870.00	2074.00
1871.00	1997.00
1872.00	2110.00
1873.00	2032.00
1874.00	2021.00
1875.00	2137.00
1876.00	2066.00
1877.00	2061.00
1878.00	2106.00
1879.00	2188.00
1880.00	2310.00
1881.00	2190.00
1882.00	2282.00
1883.00	2303.00
1884.00	2275.00
1885.00	2335.00
1886.00	2273.00
1887.00	2388.00
1888.00	2459.00
1889.00	2372.00
1890.00	2383.00
1891.00	2349.00
1892.00	2426.00
1893.00	2224.00
1894.00	2244.00
1895.00	2298.00
1896.00	2186.00
1897.00	2135.00
1898.00	2109.00
1899.00	2098.00
1900.00	1993.00
1901.00	2000.00
1902.00	1949.00
1903.00	1870.00
1904.00	1865.00
1905.00	1897.00
1906.00	1756.00
1907.00	1778.00
1908.00	1680.00
1909.00	1732.00
1910.00	1688.00
1911.00	1717.00
1912.00	1641.00
1913.00	1669.00
1914.00	1647.00
1915.00	1612.00
1916.00	1606.00
1917.00	1618.00
1918.00	1641.00
1919.00	1569.00
1920.00	1606.00
1921.00	1641.00
1922.00	1514.00
1923.00	1576.00
1924.00	1511.00
1925.00	1510.00
1926.00	1587.00
1927.00	1496.00
1928.00	1504.00
1929.00	1428.00
1930.00	1455.00
1931.00	1484.00
1932.00	1455.00
1933.00	1377.00
1934.00	1411.00
1935.00	1380.00
1936.00	1422.00
1937.00	1401.00
1938.00	1308.00
1939.00	1404.00
1940.00	1412.00
1941.00	1423.00
1942.00	1303.00
1943.00	1303.00
1944.00	1378.00
1945.00	1320.00
1946.00	1258.00
1947.00	1277.00
1948.00	1227.00
1949.00	1264.00
1950.00	1192.00
1951.00	1249.00
1952.00	1232.00
1953.00	1231.00
1954.00	1229.00
1955.00	1190.00
1956.00	1274.00
1957.00	1199.00
1958.00	1253.00
1959.00	1238.00
1960.00	1238.00
1961.00	1171.00
1962.00	1191.00
1963.00	1171.00
1964.00	1203.00
1965.00	1138.00
1966.00	1153.00
1967.00	1199.00
1968.00	1134.00
1969.00	1202.00
1970.00	1089.00
1971.00	1178.00
1972.00	1180.00
1973.00	1206.00
1974.00	1109.00
1975.00	1099.00
1976.00	1148.00
1977.00	1114.00
1978.00	1184.00
1979.00	1207.00
1980.00	1115.00
1981.00	1152.00
1982.00	1039.00
1983.00	1059.00
1984.00	1097.00
1985.00	1112.00
1986.00	1092.00
1987.00	1028.00
1988.00	1087.00
1989.00	1045.00
1990.00	1073.00
1991.00	1098.00
1992.00	969.00
1993.00	1063.00
1994.00	1069.00
1995.00	1038.00
1996.00	960.00
1997.00	959.00
1998.00	1011.00
1999.00	972.00
2000.00	944.00
2001.00	946.00
2002.00	996.00
2003.00	948.00
2004.00	922.00
2005.00	991.00
2006.00	967.00
2007.00	975.00
2008.00	910.00
2009.00	926.00
2010.00	933.00
2011.00	934.00
2012.00	935.00
2013.00	926.00
2014.00	878.00
2015.00	871.00
2016.00	881.00
2017.00	928.00
2018.00	895.00
2019.00	883.00
2020.00	883.00
2021.00	893.00
2022.00	859.00
2023.00	870.00
2024.00	856.00
2025.00	837.00
2026.00	875.00
2027.00	856.00
2028.00	841.00
2029.00	833.00
2030.00	788.00
2031.00	781.00
2032.00	849.00
2033.00	794.00
2034.00	770.00
2035.00	821.00
2036.00	822.00
2037.00	827.00
2038.00	751.00
2039.00	739.00
2040.00	818.00
2041.00	779.00
2042.00	730.00
2043.00	774.00
2044.00	728.00
2045.00	739.00
2046.00	761.00
2047.00	750.00
2048.00	 0.00
