Date:	2023-09-18		
Time:	21:50		
Sample name:	Pellets		
Position:	1520.400011	mm	
Sample surface:	6.020908	cm	
Tube anode:	Mo		
Tube voltage:	30	kV	
Tube current:	50	mA	
Comments	in position		
Gain	5.810000		
peaking_time	0.300000	m-sec	
trigger_threshold	30.000000	V	
mca_bin_width	2.000000	no:	
number_mca_channels	2048.000000	no:	
gap_time	0.100000	m-sec	
trigger_peaking_time	0.050000	m-sec	
livetime	17.118527	seconds	
runtime	20.000148	seconds	
input_count_rate	121828.822356	cps	
output_count_rate	104275.728360	cps	
triggers	2344951.000000	seconds	
events_in_run	2074788.000000	seconds	
channel	content		
 1.00	 0.00
 2.00	 0.00
 3.00	 0.00
 4.00	 0.00
 5.00	 0.00
 6.00	 0.00
 7.00	 0.00
 8.00	 0.00
 9.00	 0.00
10.00	 0.00
11.00	 0.00
12.00	 0.00
13.00	 0.00
14.00	 0.00
15.00	 0.00
16.00	 0.00
17.00	 0.00
18.00	 0.00
19.00	 0.00
20.00	 0.00
21.00	 0.00
22.00	 0.00
23.00	 0.00
24.00	 0.00
25.00	 0.00
26.00	 0.00
27.00	 0.00
28.00	 0.00
29.00	 0.00
30.00	 0.00
31.00	 0.00
32.00	 0.00
33.00	 0.00
34.00	 1.00
35.00	 1.00
36.00	 2.00
37.00	 5.00
38.00	 3.00
39.00	 7.00
40.00	 8.00
41.00	 6.00
42.00	 6.00
43.00	13.00
44.00	11.00
45.00	14.00
46.00	24.00
47.00	19.00
48.00	20.00
49.00	28.00
50.00	28.00
51.00	33.00
52.00	38.00
53.00	25.00
54.00	33.00
55.00	29.00
56.00	34.00
57.00	35.00
58.00	46.00
59.00	44.00
60.00	41.00
61.00	47.00
62.00	46.00
63.00	50.00
64.00	29.00
65.00	44.00
66.00	59.00
67.00	47.00
68.00	54.00
69.00	54.00
70.00	50.00
71.00	31.00
72.00	29.00
73.00	49.00
74.00	39.00
75.00	45.00
76.00	44.00
77.00	39.00
78.00	48.00
79.00	45.00
80.00	46.00
81.00	40.00
82.00	36.00
83.00	37.00
84.00	37.00
85.00	43.00
86.00	42.00
87.00	34.00
88.00	42.00
89.00	39.00
90.00	31.00
91.00	36.00
92.00	36.00
93.00	40.00
94.00	47.00
95.00	30.00
96.00	35.00
97.00	47.00
98.00	44.00
99.00	29.00
100.00	41.00
101.00	36.00
102.00	40.00
103.00	33.00
104.00	34.00
105.00	30.00
106.00	33.00
107.00	29.00
108.00	36.00
109.00	39.00
110.00	35.00
111.00	24.00
112.00	21.00
113.00	32.00
114.00	41.00
115.00	40.00
116.00	33.00
117.00	39.00
118.00	39.00
119.00	29.00
120.00	31.00
121.00	35.00
122.00	24.00
123.00	33.00
124.00	24.00
125.00	28.00
126.00	32.00
127.00	23.00
128.00	24.00
129.00	25.00
130.00	25.00
131.00	15.00
132.00	25.00
133.00	23.00
134.00	26.00
135.00	16.00
136.00	32.00
137.00	42.00
138.00	36.00
139.00	50.00
140.00	45.00
141.00	59.00
142.00	81.00
143.00	109.00
144.00	100.00
145.00	108.00
146.00	95.00
147.00	107.00
148.00	86.00
149.00	73.00
150.00	73.00
151.00	56.00
152.00	61.00
153.00	56.00
154.00	41.00
155.00	56.00
156.00	36.00
157.00	34.00
158.00	41.00
159.00	55.00
160.00	81.00
161.00	157.00
162.00	223.00
163.00	402.00
164.00	586.00
165.00	849.00
166.00	1085.00
167.00	1373.00
168.00	1484.00
169.00	1575.00
170.00	1574.00
171.00	1312.00
172.00	1139.00
173.00	885.00
174.00	688.00
175.00	460.00
176.00	305.00
177.00	235.00
178.00	162.00
179.00	127.00
180.00	98.00
181.00	72.00
182.00	68.00
183.00	62.00
184.00	65.00
185.00	46.00
186.00	45.00
187.00	42.00
188.00	41.00
189.00	36.00
190.00	46.00
191.00	41.00
192.00	37.00
193.00	32.00
194.00	45.00
195.00	42.00
196.00	36.00
197.00	29.00
198.00	29.00
199.00	29.00
200.00	28.00
201.00	27.00
202.00	27.00
203.00	19.00
204.00	29.00
205.00	23.00
206.00	19.00
207.00	30.00
208.00	20.00
209.00	22.00
210.00	19.00
211.00	20.00
212.00	21.00
213.00	26.00
214.00	24.00
215.00	25.00
216.00	24.00
217.00	17.00
218.00	30.00
219.00	22.00
220.00	32.00
221.00	34.00
222.00	43.00
223.00	32.00
224.00	38.00
225.00	32.00
226.00	40.00
227.00	43.00
228.00	26.00
229.00	24.00
230.00	24.00
231.00	28.00
232.00	22.00
233.00	27.00
234.00	19.00
235.00	19.00
236.00	19.00
237.00	25.00
238.00	29.00
239.00	21.00
240.00	20.00
241.00	24.00
242.00	21.00
243.00	13.00
244.00	11.00
245.00	19.00
246.00	25.00
247.00	14.00
248.00	23.00
249.00	21.00
250.00	14.00
251.00	18.00
252.00	16.00
253.00	21.00
254.00	23.00
255.00	21.00
256.00	20.00
257.00	21.00
258.00	17.00
259.00	18.00
260.00	28.00
261.00	18.00
262.00	32.00
263.00	22.00
264.00	23.00
265.00	28.00
266.00	33.00
267.00	29.00
268.00	33.00
269.00	22.00
270.00	36.00
271.00	22.00
272.00	29.00
273.00	24.00
274.00	16.00
275.00	27.00
276.00	20.00
277.00	44.00
278.00	39.00
279.00	59.00
280.00	83.00
281.00	112.00
282.00	133.00
283.00	157.00
284.00	195.00
285.00	216.00
286.00	241.00
287.00	224.00
288.00	223.00
289.00	213.00
290.00	167.00
291.00	138.00
292.00	132.00
293.00	86.00
294.00	55.00
295.00	54.00
296.00	44.00
297.00	31.00
298.00	23.00
299.00	16.00
300.00	23.00
301.00	21.00
302.00	36.00
303.00	41.00
304.00	40.00
305.00	36.00
306.00	39.00
307.00	53.00
308.00	71.00
309.00	90.00
310.00	114.00
311.00	152.00
312.00	250.00
313.00	323.00
314.00	512.00
315.00	577.00
316.00	843.00
317.00	1118.00
318.00	1316.00
319.00	1550.00
320.00	1598.00
321.00	1752.00
322.00	1659.00
323.00	1509.00
324.00	1352.00
325.00	1153.00
326.00	908.00
327.00	676.00
328.00	507.00
329.00	339.00
330.00	261.00
331.00	147.00
332.00	135.00
333.00	62.00
334.00	42.00
335.00	50.00
336.00	33.00
337.00	63.00
338.00	57.00
339.00	73.00
340.00	80.00
341.00	102.00
342.00	154.00
343.00	168.00
344.00	229.00
345.00	254.00
346.00	285.00
347.00	388.00
348.00	467.00
349.00	541.00
350.00	653.00
351.00	777.00
352.00	950.00
353.00	1245.00
354.00	1360.00
355.00	1523.00
356.00	1648.00
357.00	1629.00
358.00	1697.00
359.00	1538.00
360.00	1420.00
361.00	1200.00
362.00	1058.00
363.00	846.00
364.00	646.00
365.00	450.00
366.00	326.00
367.00	216.00
368.00	129.00
369.00	83.00
370.00	68.00
371.00	48.00
372.00	37.00
373.00	35.00
374.00	30.00
375.00	34.00
376.00	39.00
377.00	45.00
378.00	65.00
379.00	61.00
380.00	68.00
381.00	97.00
382.00	117.00
383.00	155.00
384.00	180.00
385.00	220.00
386.00	196.00
387.00	247.00
388.00	262.00
389.00	269.00
390.00	303.00
391.00	277.00
392.00	184.00
393.00	173.00
394.00	184.00
395.00	145.00
396.00	109.00
397.00	88.00
398.00	75.00
399.00	59.00
400.00	53.00
401.00	46.00
402.00	44.00
403.00	33.00
404.00	41.00
405.00	36.00
406.00	40.00
407.00	48.00
408.00	31.00
409.00	38.00
410.00	41.00
411.00	23.00
412.00	42.00
413.00	34.00
414.00	30.00
415.00	47.00
416.00	36.00
417.00	42.00
418.00	54.00
419.00	51.00
420.00	57.00
421.00	69.00
422.00	98.00
423.00	118.00
424.00	130.00
425.00	214.00
426.00	318.00
427.00	365.00
428.00	539.00
429.00	659.00
430.00	916.00
431.00	1110.00
432.00	1276.00
433.00	1541.00
434.00	1669.00
435.00	1790.00
436.00	1898.00
437.00	1876.00
438.00	1822.00
439.00	1591.00
440.00	1396.00
441.00	1302.00
442.00	1006.00
443.00	813.00
444.00	649.00
445.00	549.00
446.00	470.00
447.00	387.00
448.00	347.00
449.00	289.00
450.00	298.00
451.00	269.00
452.00	264.00
453.00	261.00
454.00	214.00
455.00	215.00
456.00	176.00
457.00	152.00
458.00	148.00
459.00	117.00
460.00	137.00
461.00	133.00
462.00	143.00
463.00	151.00
464.00	172.00
465.00	198.00
466.00	202.00
467.00	203.00
468.00	234.00
469.00	269.00
470.00	293.00
471.00	366.00
472.00	380.00
473.00	398.00
474.00	448.00
475.00	457.00
476.00	475.00
477.00	472.00
478.00	468.00
479.00	418.00
480.00	456.00
481.00	398.00
482.00	370.00
483.00	286.00
484.00	248.00
485.00	221.00
486.00	189.00
487.00	151.00
488.00	133.00
489.00	136.00
490.00	117.00
491.00	108.00
492.00	86.00
493.00	88.00
494.00	104.00
495.00	117.00
496.00	88.00
497.00	110.00
498.00	104.00
499.00	102.00
500.00	119.00
501.00	132.00
502.00	134.00
503.00	142.00
504.00	147.00
505.00	142.00
506.00	148.00
507.00	157.00
508.00	160.00
509.00	165.00
510.00	185.00
511.00	161.00
512.00	189.00
513.00	213.00
514.00	203.00
515.00	206.00
516.00	197.00
517.00	243.00
518.00	233.00
519.00	305.00
520.00	258.00
521.00	284.00
522.00	307.00
523.00	364.00
524.00	313.00
525.00	327.00
526.00	318.00
527.00	275.00
528.00	288.00
529.00	264.00
530.00	239.00
531.00	251.00
532.00	243.00
533.00	209.00
534.00	225.00
535.00	192.00
536.00	206.00
537.00	201.00
538.00	214.00
539.00	198.00
540.00	220.00
541.00	198.00
542.00	209.00
543.00	228.00
544.00	222.00
545.00	227.00
546.00	206.00
547.00	211.00
548.00	215.00
549.00	232.00
550.00	221.00
551.00	253.00
552.00	233.00
553.00	244.00
554.00	297.00
555.00	285.00
556.00	342.00
557.00	379.00
558.00	478.00
559.00	626.00
560.00	736.00
561.00	891.00
562.00	1166.00
563.00	1463.00
564.00	1633.00
565.00	1953.00
566.00	2258.00
567.00	2512.00
568.00	2607.00
569.00	2693.00
570.00	2743.00
571.00	2731.00
572.00	2705.00
573.00	2395.00
574.00	2146.00
575.00	1813.00
576.00	1587.00
577.00	1263.00
578.00	1014.00
579.00	847.00
580.00	671.00
581.00	521.00
582.00	394.00
583.00	352.00
584.00	318.00
585.00	307.00
586.00	270.00
587.00	218.00
588.00	248.00
589.00	271.00
590.00	278.00
591.00	298.00
592.00	265.00
593.00	346.00
594.00	331.00
595.00	359.00
596.00	425.00
597.00	470.00
598.00	519.00
599.00	631.00
600.00	806.00
601.00	1090.00
602.00	1551.00
603.00	2062.00
604.00	2868.00
605.00	4123.00
606.00	5694.00
607.00	7989.00
608.00	10967.00
609.00	14658.00
610.00	19036.00
611.00	23838.00
612.00	29035.00
613.00	34608.00
614.00	39970.00
615.00	45410.00
616.00	49357.00
617.00	52472.00
618.00	53827.00
619.00	53601.00
620.00	52243.00
621.00	48826.00
622.00	44310.00
623.00	39375.00
624.00	33752.00
625.00	28081.00
626.00	22690.00
627.00	17783.00
628.00	13710.00
629.00	10154.00
630.00	7455.00
631.00	5294.00
632.00	3831.00
633.00	2669.00
634.00	1858.00
635.00	1351.00
636.00	974.00
637.00	739.00
638.00	594.00
639.00	552.00
640.00	448.00
641.00	399.00
642.00	385.00
643.00	391.00
644.00	361.00
645.00	362.00
646.00	380.00
647.00	397.00
648.00	370.00
649.00	432.00
650.00	395.00
651.00	430.00
652.00	430.00
653.00	448.00
654.00	471.00
655.00	451.00
656.00	460.00
657.00	469.00
658.00	489.00
659.00	535.00
660.00	550.00
661.00	581.00
662.00	619.00
663.00	689.00
664.00	767.00
665.00	819.00
666.00	983.00
667.00	1136.00
668.00	1353.00
669.00	1641.00
670.00	2060.00
671.00	2440.00
672.00	2921.00
673.00	3677.00
674.00	4387.00
675.00	5143.00
676.00	5833.00
677.00	6767.00
678.00	7517.00
679.00	8060.00
680.00	8549.00
681.00	8659.00
682.00	8692.00
683.00	8605.00
684.00	8107.00
685.00	7357.00
686.00	6709.00
687.00	5857.00
688.00	5071.00
689.00	4179.00
690.00	3522.00
691.00	2709.00
692.00	2151.00
693.00	1664.00
694.00	1337.00
695.00	1053.00
696.00	854.00
697.00	626.00
698.00	545.00
699.00	510.00
700.00	414.00
701.00	443.00
702.00	387.00
703.00	388.00
704.00	385.00
705.00	373.00
706.00	390.00
707.00	388.00
708.00	412.00
709.00	433.00
710.00	415.00
711.00	481.00
712.00	469.00
713.00	435.00
714.00	487.00
715.00	541.00
716.00	527.00
717.00	591.00
718.00	568.00
719.00	605.00
720.00	597.00
721.00	625.00
722.00	629.00
723.00	605.00
724.00	593.00
725.00	590.00
726.00	536.00
727.00	532.00
728.00	486.00
729.00	472.00
730.00	488.00
731.00	446.00
732.00	430.00
733.00	425.00
734.00	394.00
735.00	397.00
736.00	396.00
737.00	402.00
738.00	356.00
739.00	385.00
740.00	349.00
741.00	327.00
742.00	366.00
743.00	394.00
744.00	396.00
745.00	357.00
746.00	334.00
747.00	332.00
748.00	357.00
749.00	346.00
750.00	373.00
751.00	342.00
752.00	357.00
753.00	367.00
754.00	394.00
755.00	375.00
756.00	393.00
757.00	381.00
758.00	362.00
759.00	400.00
760.00	360.00
761.00	381.00
762.00	468.00
763.00	440.00
764.00	425.00
765.00	445.00
766.00	485.00
767.00	470.00
768.00	497.00
769.00	481.00
770.00	557.00
771.00	558.00
772.00	598.00
773.00	583.00
774.00	613.00
775.00	661.00
776.00	674.00
777.00	652.00
778.00	651.00
779.00	688.00
780.00	698.00
781.00	648.00
782.00	674.00
783.00	632.00
784.00	641.00
785.00	612.00
786.00	649.00
787.00	658.00
788.00	627.00
789.00	607.00
790.00	593.00
791.00	620.00
792.00	632.00
793.00	598.00
794.00	612.00
795.00	630.00
796.00	646.00
797.00	628.00
798.00	633.00
799.00	658.00
800.00	649.00
801.00	679.00
802.00	674.00
803.00	656.00
804.00	604.00
805.00	610.00
806.00	663.00
807.00	639.00
808.00	625.00
809.00	656.00
810.00	668.00
811.00	655.00
812.00	655.00
813.00	624.00
814.00	633.00
815.00	689.00
816.00	645.00
817.00	632.00
818.00	650.00
819.00	650.00
820.00	630.00
821.00	723.00
822.00	743.00
823.00	805.00
824.00	878.00
825.00	897.00
826.00	890.00
827.00	980.00
828.00	1063.00
829.00	1157.00
830.00	1140.00
831.00	1133.00
832.00	1207.00
833.00	1240.00
834.00	1245.00
835.00	1178.00
836.00	1197.00
837.00	1108.00
838.00	1020.00
839.00	1008.00
840.00	966.00
841.00	915.00
842.00	861.00
843.00	809.00
844.00	731.00
845.00	689.00
846.00	701.00
847.00	765.00
848.00	673.00
849.00	665.00
850.00	615.00
851.00	670.00
852.00	676.00
853.00	705.00
854.00	636.00
855.00	657.00
856.00	618.00
857.00	637.00
858.00	698.00
859.00	645.00
860.00	645.00
861.00	682.00
862.00	686.00
863.00	634.00
864.00	655.00
865.00	639.00
866.00	649.00
867.00	728.00
868.00	663.00
869.00	671.00
870.00	687.00
871.00	682.00
872.00	629.00
873.00	728.00
874.00	685.00
875.00	663.00
876.00	747.00
877.00	673.00
878.00	712.00
879.00	700.00
880.00	698.00
881.00	723.00
882.00	746.00
883.00	747.00
884.00	706.00
885.00	745.00
886.00	753.00
887.00	783.00
888.00	777.00
889.00	817.00
890.00	759.00
891.00	739.00
892.00	775.00
893.00	805.00
894.00	805.00
895.00	829.00
896.00	800.00
897.00	811.00
898.00	831.00
899.00	833.00
900.00	792.00
901.00	792.00
902.00	883.00
903.00	778.00
904.00	862.00
905.00	821.00
906.00	749.00
907.00	799.00
908.00	768.00
909.00	850.00
910.00	742.00
911.00	852.00
912.00	857.00
913.00	849.00
914.00	854.00
915.00	808.00
916.00	876.00
917.00	878.00
918.00	871.00
919.00	920.00
920.00	860.00
921.00	969.00
922.00	905.00
923.00	907.00
924.00	960.00
925.00	942.00
926.00	890.00
927.00	937.00
928.00	910.00
929.00	938.00
930.00	887.00
931.00	894.00
932.00	898.00
933.00	911.00
934.00	871.00
935.00	839.00
936.00	901.00
937.00	842.00
938.00	860.00
939.00	818.00
940.00	807.00
941.00	819.00
942.00	785.00
943.00	827.00
944.00	826.00
945.00	829.00
946.00	844.00
947.00	770.00
948.00	770.00
949.00	842.00
950.00	809.00
951.00	830.00
952.00	808.00
953.00	782.00
954.00	811.00
955.00	774.00
956.00	831.00
957.00	840.00
958.00	869.00
959.00	859.00
960.00	851.00
961.00	836.00
962.00	839.00
963.00	835.00
964.00	816.00
965.00	845.00
966.00	824.00
967.00	809.00
968.00	819.00
969.00	807.00
970.00	830.00
971.00	753.00
972.00	801.00
973.00	827.00
974.00	852.00
975.00	803.00
976.00	817.00
977.00	868.00
978.00	823.00
979.00	806.00
980.00	834.00
981.00	833.00
982.00	850.00
983.00	815.00
984.00	905.00
985.00	852.00
986.00	890.00
987.00	826.00
988.00	757.00
989.00	814.00
990.00	833.00
991.00	944.00
992.00	821.00
993.00	818.00
994.00	872.00
995.00	905.00
996.00	856.00
997.00	800.00
998.00	831.00
999.00	849.00
1000.00	848.00
1001.00	842.00
1002.00	845.00
1003.00	859.00
1004.00	857.00
1005.00	895.00
1006.00	930.00
1007.00	960.00
1008.00	884.00
1009.00	940.00
1010.00	921.00
1011.00	924.00
1012.00	874.00
1013.00	976.00
1014.00	974.00
1015.00	1001.00
1016.00	922.00
1017.00	1004.00
1018.00	929.00
1019.00	962.00
1020.00	933.00
1021.00	919.00
1022.00	908.00
1023.00	944.00
1024.00	900.00
1025.00	943.00
1026.00	868.00
1027.00	891.00
1028.00	905.00
1029.00	886.00
1030.00	847.00
1031.00	810.00
1032.00	907.00
1033.00	863.00
1034.00	841.00
1035.00	880.00
1036.00	804.00
1037.00	858.00
1038.00	864.00
1039.00	853.00
1040.00	839.00
1041.00	855.00
1042.00	871.00
1043.00	848.00
1044.00	879.00
1045.00	872.00
1046.00	817.00
1047.00	932.00
1048.00	871.00
1049.00	920.00
1050.00	909.00
1051.00	842.00
1052.00	918.00
1053.00	874.00
1054.00	865.00
1055.00	896.00
1056.00	868.00
1057.00	935.00
1058.00	877.00
1059.00	867.00
1060.00	873.00
1061.00	893.00
1062.00	845.00
1063.00	836.00
1064.00	848.00
1065.00	863.00
1066.00	862.00
1067.00	889.00
1068.00	900.00
1069.00	913.00
1070.00	898.00
1071.00	913.00
1072.00	890.00
1073.00	850.00
1074.00	926.00
1075.00	915.00
1076.00	934.00
1077.00	945.00
1078.00	920.00
1079.00	967.00
1080.00	942.00
1081.00	887.00
1082.00	945.00
1083.00	899.00
1084.00	918.00
1085.00	975.00
1086.00	930.00
1087.00	937.00
1088.00	886.00
1089.00	919.00
1090.00	938.00
1091.00	901.00
1092.00	915.00
1093.00	942.00
1094.00	916.00
1095.00	869.00
1096.00	966.00
1097.00	980.00
1098.00	908.00
1099.00	955.00
1100.00	919.00
1101.00	935.00
1102.00	943.00
1103.00	968.00
1104.00	975.00
1105.00	976.00
1106.00	969.00
1107.00	958.00
1108.00	930.00
1109.00	971.00
1110.00	938.00
1111.00	953.00
1112.00	917.00
1113.00	914.00
1114.00	972.00
1115.00	925.00
1116.00	977.00
1117.00	878.00
1118.00	900.00
1119.00	915.00
1120.00	1014.00
1121.00	898.00
1122.00	921.00
1123.00	936.00
1124.00	920.00
1125.00	944.00
1126.00	946.00
1127.00	951.00
1128.00	969.00
1129.00	935.00
1130.00	926.00
1131.00	950.00
1132.00	941.00
1133.00	910.00
1134.00	951.00
1135.00	934.00
1136.00	940.00
1137.00	914.00
1138.00	932.00
1139.00	962.00
1140.00	957.00
1141.00	992.00
1142.00	985.00
1143.00	984.00
1144.00	992.00
1145.00	905.00
1146.00	953.00
1147.00	981.00
1148.00	977.00
1149.00	930.00
1150.00	940.00
1151.00	978.00
1152.00	952.00
1153.00	979.00
1154.00	1002.00
1155.00	937.00
1156.00	956.00
1157.00	947.00
1158.00	913.00
1159.00	945.00
1160.00	926.00
1161.00	949.00
1162.00	902.00
1163.00	914.00
1164.00	995.00
1165.00	924.00
1166.00	949.00
1167.00	893.00
1168.00	885.00
1169.00	899.00
1170.00	919.00
1171.00	922.00
1172.00	965.00
1173.00	954.00
1174.00	887.00
1175.00	891.00
1176.00	922.00
1177.00	927.00
1178.00	940.00
1179.00	904.00
1180.00	920.00
1181.00	874.00
1182.00	938.00
1183.00	924.00
1184.00	947.00
1185.00	941.00
1186.00	945.00
1187.00	1011.00
1188.00	961.00
1189.00	979.00
1190.00	921.00
1191.00	970.00
1192.00	940.00
1193.00	945.00
1194.00	916.00
1195.00	915.00
1196.00	919.00
1197.00	995.00
1198.00	989.00
1199.00	947.00
1200.00	928.00
1201.00	933.00
1202.00	923.00
1203.00	960.00
1204.00	956.00
1205.00	963.00
1206.00	958.00
1207.00	954.00
1208.00	976.00
1209.00	895.00
1210.00	1000.00
1211.00	969.00
1212.00	893.00
1213.00	1063.00
1214.00	1010.00
1215.00	980.00
1216.00	1044.00
1217.00	936.00
1218.00	969.00
1219.00	1016.00
1220.00	1058.00
1221.00	1018.00
1222.00	1076.00
1223.00	1087.00
1224.00	994.00
1225.00	963.00
1226.00	1058.00
1227.00	1061.00
1228.00	1063.00
1229.00	1042.00
1230.00	1069.00
1231.00	1037.00
1232.00	1092.00
1233.00	1093.00
1234.00	1068.00
1235.00	1120.00
1236.00	1057.00
1237.00	1087.00
1238.00	970.00
1239.00	1027.00
1240.00	1073.00
1241.00	1053.00
1242.00	1004.00
1243.00	1019.00
1244.00	1009.00
1245.00	1037.00
1246.00	973.00
1247.00	1064.00
1248.00	983.00
1249.00	930.00
1250.00	951.00
1251.00	1027.00
1252.00	981.00
1253.00	917.00
1254.00	937.00
1255.00	933.00
1256.00	908.00
1257.00	959.00
1258.00	947.00
1259.00	904.00
1260.00	974.00
1261.00	965.00
1262.00	1011.00
1263.00	880.00
1264.00	940.00
1265.00	955.00
1266.00	947.00
1267.00	1047.00
1268.00	929.00
1269.00	954.00
1270.00	937.00
1271.00	977.00
1272.00	984.00
1273.00	959.00
1274.00	956.00
1275.00	923.00
1276.00	965.00
1277.00	984.00
1278.00	1037.00
1279.00	1068.00
1280.00	1029.00
1281.00	1043.00
1282.00	1093.00
1283.00	1049.00
1284.00	1071.00
1285.00	1149.00
1286.00	1086.00
1287.00	1098.00
1288.00	1088.00
1289.00	1149.00
1290.00	1100.00
1291.00	1163.00
1292.00	1182.00
1293.00	1141.00
1294.00	1109.00
1295.00	1109.00
1296.00	1101.00
1297.00	1111.00
1298.00	1081.00
1299.00	1057.00
1300.00	1051.00
1301.00	1080.00
1302.00	961.00
1303.00	1017.00
1304.00	961.00
1305.00	994.00
1306.00	944.00
1307.00	944.00
1308.00	988.00
1309.00	934.00
1310.00	974.00
1311.00	1010.00
1312.00	907.00
1313.00	886.00
1314.00	950.00
1315.00	931.00
1316.00	887.00
1317.00	962.00
1318.00	936.00
1319.00	972.00
1320.00	978.00
1321.00	933.00
1322.00	914.00
1323.00	923.00
1324.00	936.00
1325.00	907.00
1326.00	966.00
1327.00	935.00
1328.00	902.00
1329.00	918.00
1330.00	931.00
1331.00	875.00
1332.00	946.00
1333.00	893.00
1334.00	941.00
1335.00	912.00
1336.00	966.00
1337.00	925.00
1338.00	908.00
1339.00	899.00
1340.00	947.00
1341.00	936.00
1342.00	859.00
1343.00	886.00
1344.00	931.00
1345.00	914.00
1346.00	913.00
1347.00	922.00
1348.00	935.00
1349.00	956.00
1350.00	1036.00
1351.00	925.00
1352.00	966.00
1353.00	966.00
1354.00	1008.00
1355.00	985.00
1356.00	1056.00
1357.00	1025.00
1358.00	1027.00
1359.00	1080.00
1360.00	1020.00
1361.00	1054.00
1362.00	1023.00
1363.00	1050.00
1364.00	1058.00
1365.00	1062.00
1366.00	1093.00
1367.00	1048.00
1368.00	1022.00
1369.00	1045.00
1370.00	1004.00
1371.00	971.00
1372.00	979.00
1373.00	925.00
1374.00	938.00
1375.00	952.00
1376.00	928.00
1377.00	958.00
1378.00	876.00
1379.00	890.00
1380.00	852.00
1381.00	887.00
1382.00	864.00
1383.00	858.00
1384.00	848.00
1385.00	854.00
1386.00	881.00
1387.00	834.00
1388.00	836.00
1389.00	832.00
1390.00	743.00
1391.00	857.00
1392.00	820.00
1393.00	801.00
1394.00	874.00
1395.00	830.00
1396.00	833.00
1397.00	857.00
1398.00	833.00
1399.00	847.00
1400.00	796.00
1401.00	840.00
1402.00	885.00
1403.00	821.00
1404.00	800.00
1405.00	827.00
1406.00	809.00
1407.00	842.00
1408.00	821.00
1409.00	806.00
1410.00	797.00
1411.00	843.00
1412.00	764.00
1413.00	831.00
1414.00	840.00
1415.00	830.00
1416.00	826.00
1417.00	850.00
1418.00	816.00
1419.00	906.00
1420.00	833.00
1421.00	819.00
1422.00	827.00
1423.00	862.00
1424.00	811.00
1425.00	852.00
1426.00	810.00
1427.00	821.00
1428.00	818.00
1429.00	846.00
1430.00	820.00
1431.00	811.00
1432.00	869.00
1433.00	843.00
1434.00	876.00
1435.00	866.00
1436.00	864.00
1437.00	861.00
1438.00	849.00
1439.00	893.00
1440.00	875.00
1441.00	852.00
1442.00	843.00
1443.00	852.00
1444.00	786.00
1445.00	866.00
1446.00	821.00
1447.00	842.00
1448.00	895.00
1449.00	835.00
1450.00	875.00
1451.00	858.00
1452.00	803.00
1453.00	799.00
1454.00	780.00
1455.00	817.00
1456.00	779.00
1457.00	761.00
1458.00	827.00
1459.00	800.00
1460.00	808.00
1461.00	728.00
1462.00	781.00
1463.00	848.00
1464.00	840.00
1465.00	802.00
1466.00	779.00
1467.00	740.00
1468.00	741.00
1469.00	741.00
1470.00	804.00
1471.00	748.00
1472.00	755.00
1473.00	798.00
1474.00	752.00
1475.00	749.00
1476.00	758.00
1477.00	797.00
1478.00	742.00
1479.00	778.00
1480.00	729.00
1481.00	811.00
1482.00	785.00
1483.00	789.00
1484.00	771.00
1485.00	777.00
1486.00	800.00
1487.00	818.00
1488.00	733.00
1489.00	767.00
1490.00	734.00
1491.00	786.00
1492.00	760.00
1493.00	808.00
1494.00	768.00
1495.00	804.00
1496.00	769.00
1497.00	806.00
1498.00	754.00
1499.00	770.00
1500.00	801.00
1501.00	816.00
1502.00	794.00
1503.00	820.00
1504.00	829.00
1505.00	844.00
1506.00	923.00
1507.00	802.00
1508.00	848.00
1509.00	878.00
1510.00	839.00
1511.00	947.00
1512.00	949.00
1513.00	915.00
1514.00	875.00
1515.00	885.00
1516.00	941.00
1517.00	902.00
1518.00	916.00
1519.00	936.00
1520.00	945.00
1521.00	944.00
1522.00	898.00
1523.00	918.00
1524.00	991.00
1525.00	892.00
1526.00	974.00
1527.00	939.00
1528.00	924.00
1529.00	835.00
1530.00	875.00
1531.00	856.00
1532.00	890.00
1533.00	857.00
1534.00	821.00
1535.00	837.00
1536.00	828.00
1537.00	851.00
1538.00	860.00
1539.00	847.00
1540.00	900.00
1541.00	862.00
1542.00	862.00
1543.00	839.00
1544.00	786.00
1545.00	914.00
1546.00	863.00
1547.00	890.00
1548.00	903.00
1549.00	864.00
1550.00	892.00
1551.00	907.00
1552.00	867.00
1553.00	927.00
1554.00	975.00
1555.00	995.00
1556.00	949.00
1557.00	915.00
1558.00	1010.00
1559.00	998.00
1560.00	1011.00
1561.00	1036.00
1562.00	1047.00
1563.00	1127.00
1564.00	1056.00
1565.00	1094.00
1566.00	1099.00
1567.00	1159.00
1568.00	1145.00
1569.00	1198.00
1570.00	1223.00
1571.00	1163.00
1572.00	1203.00
1573.00	1185.00
1574.00	1259.00
1575.00	1267.00
1576.00	1312.00
1577.00	1267.00
1578.00	1322.00
1579.00	1327.00
1580.00	1395.00
1581.00	1291.00
1582.00	1378.00
1583.00	1404.00
1584.00	1441.00
1585.00	1411.00
1586.00	1400.00
1587.00	1350.00
1588.00	1354.00
1589.00	1394.00
1590.00	1408.00
1591.00	1388.00
1592.00	1447.00
1593.00	1384.00
1594.00	1331.00
1595.00	1384.00
1596.00	1382.00
1597.00	1312.00
1598.00	1345.00
1599.00	1345.00
1600.00	1351.00
1601.00	1210.00
1602.00	1259.00
1603.00	1271.00
1604.00	1227.00
1605.00	1232.00
1606.00	1253.00
1607.00	1196.00
1608.00	1143.00
1609.00	1161.00
1610.00	1192.00
1611.00	1149.00
1612.00	1180.00
1613.00	994.00
1614.00	1050.00
1615.00	993.00
1616.00	990.00
1617.00	993.00
1618.00	1021.00
1619.00	924.00
1620.00	907.00
1621.00	949.00
1622.00	889.00
1623.00	887.00
1624.00	845.00
1625.00	837.00
1626.00	849.00
1627.00	827.00
1628.00	770.00
1629.00	787.00
1630.00	773.00
1631.00	797.00
1632.00	797.00
1633.00	707.00
1634.00	714.00
1635.00	769.00
1636.00	716.00
1637.00	711.00
1638.00	714.00
1639.00	709.00
1640.00	677.00
1641.00	678.00
1642.00	657.00
1643.00	690.00
1644.00	654.00
1645.00	632.00
1646.00	671.00
1647.00	648.00
1648.00	628.00
1649.00	609.00
1650.00	676.00
1651.00	666.00
1652.00	634.00
1653.00	589.00
1654.00	653.00
1655.00	627.00
1656.00	666.00
1657.00	651.00
1658.00	699.00
1659.00	609.00
1660.00	645.00
1661.00	686.00
1662.00	677.00
1663.00	707.00
1664.00	701.00
1665.00	774.00
1666.00	786.00
1667.00	775.00
1668.00	878.00
1669.00	860.00
1670.00	868.00
1671.00	911.00
1672.00	929.00
1673.00	976.00
1674.00	1077.00
1675.00	1042.00
1676.00	1015.00
1677.00	1000.00
1678.00	1069.00
1679.00	1071.00
1680.00	1107.00
1681.00	1122.00
1682.00	1150.00
1683.00	1095.00
1684.00	1138.00
1685.00	1071.00
1686.00	1062.00
1687.00	1053.00
1688.00	1009.00
1689.00	1028.00
1690.00	948.00
1691.00	948.00
1692.00	931.00
1693.00	804.00
1694.00	813.00
1695.00	787.00
1696.00	765.00
1697.00	767.00
1698.00	678.00
1699.00	704.00
1700.00	667.00
1701.00	590.00
1702.00	656.00
1703.00	598.00
1704.00	554.00
1705.00	566.00
1706.00	536.00
1707.00	520.00
1708.00	564.00
1709.00	524.00
1710.00	553.00
1711.00	522.00
1712.00	497.00
1713.00	486.00
1714.00	465.00
1715.00	518.00
1716.00	490.00
1717.00	495.00
1718.00	480.00
1719.00	476.00
1720.00	483.00
1721.00	508.00
1722.00	475.00
1723.00	480.00
1724.00	523.00
1725.00	463.00
1726.00	474.00
1727.00	503.00
1728.00	472.00
1729.00	540.00
1730.00	483.00
1731.00	502.00
1732.00	463.00
1733.00	493.00
1734.00	472.00
1735.00	529.00
1736.00	486.00
1737.00	517.00
1738.00	449.00
1739.00	514.00
1740.00	490.00
1741.00	505.00
1742.00	517.00
1743.00	472.00
1744.00	488.00
1745.00	473.00
1746.00	524.00
1747.00	479.00
1748.00	537.00
1749.00	513.00
1750.00	486.00
1751.00	501.00
1752.00	514.00
1753.00	509.00
1754.00	503.00
1755.00	523.00
1756.00	532.00
1757.00	518.00
1758.00	569.00
1759.00	516.00
1760.00	494.00
1761.00	513.00
1762.00	518.00
1763.00	551.00
1764.00	529.00
1765.00	515.00
1766.00	497.00
1767.00	511.00
1768.00	504.00
1769.00	501.00
1770.00	515.00
1771.00	544.00
1772.00	480.00
1773.00	532.00
1774.00	506.00
1775.00	515.00
1776.00	550.00
1777.00	492.00
1778.00	527.00
1779.00	497.00
1780.00	508.00
1781.00	479.00
1782.00	487.00
1783.00	506.00
1784.00	480.00
1785.00	497.00
1786.00	474.00
1787.00	476.00
1788.00	452.00
1789.00	485.00
1790.00	498.00
1791.00	438.00
1792.00	416.00
1793.00	500.00
1794.00	422.00
1795.00	406.00
1796.00	430.00
1797.00	399.00
1798.00	429.00
1799.00	424.00
1800.00	406.00
1801.00	395.00
1802.00	400.00
1803.00	375.00
1804.00	394.00
1805.00	373.00
1806.00	369.00
1807.00	380.00
1808.00	382.00
1809.00	389.00
1810.00	373.00
1811.00	357.00
1812.00	383.00
1813.00	366.00
1814.00	355.00
1815.00	319.00
1816.00	378.00
1817.00	358.00
1818.00	374.00
1819.00	341.00
1820.00	327.00
1821.00	332.00
1822.00	310.00
1823.00	337.00
1824.00	329.00
1825.00	279.00
1826.00	337.00
1827.00	314.00
1828.00	282.00
1829.00	336.00
1830.00	308.00
1831.00	277.00
1832.00	289.00
1833.00	287.00
1834.00	282.00
1835.00	300.00
1836.00	295.00
1837.00	295.00
1838.00	265.00
1839.00	291.00
1840.00	316.00
1841.00	297.00
1842.00	257.00
1843.00	288.00
1844.00	294.00
1845.00	275.00
1846.00	272.00
1847.00	283.00
1848.00	274.00
1849.00	267.00
1850.00	246.00
1851.00	288.00
1852.00	262.00
1853.00	260.00
1854.00	281.00
1855.00	237.00
1856.00	253.00
1857.00	267.00
1858.00	261.00
1859.00	248.00
1860.00	241.00
1861.00	263.00
1862.00	240.00
1863.00	270.00
1864.00	240.00
1865.00	240.00
1866.00	251.00
1867.00	236.00
1868.00	256.00
1869.00	225.00
1870.00	232.00
1871.00	253.00
1872.00	243.00
1873.00	244.00
1874.00	241.00
1875.00	259.00
1876.00	257.00
1877.00	286.00
1878.00	269.00
1879.00	273.00
1880.00	267.00
1881.00	286.00
1882.00	298.00
1883.00	289.00
1884.00	271.00
1885.00	287.00
1886.00	311.00
1887.00	299.00
1888.00	289.00
1889.00	296.00
1890.00	280.00
1891.00	274.00
1892.00	288.00
1893.00	291.00
1894.00	273.00
1895.00	294.00
1896.00	293.00
1897.00	257.00
1898.00	241.00
1899.00	231.00
1900.00	228.00
1901.00	226.00
1902.00	226.00
1903.00	222.00
1904.00	197.00
1905.00	204.00
1906.00	249.00
1907.00	240.00
1908.00	206.00
1909.00	219.00
1910.00	210.00
1911.00	224.00
1912.00	203.00
1913.00	204.00
1914.00	201.00
1915.00	202.00
1916.00	244.00
1917.00	186.00
1918.00	203.00
1919.00	220.00
1920.00	214.00
1921.00	204.00
1922.00	182.00
1923.00	175.00
1924.00	175.00
1925.00	186.00
1926.00	211.00
1927.00	183.00
1928.00	171.00
1929.00	186.00
1930.00	189.00
1931.00	189.00
1932.00	178.00
1933.00	187.00
1934.00	195.00
1935.00	204.00
1936.00	187.00
1937.00	172.00
1938.00	154.00
1939.00	161.00
1940.00	180.00
1941.00	157.00
1942.00	165.00
1943.00	158.00
1944.00	195.00
1945.00	162.00
1946.00	153.00
1947.00	153.00
1948.00	155.00
1949.00	159.00
1950.00	145.00
1951.00	154.00
1952.00	154.00
1953.00	147.00
1954.00	171.00
1955.00	158.00
1956.00	167.00
1957.00	143.00
1958.00	151.00
1959.00	126.00
1960.00	141.00
1961.00	161.00
1962.00	152.00
1963.00	151.00
1964.00	142.00
1965.00	141.00
1966.00	138.00
1967.00	152.00
1968.00	142.00
1969.00	124.00
1970.00	126.00
1971.00	166.00
1972.00	145.00
1973.00	134.00
1974.00	149.00
1975.00	164.00
1976.00	140.00
1977.00	149.00
1978.00	133.00
1979.00	144.00
1980.00	160.00
1981.00	141.00
1982.00	147.00
1983.00	126.00
1984.00	142.00
1985.00	130.00
1986.00	149.00
1987.00	132.00
1988.00	141.00
1989.00	105.00
1990.00	136.00
1991.00	138.00
1992.00	153.00
1993.00	110.00
1994.00	124.00
1995.00	120.00
1996.00	136.00
1997.00	137.00
1998.00	117.00
1999.00	135.00
2000.00	141.00
2001.00	123.00
2002.00	116.00
2003.00	142.00
2004.00	119.00
2005.00	124.00
2006.00	118.00
2007.00	112.00
2008.00	97.00
2009.00	130.00
2010.00	112.00
2011.00	103.00
2012.00	120.00
2013.00	132.00
2014.00	116.00
2015.00	129.00
2016.00	100.00
2017.00	109.00
2018.00	99.00
2019.00	109.00
2020.00	99.00
2021.00	118.00
2022.00	119.00
2023.00	128.00
2024.00	91.00
2025.00	100.00
2026.00	82.00
2027.00	108.00
2028.00	93.00
2029.00	112.00
2030.00	120.00
2031.00	114.00
2032.00	116.00
2033.00	89.00
2034.00	106.00
2035.00	106.00
2036.00	114.00
2037.00	119.00
2038.00	98.00
2039.00	84.00
2040.00	110.00
2041.00	97.00
2042.00	87.00
2043.00	88.00
2044.00	99.00
2045.00	93.00
2046.00	98.00
2047.00	86.00
2048.00	 0.00
