C:\Data\UCD\Agriculture\Sharon_ORourke\Shayan\Pellet_17     2023-09-18  re-evaluated data
peakarea
filename	position (mm)	sample surface	validity	E-gain	E-offset	F-slope	F-offset	cps	MSE	Al	Si	S	Cl	Ar	K	Ca	Ti	V	Cr	Mn	Fe	Ni	Cu	Zn	As	Br	Rb	Sr	Zr	Sb	Ba	Ce	Pr	Nd	Sm	Eu	Gd	Fe a*2	Fe a+b	Fe X1	Fe X2	Fe X3	W La	W Lb1	W Lb2	W La inel	W Lb1 inel	W Lb2 inel	Mo inc	Mo coh	Dt	
C:\Data\UCD\Agriculture\Sharon_ORourke\Shayan\Pellet_17\XRF data\L000000.spe	566.00	5.89	1	0.010381	-0.008249	0.010160	0.076187	91685	3.67	4.125	14.623	0.000	0.000	2.409	24.718	134.013	17.425	1.352	2.702	30.442	429.303	2.238	4.661	3.406	1.325	0.399	1.800	2.812	2.269	0.835	0.941	0.817	0.795	0.928	1.252	0.000	0.155	1.873	0.549	9.105	1.799	1.883	1.170	1.722	2.443	0.962	1.892	0.983	31.500	13.167	0.125	
C:\Data\UCD\Agriculture\Sharon_ORourke\Shayan\Pellet_17\XRF data\L000001.spe	566.20	5.89	1	0.010376	-0.008249	0.010160	0.076187	84988	3.42	3.400	13.102	0.013	0.055	2.587	22.707	109.888	15.697	1.404	2.552	26.364	381.317	2.025	4.006	3.321	0.891	0.203	1.504	3.302	1.468	0.776	1.559	0.451	0.688	0.820	1.423	0.000	0.090	1.773	0.555	10.057	1.986	1.548	1.687	2.036	1.778	0.968	2.338	1.000	31.682	13.548	0.121	
C:\Data\UCD\Agriculture\Sharon_ORourke\Shayan\Pellet_17\XRF data\L000002.spe	566.40	5.89	1	0.010378	-0.008249	0.010160	0.076187	88324	3.27	2.525	12.650	0.042	0.067	2.517	22.235	102.108	20.226	1.552	2.519	26.312	417.800	1.934	3.050	3.723	1.250	0.334	2.311	3.015	1.152	0.705	1.393	0.475	0.670	0.852	1.350	0.000	0.133	1.863	0.222	10.585	1.972	1.789	1.058	1.852	2.070	0.887	1.940	1.016	32.714	13.252	0.123	
C:\Data\UCD\Agriculture\Sharon_ORourke\Shayan\Pellet_17\XRF data\L000003.spe	566.60	5.89	1	0.010379	-0.008249	0.010160	0.076187	92767	3.14	1.972	13.870	0.011	0.000	2.521	24.394	116.208	21.568	1.498	2.764	26.131	447.876	2.123	2.688	4.009	1.414	0.208	1.813	3.247	0.958	0.793	1.053	0.858	0.840	0.775	1.459	0.000	0.158	2.279	1.159	10.110	2.118	1.878	1.366	1.948	1.956	0.999	1.894	1.454	34.133	13.763	0.127	
C:\Data\UCD\Agriculture\Sharon_ORourke\Shayan\Pellet_17\XRF data\L000004.spe	566.80	5.89	1	0.010380	-0.008249	0.010160	0.076187	91515	3.31	1.535	13.463	0.000	0.000	2.316	23.601	124.662	20.330	1.486	2.698	22.734	428.857	1.936	2.098	3.487	1.347	0.265	1.796	3.221	1.106	0.771	1.174	0.713	0.732	0.829	1.374	0.000	0.138	2.104	0.765	9.670	2.035	1.700	1.051	1.713	1.516	0.989	1.941	0.937	34.097	14.030	0.126	
C:\Data\UCD\Agriculture\Sharon_ORourke\Shayan\Pellet_17\XRF data\L000005.spe	567.00	5.89	1	0.010380	-0.008249	0.010160	0.076187	94844	3.64	1.181	13.923	0.000	0.000	2.507	23.875	134.784	20.883	1.696	3.143	24.780	453.173	2.126	1.680	3.573	1.218	0.460	1.958	2.970	1.600	0.743	1.347	0.531	0.769	0.842	1.475	0.000	0.013	2.078	0.263	9.564	2.149	1.867	1.560	1.606	1.684	1.428	2.061	1.215	34.491	14.282	0.129	
C:\Data\UCD\Agriculture\Sharon_ORourke\Shayan\Pellet_17\XRF data\L000006.spe	567.20	5.89	1	0.010376	-0.008249	0.010160	0.076187	96080	3.55	1.008	14.785	0.007	0.000	2.571	25.848	126.126	18.941	1.736	3.060	31.497	462.404	2.222	1.452	4.005	1.193	0.296	2.174	3.288	1.612	0.901	1.733	0.614	0.851	0.959	1.663	0.000	0.049	1.919	0.311	11.748	2.326	1.270	1.944	2.220	1.368	1.398	2.023	1.334	33.418	14.059	0.130	
C:\Data\UCD\Agriculture\Sharon_ORourke\Shayan\Pellet_17\XRF data\L000007.spe	567.40	5.89	1	0.010376	-0.008249	0.010160	0.076187	94507	3.34	0.753	14.481	0.000	0.000	2.485	25.882	125.785	18.825	1.450	2.875	27.397	448.626	1.896	1.277	3.928	1.318	0.118	1.992	2.942	1.945	0.791	1.944	0.636	0.755	0.945	1.628	0.000	0.249	2.019	0.783	10.809	2.071	0.892	1.368	2.267	1.318	1.074	2.077	1.787	33.381	13.945	0.129	
C:\Data\UCD\Agriculture\Sharon_ORourke\Shayan\Pellet_17\XRF data\L000008.spe	567.60	5.90	1	0.010376	-0.008249	0.010160	0.076187	90532	3.44	0.824	13.859	0.006	0.000	2.678	24.224	136.993	17.310	1.310	2.784	19.787	402.767	2.079	1.176	3.277	1.253	0.212	1.970	2.982	0.911	0.961	1.594	0.644	0.696	0.826	1.562	0.000	0.216	1.989	0.597	10.036	1.980	0.915	1.380	2.343	1.633	1.227	2.355	1.907	35.641	14.264	0.127	