Date:	2023-09-18		
Time:	21:36		
Sample name:	Pellets		
Position:	1386.600011	mm	
Sample surface:	5.883746	cm	
Tube anode:	Mo		
Tube voltage:	30	kV	
Tube current:	50	mA	
Comments	not in position		
Gain	5.810000		
peaking_time	0.300000	m-sec	
trigger_threshold	30.000000	V	
mca_bin_width	2.000000	no:	
number_mca_channels	2048.000000	no:	
gap_time	0.100000	m-sec	
trigger_peaking_time	0.050000	m-sec	
livetime	17.478406	seconds	
runtime	20.000065	seconds	
input_count_rate	112041.679284	cps	
output_count_rate	97915.179328	cps	
triggers	2171947.000000	seconds	
events_in_run	1951023.000000	seconds	
channel	content		
 1.00	 0.00
 2.00	 0.00
 3.00	 0.00
 4.00	 0.00
 5.00	 0.00
 6.00	 0.00
 7.00	 0.00
 8.00	 0.00
 9.00	 0.00
10.00	 0.00
11.00	 0.00
12.00	 0.00
13.00	 0.00
14.00	 0.00
15.00	 0.00
16.00	 0.00
17.00	 0.00
18.00	 0.00
19.00	 0.00
20.00	 0.00
21.00	 0.00
22.00	 0.00
23.00	 0.00
24.00	 0.00
25.00	 0.00
26.00	 0.00
27.00	 0.00
28.00	 0.00
29.00	 0.00
30.00	 0.00
31.00	 0.00
32.00	 2.00
33.00	 2.00
34.00	 4.00
35.00	 6.00
36.00	 5.00
37.00	 3.00
38.00	24.00
39.00	30.00
40.00	39.00
41.00	57.00
42.00	65.00
43.00	54.00
44.00	95.00
45.00	137.00
46.00	128.00
47.00	174.00
48.00	176.00
49.00	191.00
50.00	202.00
51.00	223.00
52.00	214.00
53.00	264.00
54.00	256.00
55.00	270.00
56.00	294.00
57.00	306.00
58.00	313.00
59.00	312.00
60.00	325.00
61.00	312.00
62.00	319.00
63.00	330.00
64.00	325.00
65.00	358.00
66.00	309.00
67.00	291.00
68.00	335.00
69.00	328.00
70.00	358.00
71.00	342.00
72.00	339.00
73.00	349.00
74.00	347.00
75.00	358.00
76.00	313.00
77.00	329.00
78.00	353.00
79.00	328.00
80.00	335.00
81.00	355.00
82.00	352.00
83.00	335.00
84.00	359.00
85.00	344.00
86.00	345.00
87.00	304.00
88.00	300.00
89.00	304.00
90.00	310.00
91.00	324.00
92.00	323.00
93.00	280.00
94.00	294.00
95.00	307.00
96.00	300.00
97.00	315.00
98.00	305.00
99.00	271.00
100.00	285.00
101.00	304.00
102.00	275.00
103.00	304.00
104.00	303.00
105.00	291.00
106.00	281.00
107.00	261.00
108.00	285.00
109.00	252.00
110.00	254.00
111.00	270.00
112.00	277.00
113.00	262.00
114.00	289.00
115.00	280.00
116.00	304.00
117.00	280.00
118.00	295.00
119.00	280.00
120.00	263.00
121.00	275.00
122.00	260.00
123.00	258.00
124.00	266.00
125.00	226.00
126.00	240.00
127.00	243.00
128.00	201.00
129.00	240.00
130.00	236.00
131.00	247.00
132.00	256.00
133.00	222.00
134.00	219.00
135.00	237.00
136.00	294.00
137.00	288.00
138.00	355.00
139.00	455.00
140.00	585.00
141.00	725.00
142.00	869.00
143.00	1002.00
144.00	997.00
145.00	1059.00
146.00	1006.00
147.00	894.00
148.00	839.00
149.00	692.00
150.00	641.00
151.00	633.00
152.00	577.00
153.00	521.00
154.00	504.00
155.00	437.00
156.00	442.00
157.00	371.00
158.00	365.00
159.00	499.00
160.00	647.00
161.00	1049.00
162.00	1636.00
163.00	2689.00
164.00	3912.00
165.00	5547.00
166.00	7352.00
167.00	8600.00
168.00	9699.00
169.00	10141.00
170.00	9899.00
171.00	8664.00
172.00	7411.00
173.00	5840.00
174.00	4420.00
175.00	3174.00
176.00	2339.00
177.00	1775.00
178.00	1486.00
179.00	1239.00
180.00	1175.00
181.00	1301.00
182.00	1435.00
183.00	1717.00
184.00	2314.00
185.00	2816.00
186.00	3522.00
187.00	4093.00
188.00	4489.00
189.00	4551.00
190.00	4457.00
191.00	4022.00
192.00	3444.00
193.00	2757.00
194.00	2033.00
195.00	1557.00
196.00	1080.00
197.00	782.00
198.00	569.00
199.00	421.00
200.00	344.00
201.00	317.00
202.00	306.00
203.00	306.00
204.00	292.00
205.00	260.00
206.00	321.00
207.00	305.00
208.00	296.00
209.00	327.00
210.00	336.00
211.00	326.00
212.00	371.00
213.00	425.00
214.00	415.00
215.00	500.00
216.00	608.00
217.00	680.00
218.00	779.00
219.00	826.00
220.00	843.00
221.00	864.00
222.00	841.00
223.00	721.00
224.00	681.00
225.00	595.00
226.00	486.00
227.00	404.00
228.00	407.00
229.00	332.00
230.00	324.00
231.00	283.00
232.00	268.00
233.00	274.00
234.00	257.00
235.00	271.00
236.00	249.00
237.00	285.00
238.00	269.00
239.00	311.00
240.00	282.00
241.00	246.00
242.00	239.00
243.00	264.00
244.00	247.00
245.00	277.00
246.00	249.00
247.00	287.00
248.00	255.00
249.00	296.00
250.00	278.00
251.00	292.00
252.00	285.00
253.00	310.00
254.00	305.00
255.00	313.00
256.00	284.00
257.00	302.00
258.00	270.00
259.00	283.00
260.00	272.00
261.00	304.00
262.00	341.00
263.00	319.00
264.00	335.00
265.00	328.00
266.00	340.00
267.00	362.00
268.00	355.00
269.00	327.00
270.00	332.00
271.00	365.00
272.00	332.00
273.00	340.00
274.00	369.00
275.00	353.00
276.00	410.00
277.00	452.00
278.00	577.00
279.00	747.00
280.00	850.00
281.00	1121.00
282.00	1419.00
283.00	1637.00
284.00	2045.00
285.00	2193.00
286.00	2368.00
287.00	2511.00
288.00	2348.00
289.00	2283.00
290.00	1970.00
291.00	1667.00
292.00	1316.00
293.00	1088.00
294.00	855.00
295.00	751.00
296.00	624.00
297.00	515.00
298.00	495.00
299.00	497.00
300.00	497.00
301.00	520.00
302.00	495.00
303.00	590.00
304.00	654.00
305.00	745.00
306.00	810.00
307.00	851.00
308.00	1012.00
309.00	1287.00
310.00	1707.00
311.00	2267.00
312.00	2996.00
313.00	4114.00
314.00	5881.00
315.00	7938.00
316.00	10042.00
317.00	12717.00
318.00	15375.00
319.00	17311.00
320.00	19147.00
321.00	19495.00
322.00	19173.00
323.00	17889.00
324.00	15631.00
325.00	13197.00
326.00	10541.00
327.00	8212.00
328.00	6203.00
329.00	4351.00
330.00	3011.00
331.00	2072.00
332.00	1450.00
333.00	1176.00
334.00	1027.00
335.00	1013.00
336.00	1027.00
337.00	1233.00
338.00	1426.00
339.00	1787.00
340.00	2301.00
341.00	3126.00
342.00	4466.00
343.00	6286.00
344.00	8949.00
345.00	13633.00
346.00	21336.00
347.00	32275.00
348.00	49217.00
349.00	71619.00
350.00	102926.00
351.00	141730.00
352.00	186780.00
353.00	234542.00
354.00	284099.00
355.00	325766.00
356.00	357622.00
357.00	374714.00
358.00	374350.00
359.00	356436.00
360.00	322427.00
361.00	279850.00
362.00	230844.00
363.00	182260.00
364.00	136266.00
365.00	97802.00
366.00	67640.00
367.00	44392.00
368.00	28407.00
369.00	17671.00
370.00	10605.00
371.00	6731.00
372.00	4421.00
373.00	3539.00
374.00	3201.00
375.00	3484.00
376.00	4097.00
377.00	5403.00
378.00	7210.00
379.00	9831.00
380.00	13363.00
381.00	17804.00
382.00	23293.00
383.00	29683.00
384.00	36132.00
385.00	43254.00
386.00	48464.00
387.00	52914.00
388.00	55319.00
389.00	55540.00
390.00	53492.00
391.00	48945.00
392.00	43117.00
393.00	36286.00
394.00	29307.00
395.00	22917.00
396.00	16996.00
397.00	12179.00
398.00	8219.00
399.00	5589.00
400.00	3530.00
401.00	2209.00
402.00	1430.00
403.00	993.00
404.00	659.00
405.00	459.00
406.00	381.00
407.00	325.00
408.00	302.00
409.00	292.00
410.00	280.00
411.00	282.00
412.00	281.00
413.00	328.00
414.00	325.00
415.00	300.00
416.00	345.00
417.00	332.00
418.00	338.00
419.00	367.00
420.00	411.00
421.00	474.00
422.00	574.00
423.00	667.00
424.00	946.00
425.00	1108.00
426.00	1562.00
427.00	2179.00
428.00	2902.00
429.00	3794.00
430.00	4836.00
431.00	5937.00
432.00	6943.00
433.00	7972.00
434.00	8887.00
435.00	9455.00
436.00	9810.00
437.00	9652.00
438.00	9490.00
439.00	8518.00
440.00	7566.00
441.00	6557.00
442.00	5402.00
443.00	4598.00
444.00	3652.00
445.00	3000.00
446.00	2486.00
447.00	2137.00
448.00	2019.00
449.00	1767.00
450.00	1660.00
451.00	1561.00
452.00	1539.00
453.00	1341.00
454.00	1305.00
455.00	1137.00
456.00	986.00
457.00	962.00
458.00	758.00
459.00	807.00
460.00	760.00
461.00	743.00
462.00	770.00
463.00	808.00
464.00	858.00
465.00	957.00
466.00	1035.00
467.00	1144.00
468.00	1253.00
469.00	1407.00
470.00	1634.00
471.00	1767.00
472.00	1930.00
473.00	2164.00
474.00	2371.00
475.00	2461.00
476.00	2507.00
477.00	2672.00
478.00	2575.00
479.00	2439.00
480.00	2244.00
481.00	2195.00
482.00	1968.00
483.00	1731.00
484.00	1450.00
485.00	1266.00
486.00	1089.00
487.00	935.00
488.00	803.00
489.00	710.00
490.00	652.00
491.00	641.00
492.00	638.00
493.00	621.00
494.00	644.00
495.00	641.00
496.00	634.00
497.00	674.00
498.00	711.00
499.00	723.00
500.00	685.00
501.00	761.00
502.00	772.00
503.00	831.00
504.00	800.00
505.00	890.00
506.00	840.00
507.00	913.00
508.00	976.00
509.00	953.00
510.00	939.00
511.00	982.00
512.00	1009.00
513.00	1054.00
514.00	1088.00
515.00	1154.00
516.00	1214.00
517.00	1261.00
518.00	1327.00
519.00	1481.00
520.00	1502.00
521.00	1535.00
522.00	1644.00
523.00	1598.00
524.00	1636.00
525.00	1616.00
526.00	1600.00
527.00	1478.00
528.00	1431.00
529.00	1403.00
530.00	1260.00
531.00	1297.00
532.00	1201.00
533.00	1119.00
534.00	1123.00
535.00	1115.00
536.00	1084.00
537.00	1141.00
538.00	1113.00
539.00	1169.00
540.00	1165.00
541.00	1183.00
542.00	1214.00
543.00	1243.00
544.00	1314.00
545.00	1242.00
546.00	1250.00
547.00	1198.00
548.00	1445.00
549.00	1278.00
550.00	1392.00
551.00	1409.00
552.00	1401.00
553.00	1488.00
554.00	1577.00
555.00	1717.00
556.00	1969.00
557.00	2191.00
558.00	2631.00
559.00	3086.00
560.00	3728.00
561.00	4582.00
562.00	5494.00
563.00	6714.00
564.00	7895.00
565.00	9183.00
566.00	10321.00
567.00	11175.00
568.00	12137.00
569.00	12811.00
570.00	12834.00
571.00	12353.00
572.00	11725.00
573.00	11069.00
574.00	9759.00
575.00	8567.00
576.00	7377.00
577.00	6197.00
578.00	5010.00
579.00	4008.00
580.00	3247.00
581.00	2700.00
582.00	2263.00
583.00	1904.00
584.00	1717.00
585.00	1542.00
586.00	1604.00
587.00	1523.00
588.00	1564.00
589.00	1578.00
590.00	1520.00
591.00	1637.00
592.00	1725.00
593.00	1795.00
594.00	1879.00
595.00	2055.00
596.00	2263.00
597.00	2512.00
598.00	2907.00
599.00	3496.00
600.00	4410.00
601.00	5872.00
602.00	8097.00
603.00	11062.00
604.00	15966.00
605.00	22656.00
606.00	31959.00
607.00	44054.00
608.00	59640.00
609.00	78495.00
610.00	102972.00
611.00	128951.00
612.00	158006.00
613.00	187700.00
614.00	218684.00
615.00	245645.00
616.00	267601.00
617.00	283750.00
618.00	291979.00
619.00	290110.00
620.00	279477.00
621.00	263656.00
622.00	238941.00
623.00	211387.00
624.00	181225.00
625.00	151248.00
626.00	122202.00
627.00	96118.00
628.00	73665.00
629.00	55249.00
630.00	40173.00
631.00	29290.00
632.00	20602.00
633.00	14764.00
634.00	10443.00
635.00	7448.00
636.00	5649.00
637.00	4341.00
638.00	3621.00
639.00	3181.00
640.00	2818.00
641.00	2746.00
642.00	2596.00
643.00	2534.00
644.00	2508.00
645.00	2464.00
646.00	2546.00
647.00	2559.00
648.00	2590.00
649.00	2594.00
650.00	2634.00
651.00	2718.00
652.00	2790.00
653.00	2859.00
654.00	2859.00
655.00	2929.00
656.00	3047.00
657.00	3168.00
658.00	3344.00
659.00	3375.00
660.00	3516.00
661.00	3676.00
662.00	3988.00
663.00	4266.00
664.00	4636.00
665.00	5091.00
666.00	5772.00
667.00	6737.00
668.00	8037.00
669.00	9442.00
670.00	11459.00
671.00	13953.00
672.00	17002.00
673.00	20195.00
674.00	23920.00
675.00	28375.00
676.00	32515.00
677.00	37074.00
678.00	40971.00
679.00	43641.00
680.00	46231.00
681.00	46876.00
682.00	46718.00
683.00	45578.00
684.00	43507.00
685.00	39991.00
686.00	36391.00
687.00	31678.00
688.00	27013.00
689.00	22872.00
690.00	18714.00
691.00	15266.00
692.00	12197.00
693.00	9414.00
694.00	7662.00
695.00	5893.00
696.00	4788.00
697.00	4060.00
698.00	3350.00
699.00	3095.00
700.00	2742.00
701.00	2641.00
702.00	2588.00
703.00	2718.00
704.00	2685.00
705.00	2716.00
706.00	2799.00
707.00	2942.00
708.00	3045.00
709.00	3036.00
710.00	3196.00
711.00	3326.00
712.00	3513.00
713.00	3595.00
714.00	3829.00
715.00	3778.00
716.00	3954.00
717.00	4141.00
718.00	4142.00
719.00	4151.00
720.00	4242.00
721.00	4138.00
722.00	4241.00
723.00	4124.00
724.00	4022.00
725.00	3884.00
726.00	3828.00
727.00	3565.00
728.00	3593.00
729.00	3398.00
730.00	3220.00
731.00	3126.00
732.00	2883.00
733.00	2911.00
734.00	2807.00
735.00	2812.00
736.00	2683.00
737.00	2720.00
738.00	2714.00
739.00	2681.00
740.00	2658.00
741.00	2615.00
742.00	2681.00
743.00	2677.00
744.00	2646.00
745.00	2649.00
746.00	2685.00
747.00	2615.00
748.00	2583.00
749.00	2631.00
750.00	2534.00
751.00	2516.00
752.00	2658.00
753.00	2547.00
754.00	2656.00
755.00	2609.00
756.00	2608.00
757.00	2737.00
758.00	2753.00
759.00	2772.00
760.00	2797.00
761.00	2721.00
762.00	2759.00
763.00	2916.00
764.00	3039.00
765.00	3030.00
766.00	3152.00
767.00	3140.00
768.00	3304.00
769.00	3327.00
770.00	3499.00
771.00	3522.00
772.00	3752.00
773.00	3780.00
774.00	3907.00
775.00	3835.00
776.00	3924.00
777.00	3968.00
778.00	3929.00
779.00	4045.00
780.00	4048.00
781.00	4023.00
782.00	4040.00
783.00	3958.00
784.00	3836.00
785.00	3897.00
786.00	3838.00
787.00	3754.00
788.00	3912.00
789.00	3921.00
790.00	3872.00
791.00	3888.00
792.00	4053.00
793.00	4133.00
794.00	4095.00
795.00	4160.00
796.00	4205.00
797.00	4273.00
798.00	4332.00
799.00	4310.00
800.00	4315.00
801.00	4467.00
802.00	4436.00
803.00	4537.00
804.00	4494.00
805.00	4450.00
806.00	4530.00
807.00	4444.00
808.00	4589.00
809.00	4588.00
810.00	4607.00
811.00	4553.00
812.00	4601.00
813.00	4530.00
814.00	4677.00
815.00	4623.00
816.00	4543.00
817.00	4740.00
818.00	4645.00
819.00	4588.00
820.00	4620.00
821.00	4744.00
822.00	4876.00
823.00	4997.00
824.00	5257.00
825.00	5366.00
826.00	5467.00
827.00	5751.00
828.00	5809.00
829.00	6090.00
830.00	6244.00
831.00	6380.00
832.00	6379.00
833.00	6572.00
834.00	6637.00
835.00	6516.00
836.00	6302.00
837.00	6235.00
838.00	6046.00
839.00	5862.00
840.00	5731.00
841.00	5468.00
842.00	5333.00
843.00	5041.00
844.00	4929.00
845.00	4823.00
846.00	4819.00
847.00	4689.00
848.00	4652.00
849.00	4595.00
850.00	4554.00
851.00	4524.00
852.00	4569.00
853.00	4499.00
854.00	4499.00
855.00	4549.00
856.00	4448.00
857.00	4542.00
858.00	4519.00
859.00	4603.00
860.00	4566.00
861.00	4418.00
862.00	4467.00
863.00	4608.00
864.00	4507.00
865.00	4477.00
866.00	4441.00
867.00	4394.00
868.00	4460.00
869.00	4543.00
870.00	4540.00
871.00	4463.00
872.00	4513.00
873.00	4500.00
874.00	4581.00
875.00	4528.00
876.00	4642.00
877.00	4698.00
878.00	4660.00
879.00	4638.00
880.00	4606.00
881.00	4681.00
882.00	4752.00
883.00	4846.00
884.00	4886.00
885.00	5017.00
886.00	4925.00
887.00	5021.00
888.00	5147.00
889.00	5167.00
890.00	5189.00
891.00	4926.00
892.00	5211.00
893.00	5075.00
894.00	5208.00
895.00	5239.00
896.00	5280.00
897.00	5190.00
898.00	5243.00
899.00	5192.00
900.00	5306.00
901.00	5242.00
902.00	5155.00
903.00	5227.00
904.00	5190.00
905.00	5311.00
906.00	5345.00
907.00	5218.00
908.00	5318.00
909.00	5333.00
910.00	5456.00
911.00	5339.00
912.00	5343.00
913.00	5430.00
914.00	5510.00
915.00	5580.00
916.00	5611.00
917.00	5701.00
918.00	5739.00
919.00	5733.00
920.00	5741.00
921.00	5902.00
922.00	5923.00
923.00	5961.00
924.00	6077.00
925.00	5996.00
926.00	6085.00
927.00	5985.00
928.00	5907.00
929.00	5978.00
930.00	6037.00
931.00	5834.00
932.00	5832.00
933.00	5842.00
934.00	5822.00
935.00	5779.00
936.00	5854.00
937.00	5811.00
938.00	5603.00
939.00	5803.00
940.00	5660.00
941.00	5882.00
942.00	5665.00
943.00	5622.00
944.00	5702.00
945.00	5612.00
946.00	5631.00
947.00	5545.00
948.00	5642.00
949.00	5537.00
950.00	5623.00
951.00	5593.00
952.00	5568.00
953.00	5591.00
954.00	5665.00
955.00	5598.00
956.00	5738.00
957.00	5756.00
958.00	5807.00
959.00	5620.00
960.00	5824.00
961.00	5856.00
962.00	5973.00
963.00	5967.00
964.00	5886.00
965.00	6169.00
966.00	6229.00
967.00	6376.00
968.00	6190.00
969.00	6389.00
970.00	6444.00
971.00	6517.00
972.00	6413.00
973.00	6435.00
974.00	6521.00
975.00	6350.00
976.00	6368.00
977.00	6337.00
978.00	6256.00
979.00	6338.00
980.00	6079.00
981.00	6156.00
982.00	6102.00
983.00	6057.00
984.00	6089.00
985.00	5867.00
986.00	5939.00
987.00	5901.00
988.00	5667.00
989.00	5735.00
990.00	5740.00
991.00	5827.00
992.00	5727.00
993.00	5905.00
994.00	5727.00
995.00	5754.00
996.00	5791.00
997.00	5826.00
998.00	5880.00
999.00	5928.00
1000.00	5765.00
1001.00	5912.00
1002.00	6010.00
1003.00	5832.00
1004.00	6004.00
1005.00	5844.00
1006.00	5914.00
1007.00	6034.00
1008.00	6071.00
1009.00	6140.00
1010.00	6060.00
1011.00	6025.00
1012.00	6013.00
1013.00	6161.00
1014.00	6162.00
1015.00	6042.00
1016.00	6131.00
1017.00	6052.00
1018.00	6177.00
1019.00	6231.00
1020.00	6044.00
1021.00	6154.00
1022.00	5983.00
1023.00	6109.00
1024.00	6016.00
1025.00	5956.00
1026.00	5941.00
1027.00	5997.00
1028.00	5903.00
1029.00	5828.00
1030.00	5826.00
1031.00	5957.00
1032.00	6128.00
1033.00	5888.00
1034.00	6150.00
1035.00	5970.00
1036.00	5953.00
1037.00	5993.00
1038.00	6045.00
1039.00	6047.00
1040.00	6080.00
1041.00	6072.00
1042.00	6059.00
1043.00	6041.00
1044.00	6025.00
1045.00	6193.00
1046.00	6069.00
1047.00	6167.00
1048.00	6054.00
1049.00	6132.00
1050.00	6139.00
1051.00	6047.00
1052.00	6183.00
1053.00	5994.00
1054.00	6064.00
1055.00	6025.00
1056.00	6059.00
1057.00	6159.00
1058.00	6066.00
1059.00	5953.00
1060.00	6255.00
1061.00	6098.00
1062.00	6231.00
1063.00	6057.00
1064.00	6040.00
1065.00	6063.00
1066.00	6161.00
1067.00	6076.00
1068.00	6259.00
1069.00	6074.00
1070.00	6143.00
1071.00	6133.00
1072.00	6050.00
1073.00	6199.00
1074.00	6198.00
1075.00	6212.00
1076.00	6124.00
1077.00	6032.00
1078.00	6306.00
1079.00	6400.00
1080.00	6011.00
1081.00	6123.00
1082.00	6197.00
1083.00	6270.00
1084.00	6286.00
1085.00	6153.00
1086.00	6213.00
1087.00	6215.00
1088.00	6212.00
1089.00	6349.00
1090.00	6286.00
1091.00	6324.00
1092.00	6452.00
1093.00	6368.00
1094.00	6515.00
1095.00	6428.00
1096.00	6485.00
1097.00	6312.00
1098.00	6407.00
1099.00	6394.00
1100.00	6256.00
1101.00	6321.00
1102.00	6468.00
1103.00	6299.00
1104.00	6384.00
1105.00	6419.00
1106.00	6359.00
1107.00	6449.00
1108.00	6389.00
1109.00	6552.00
1110.00	6385.00
1111.00	6537.00
1112.00	6473.00
1113.00	6470.00
1114.00	6310.00
1115.00	6347.00
1116.00	6382.00
1117.00	6611.00
1118.00	6295.00
1119.00	6516.00
1120.00	6352.00
1121.00	6528.00
1122.00	6456.00
1123.00	6420.00
1124.00	6497.00
1125.00	6314.00
1126.00	6322.00
1127.00	6427.00
1128.00	6411.00
1129.00	6384.00
1130.00	6354.00
1131.00	6545.00
1132.00	6389.00
1133.00	6521.00
1134.00	6361.00
1135.00	6439.00
1136.00	6538.00
1137.00	6454.00
1138.00	6321.00
1139.00	6451.00
1140.00	6472.00
1141.00	6568.00
1142.00	6448.00
1143.00	6390.00
1144.00	6490.00
1145.00	6270.00
1146.00	6355.00
1147.00	6332.00
1148.00	6435.00
1149.00	6359.00
1150.00	6421.00
1151.00	6267.00
1152.00	6293.00
1153.00	6291.00
1154.00	6305.00
1155.00	6370.00
1156.00	6359.00
1157.00	6251.00
1158.00	6386.00
1159.00	6248.00
1160.00	6304.00
1161.00	6287.00
1162.00	6464.00
1163.00	6274.00
1164.00	6314.00
1165.00	6138.00
1166.00	6230.00
1167.00	6187.00
1168.00	6219.00
1169.00	6286.00
1170.00	6276.00
1171.00	6268.00
1172.00	6302.00
1173.00	6265.00
1174.00	6374.00
1175.00	6268.00
1176.00	6239.00
1177.00	6201.00
1178.00	6484.00
1179.00	6266.00
1180.00	6274.00
1181.00	6270.00
1182.00	6482.00
1183.00	6306.00
1184.00	6485.00
1185.00	6463.00
1186.00	6397.00
1187.00	6468.00
1188.00	6489.00
1189.00	6353.00
1190.00	6497.00
1191.00	6484.00
1192.00	6422.00
1193.00	6529.00
1194.00	6352.00
1195.00	6525.00
1196.00	6444.00
1197.00	6539.00
1198.00	6514.00
1199.00	6418.00
1200.00	6571.00
1201.00	6538.00
1202.00	6521.00
1203.00	6367.00
1204.00	6496.00
1205.00	6482.00
1206.00	6547.00
1207.00	6583.00
1208.00	6661.00
1209.00	6711.00
1210.00	6623.00
1211.00	6711.00
1212.00	6596.00
1213.00	6613.00
1214.00	6723.00
1215.00	6596.00
1216.00	6639.00
1217.00	6666.00
1218.00	6714.00
1219.00	6633.00
1220.00	6678.00
1221.00	6759.00
1222.00	6517.00
1223.00	6662.00
1224.00	6739.00
1225.00	6793.00
1226.00	6815.00
1227.00	6803.00
1228.00	6829.00
1229.00	6543.00
1230.00	6706.00
1231.00	6726.00
1232.00	6866.00
1233.00	6741.00
1234.00	6820.00
1235.00	6692.00
1236.00	6739.00
1237.00	6602.00
1238.00	6674.00
1239.00	6658.00
1240.00	6678.00
1241.00	6462.00
1242.00	6620.00
1243.00	6558.00
1244.00	6557.00
1245.00	6473.00
1246.00	6460.00
1247.00	6534.00
1248.00	6383.00
1249.00	6379.00
1250.00	6350.00
1251.00	6300.00
1252.00	6328.00
1253.00	6267.00
1254.00	6279.00
1255.00	6391.00
1256.00	6171.00
1257.00	6379.00
1258.00	6318.00
1259.00	6221.00
1260.00	6252.00
1261.00	6149.00
1262.00	6212.00
1263.00	6219.00
1264.00	6088.00
1265.00	6368.00
1266.00	6271.00
1267.00	6204.00
1268.00	6161.00
1269.00	6204.00
1270.00	6288.00
1271.00	6295.00
1272.00	6316.00
1273.00	6547.00
1274.00	6432.00
1275.00	6464.00
1276.00	6368.00
1277.00	6366.00
1278.00	6596.00
1279.00	6640.00
1280.00	6521.00
1281.00	6632.00
1282.00	6808.00
1283.00	6763.00
1284.00	6917.00
1285.00	6867.00
1286.00	7101.00
1287.00	7012.00
1288.00	7064.00
1289.00	7112.00
1290.00	7204.00
1291.00	7083.00
1292.00	7052.00
1293.00	6967.00
1294.00	7015.00
1295.00	6908.00
1296.00	6929.00
1297.00	6913.00
1298.00	6788.00
1299.00	6831.00
1300.00	6576.00
1301.00	6629.00
1302.00	6481.00
1303.00	6504.00
1304.00	6486.00
1305.00	6368.00
1306.00	6217.00
1307.00	6198.00
1308.00	6206.00
1309.00	6338.00
1310.00	6177.00
1311.00	6094.00
1312.00	6041.00
1313.00	6055.00
1314.00	6125.00
1315.00	6101.00
1316.00	6007.00
1317.00	6121.00
1318.00	6160.00
1319.00	5964.00
1320.00	6113.00
1321.00	6027.00
1322.00	6089.00
1323.00	6033.00
1324.00	6008.00
1325.00	6066.00
1326.00	6057.00
1327.00	6106.00
1328.00	6056.00
1329.00	6003.00
1330.00	6056.00
1331.00	6072.00
1332.00	6194.00
1333.00	6053.00
1334.00	6184.00
1335.00	6169.00
1336.00	5949.00
1337.00	6142.00
1338.00	6148.00
1339.00	6226.00
1340.00	6134.00
1341.00	6200.00
1342.00	6393.00
1343.00	6460.00
1344.00	6530.00
1345.00	6708.00
1346.00	6908.00
1347.00	7033.00
1348.00	7259.00
1349.00	7572.00
1350.00	7991.00
1351.00	8169.00
1352.00	8588.00
1353.00	8809.00
1354.00	9280.00
1355.00	9851.00
1356.00	10410.00
1357.00	10759.00
1358.00	11169.00
1359.00	11583.00
1360.00	11941.00
1361.00	12200.00
1362.00	12316.00
1363.00	12618.00
1364.00	12508.00
1365.00	12409.00
1366.00	12550.00
1367.00	11927.00
1368.00	11823.00
1369.00	11541.00
1370.00	11001.00
1371.00	10502.00
1372.00	10125.00
1373.00	9746.00
1374.00	9200.00
1375.00	8660.00
1376.00	8305.00
1377.00	7835.00
1378.00	7498.00
1379.00	7233.00
1380.00	6841.00
1381.00	6692.00
1382.00	6396.00
1383.00	6168.00
1384.00	6058.00
1385.00	5938.00
1386.00	5800.00
1387.00	5840.00
1388.00	5624.00
1389.00	5743.00
1390.00	5609.00
1391.00	5631.00
1392.00	5453.00
1393.00	5564.00
1394.00	5583.00
1395.00	5473.00
1396.00	5471.00
1397.00	5394.00
1398.00	5438.00
1399.00	5414.00
1400.00	5524.00
1401.00	5370.00
1402.00	5342.00
1403.00	5450.00
1404.00	5432.00
1405.00	5420.00
1406.00	5404.00
1407.00	5344.00
1408.00	5380.00
1409.00	5404.00
1410.00	5480.00
1411.00	5454.00
1412.00	5203.00
1413.00	5357.00
1414.00	5396.00
1415.00	5473.00
1416.00	5277.00
1417.00	5429.00
1418.00	5326.00
1419.00	5342.00
1420.00	5478.00
1421.00	5491.00
1422.00	5238.00
1423.00	5216.00
1424.00	5407.00
1425.00	5335.00
1426.00	5516.00
1427.00	5428.00
1428.00	5524.00
1429.00	5430.00
1430.00	5450.00
1431.00	5408.00
1432.00	5420.00
1433.00	5427.00
1434.00	5493.00
1435.00	5614.00
1436.00	5637.00
1437.00	5520.00
1438.00	5550.00
1439.00	5647.00
1440.00	5682.00
1441.00	5670.00
1442.00	5590.00
1443.00	5616.00
1444.00	5682.00
1445.00	5547.00
1446.00	5529.00
1447.00	5464.00
1448.00	5463.00
1449.00	5388.00
1450.00	5429.00
1451.00	5361.00
1452.00	5378.00
1453.00	5365.00
1454.00	5394.00
1455.00	5307.00
1456.00	5233.00
1457.00	5328.00
1458.00	5215.00
1459.00	5107.00
1460.00	5235.00
1461.00	5010.00
1462.00	5222.00
1463.00	5271.00
1464.00	5120.00
1465.00	5127.00
1466.00	5090.00
1467.00	5164.00
1468.00	5223.00
1469.00	4961.00
1470.00	5158.00
1471.00	5036.00
1472.00	5176.00
1473.00	5050.00
1474.00	5108.00
1475.00	5121.00
1476.00	5073.00
1477.00	5064.00
1478.00	5015.00
1479.00	4960.00
1480.00	5134.00
1481.00	4970.00
1482.00	5046.00
1483.00	5080.00
1484.00	5100.00
1485.00	5003.00
1486.00	5062.00
1487.00	5087.00
1488.00	5051.00
1489.00	5063.00
1490.00	5045.00
1491.00	5020.00
1492.00	5068.00
1493.00	5160.00
1494.00	5011.00
1495.00	5199.00
1496.00	4969.00
1497.00	5014.00
1498.00	5088.00
1499.00	4974.00
1500.00	5090.00
1501.00	5149.00
1502.00	5153.00
1503.00	5293.00
1504.00	5403.00
1505.00	5291.00
1506.00	5238.00
1507.00	5289.00
1508.00	5551.00
1509.00	5528.00
1510.00	5687.00
1511.00	5780.00
1512.00	5820.00
1513.00	5960.00
1514.00	6030.00
1515.00	6002.00
1516.00	6245.00
1517.00	6263.00
1518.00	6347.00
1519.00	6453.00
1520.00	6475.00
1521.00	6584.00
1522.00	6723.00
1523.00	6578.00
1524.00	6759.00
1525.00	6757.00
1526.00	6524.00
1527.00	6534.00
1528.00	6715.00
1529.00	6520.00
1530.00	6380.00
1531.00	6516.00
1532.00	6325.00
1533.00	6342.00
1534.00	6184.00
1535.00	6013.00
1536.00	6007.00
1537.00	6006.00
1538.00	5940.00
1539.00	5939.00
1540.00	5674.00
1541.00	5768.00
1542.00	5765.00
1543.00	5689.00
1544.00	5641.00
1545.00	5656.00
1546.00	5711.00
1547.00	5623.00
1548.00	5717.00
1549.00	5745.00
1550.00	5939.00
1551.00	5813.00
1552.00	5854.00
1553.00	5837.00
1554.00	5826.00
1555.00	6098.00
1556.00	6211.00
1557.00	6112.00
1558.00	6369.00
1559.00	6458.00
1560.00	6408.00
1561.00	6386.00
1562.00	6662.00
1563.00	6606.00
1564.00	6820.00
1565.00	6688.00
1566.00	6939.00
1567.00	7030.00
1568.00	7142.00
1569.00	7271.00
1570.00	7228.00
1571.00	7584.00
1572.00	7477.00
1573.00	7741.00
1574.00	7551.00
1575.00	7713.00
1576.00	7983.00
1577.00	7853.00
1578.00	8073.00
1579.00	8040.00
1580.00	8295.00
1581.00	8219.00
1582.00	8349.00
1583.00	8579.00
1584.00	8242.00
1585.00	8402.00
1586.00	8463.00
1587.00	8333.00
1588.00	8363.00
1589.00	8336.00
1590.00	8464.00
1591.00	8580.00
1592.00	8380.00
1593.00	8349.00
1594.00	8264.00
1595.00	8150.00
1596.00	8388.00
1597.00	8322.00
1598.00	8135.00
1599.00	8008.00
1600.00	7878.00
1601.00	7792.00
1602.00	7800.00
1603.00	7612.00
1604.00	7555.00
1605.00	7533.00
1606.00	7310.00
1607.00	7228.00
1608.00	7187.00
1609.00	7024.00
1610.00	6960.00
1611.00	6805.00
1612.00	6658.00
1613.00	6586.00
1614.00	6382.00
1615.00	6353.00
1616.00	6212.00
1617.00	6274.00
1618.00	5836.00
1619.00	5961.00
1620.00	5737.00
1621.00	5684.00
1622.00	5442.00
1623.00	5591.00
1624.00	5461.00
1625.00	5233.00
1626.00	5314.00
1627.00	5135.00
1628.00	5085.00
1629.00	5016.00
1630.00	4867.00
1631.00	4911.00
1632.00	4846.00
1633.00	4750.00
1634.00	4667.00
1635.00	4611.00
1636.00	4533.00
1637.00	4652.00
1638.00	4440.00
1639.00	4559.00
1640.00	4431.00
1641.00	4447.00
1642.00	4335.00
1643.00	4277.00
1644.00	4063.00
1645.00	4224.00
1646.00	4174.00
1647.00	4213.00
1648.00	4119.00
1649.00	4099.00
1650.00	3963.00
1651.00	4100.00
1652.00	4066.00
1653.00	4075.00
1654.00	4085.00
1655.00	4101.00
1656.00	4192.00
1657.00	4062.00
1658.00	4224.00
1659.00	4162.00
1660.00	4436.00
1661.00	4314.00
1662.00	4471.00
1663.00	4687.00
1664.00	4719.00
1665.00	5120.00
1666.00	5166.00
1667.00	5203.00
1668.00	5582.00
1669.00	5772.00
1670.00	5946.00
1671.00	6190.00
1672.00	6511.00
1673.00	6760.00
1674.00	7017.00
1675.00	7092.00
1676.00	7304.00
1677.00	7612.00
1678.00	7810.00
1679.00	7879.00
1680.00	7848.00
1681.00	8119.00
1682.00	8045.00
1683.00	7999.00
1684.00	8009.00
1685.00	7701.00
1686.00	7539.00
1687.00	7408.00
1688.00	7304.00
1689.00	7149.00
1690.00	6921.00
1691.00	6573.00
1692.00	6305.00
1693.00	6046.00
1694.00	5697.00
1695.00	5404.00
1696.00	5180.00
1697.00	4915.00
1698.00	4566.00
1699.00	4478.00
1700.00	4277.00
1701.00	4186.00
1702.00	3899.00
1703.00	3848.00
1704.00	3838.00
1705.00	3596.00
1706.00	3529.00
1707.00	3379.00
1708.00	3246.00
1709.00	3338.00
1710.00	3280.00
1711.00	3258.00
1712.00	3219.00
1713.00	3249.00
1714.00	3249.00
1715.00	3099.00
1716.00	3215.00
1717.00	3195.00
1718.00	3080.00
1719.00	3157.00
1720.00	3149.00
1721.00	3089.00
1722.00	3059.00
1723.00	3166.00
1724.00	3058.00
1725.00	3050.00
1726.00	3032.00
1727.00	3088.00
1728.00	3188.00
1729.00	3008.00
1730.00	3032.00
1731.00	3071.00
1732.00	3077.00
1733.00	3061.00
1734.00	3188.00
1735.00	3086.00
1736.00	3038.00
1737.00	3193.00
1738.00	3065.00
1739.00	3115.00
1740.00	3149.00
1741.00	3082.00
1742.00	3159.00
1743.00	3198.00
1744.00	3109.00
1745.00	3103.00
1746.00	3168.00
1747.00	3172.00
1748.00	3136.00
1749.00	3185.00
1750.00	3134.00
1751.00	3106.00
1752.00	3181.00
1753.00	3187.00
1754.00	3221.00
1755.00	3164.00
1756.00	3278.00
1757.00	3207.00
1758.00	3169.00
1759.00	3123.00
1760.00	3233.00
1761.00	3237.00
1762.00	3265.00
1763.00	3150.00
1764.00	3292.00
1765.00	3150.00
1766.00	3199.00
1767.00	3172.00
1768.00	3212.00
1769.00	3149.00
1770.00	3252.00
1771.00	3163.00
1772.00	3164.00
1773.00	3171.00
1774.00	3227.00
1775.00	3233.00
1776.00	3148.00
1777.00	3189.00
1778.00	3150.00
1779.00	3168.00
1780.00	3166.00
1781.00	3117.00
1782.00	3069.00
1783.00	3046.00
1784.00	3041.00
1785.00	3042.00
1786.00	3006.00
1787.00	2972.00
1788.00	2924.00
1789.00	2844.00
1790.00	2894.00
1791.00	2823.00
1792.00	2917.00
1793.00	2900.00
1794.00	2802.00
1795.00	2880.00
1796.00	2883.00
1797.00	2727.00
1798.00	2626.00
1799.00	2757.00
1800.00	2642.00
1801.00	2620.00
1802.00	2560.00
1803.00	2578.00
1804.00	2602.00
1805.00	2619.00
1806.00	2535.00
1807.00	2414.00
1808.00	2526.00
1809.00	2444.00
1810.00	2384.00
1811.00	2339.00
1812.00	2294.00
1813.00	2252.00
1814.00	2333.00
1815.00	2326.00
1816.00	2236.00
1817.00	2255.00
1818.00	2172.00
1819.00	2243.00
1820.00	2199.00
1821.00	2235.00
1822.00	2165.00
1823.00	2058.00
1824.00	2142.00
1825.00	2088.00
1826.00	2054.00
1827.00	2015.00
1828.00	2025.00
1829.00	2039.00
1830.00	1932.00
1831.00	1951.00
1832.00	1917.00
1833.00	1898.00
1834.00	1916.00
1835.00	1959.00
1836.00	1864.00
1837.00	1886.00
1838.00	1862.00
1839.00	1910.00
1840.00	1795.00
1841.00	1860.00
1842.00	1845.00
1843.00	1750.00
1844.00	1843.00
1845.00	1867.00
1846.00	1806.00
1847.00	1732.00
1848.00	1812.00
1849.00	1784.00
1850.00	1612.00
1851.00	1768.00
1852.00	1730.00
1853.00	1638.00
1854.00	1632.00
1855.00	1549.00
1856.00	1591.00
1857.00	1658.00
1858.00	1690.00
1859.00	1711.00
1860.00	1680.00
1861.00	1611.00
1862.00	1704.00
1863.00	1655.00
1864.00	1558.00
1865.00	1596.00
1866.00	1644.00
1867.00	1691.00
1868.00	1648.00
1869.00	1572.00
1870.00	1639.00
1871.00	1672.00
1872.00	1652.00
1873.00	1663.00
1874.00	1610.00
1875.00	1646.00
1876.00	1656.00
1877.00	1727.00
1878.00	1773.00
1879.00	1731.00
1880.00	1766.00
1881.00	1878.00
1882.00	1811.00
1883.00	1940.00
1884.00	1973.00
1885.00	1989.00
1886.00	1962.00
1887.00	2078.00
1888.00	2013.00
1889.00	1963.00
1890.00	2078.00
1891.00	2022.00
1892.00	1979.00
1893.00	1888.00
1894.00	1903.00
1895.00	1864.00
1896.00	1755.00
1897.00	1779.00
1898.00	1794.00
1899.00	1774.00
1900.00	1618.00
1901.00	1624.00
1902.00	1570.00
1903.00	1542.00
1904.00	1538.00
1905.00	1522.00
1906.00	1493.00
1907.00	1402.00
1908.00	1441.00
1909.00	1419.00
1910.00	1390.00
1911.00	1405.00
1912.00	1374.00
1913.00	1275.00
1914.00	1343.00
1915.00	1307.00
1916.00	1383.00
1917.00	1345.00
1918.00	1243.00
1919.00	1259.00
1920.00	1288.00
1921.00	1315.00
1922.00	1283.00
1923.00	1258.00
1924.00	1281.00
1925.00	1287.00
1926.00	1246.00
1927.00	1266.00
1928.00	1301.00
1929.00	1271.00
1930.00	1208.00
1931.00	1194.00
1932.00	1197.00
1933.00	1184.00
1934.00	1175.00
1935.00	1176.00
1936.00	1131.00
1937.00	1189.00
1938.00	1055.00
1939.00	1111.00
1940.00	1062.00
1941.00	1118.00
1942.00	1084.00
1943.00	976.00
1944.00	1093.00
1945.00	1058.00
1946.00	1033.00
1947.00	1071.00
1948.00	1017.00
1949.00	976.00
1950.00	984.00
1951.00	1024.00
1952.00	1078.00
1953.00	1015.00
1954.00	984.00
1955.00	1025.00
1956.00	1037.00
1957.00	957.00
1958.00	975.00
1959.00	921.00
1960.00	945.00
1961.00	1000.00
1962.00	971.00
1963.00	983.00
1964.00	895.00
1965.00	913.00
1966.00	979.00
1967.00	901.00
1968.00	944.00
1969.00	939.00
1970.00	880.00
1971.00	898.00
1972.00	927.00
1973.00	964.00
1974.00	945.00
1975.00	900.00
1976.00	884.00
1977.00	899.00
1978.00	919.00
1979.00	911.00
1980.00	892.00
1981.00	869.00
1982.00	885.00
1983.00	878.00
1984.00	905.00
1985.00	883.00
1986.00	841.00
1987.00	890.00
1988.00	888.00
1989.00	831.00
1990.00	871.00
1991.00	799.00
1992.00	838.00
1993.00	816.00
1994.00	808.00
1995.00	806.00
1996.00	817.00
1997.00	793.00
1998.00	806.00
1999.00	791.00
2000.00	746.00
2001.00	774.00
2002.00	811.00
2003.00	786.00
2004.00	776.00
2005.00	772.00
2006.00	777.00
2007.00	744.00
2008.00	720.00
2009.00	810.00
2010.00	740.00
2011.00	759.00
2012.00	736.00
2013.00	734.00
2014.00	781.00
2015.00	758.00
2016.00	675.00
2017.00	689.00
2018.00	744.00
2019.00	674.00
2020.00	688.00
2021.00	700.00
2022.00	652.00
2023.00	696.00
2024.00	645.00
2025.00	689.00
2026.00	692.00
2027.00	708.00
2028.00	710.00
2029.00	710.00
2030.00	672.00
2031.00	661.00
2032.00	646.00
2033.00	693.00
2034.00	653.00
2035.00	633.00
2036.00	586.00
2037.00	659.00
2038.00	641.00
2039.00	665.00
2040.00	641.00
2041.00	635.00
2042.00	639.00
2043.00	623.00
2044.00	581.00
2045.00	605.00
2046.00	593.00
2047.00	608.00
2048.00	 0.00
