Date:	2023-09-18		
Time:	20:08		
Sample name:	Pellets		
Position:	467.600011	mm	
Sample surface:	5.969568	cm	
Tube anode:	Mo		
Tube voltage:	30	kV	
Tube current:	50	mA	
Comments	not in position		
Gain	5.810000		
peaking_time	0.300000	m-sec	
trigger_threshold	30.000000	V	
mca_bin_width	2.000000	no:	
number_mca_channels	2048.000000	no:	
gap_time	0.100000	m-sec	
trigger_peaking_time	0.050000	m-sec	
livetime	17.286887	seconds	
runtime	20.000049	seconds	
input_count_rate	116729.810335	cps	
output_count_rate	100894.500286	cps	
triggers	2254014.000000	seconds	
events_in_run	2008476.000000	seconds	
channel	content		
 1.00	 0.00
 2.00	 0.00
 3.00	 0.00
 4.00	 0.00
 5.00	 0.00
 6.00	 0.00
 7.00	 0.00
 8.00	 0.00
 9.00	 0.00
10.00	 0.00
11.00	 0.00
12.00	 0.00
13.00	 0.00
14.00	 0.00
15.00	 0.00
16.00	 0.00
17.00	 0.00
18.00	 0.00
19.00	 0.00
20.00	 0.00
21.00	 0.00
22.00	 0.00
23.00	 0.00
24.00	 0.00
25.00	 0.00
26.00	 0.00
27.00	 0.00
28.00	 0.00
29.00	 0.00
30.00	 0.00
31.00	 1.00
32.00	 2.00
33.00	 1.00
34.00	 2.00
35.00	 6.00
36.00	 3.00
37.00	19.00
38.00	20.00
39.00	21.00
40.00	31.00
41.00	49.00
42.00	67.00
43.00	70.00
44.00	102.00
45.00	97.00
46.00	128.00
47.00	144.00
48.00	180.00
49.00	205.00
50.00	200.00
51.00	204.00
52.00	266.00
53.00	248.00
54.00	271.00
55.00	267.00
56.00	279.00
57.00	297.00
58.00	315.00
59.00	263.00
60.00	298.00
61.00	317.00
62.00	327.00
63.00	331.00
64.00	339.00
65.00	341.00
66.00	380.00
67.00	343.00
68.00	289.00
69.00	351.00
70.00	363.00
71.00	327.00
72.00	369.00
73.00	357.00
74.00	340.00
75.00	333.00
76.00	358.00
77.00	366.00
78.00	350.00
79.00	346.00
80.00	346.00
81.00	329.00
82.00	344.00
83.00	321.00
84.00	307.00
85.00	340.00
86.00	319.00
87.00	336.00
88.00	278.00
89.00	311.00
90.00	317.00
91.00	330.00
92.00	313.00
93.00	332.00
94.00	337.00
95.00	315.00
96.00	279.00
97.00	298.00
98.00	293.00
99.00	332.00
100.00	296.00
101.00	276.00
102.00	287.00
103.00	284.00
104.00	298.00
105.00	281.00
106.00	267.00
107.00	274.00
108.00	249.00
109.00	261.00
110.00	252.00
111.00	265.00
112.00	258.00
113.00	259.00
114.00	256.00
115.00	269.00
116.00	252.00
117.00	255.00
118.00	283.00
119.00	280.00
120.00	269.00
121.00	252.00
122.00	238.00
123.00	228.00
124.00	222.00
125.00	224.00
126.00	214.00
127.00	218.00
128.00	225.00
129.00	212.00
130.00	223.00
131.00	209.00
132.00	190.00
133.00	184.00
134.00	219.00
135.00	223.00
136.00	253.00
137.00	294.00
138.00	348.00
139.00	467.00
140.00	576.00
141.00	718.00
142.00	933.00
143.00	1037.00
144.00	1114.00
145.00	1157.00
146.00	1120.00
147.00	1015.00
148.00	936.00
149.00	732.00
150.00	692.00
151.00	683.00
152.00	580.00
153.00	541.00
154.00	514.00
155.00	519.00
156.00	437.00
157.00	414.00
158.00	423.00
159.00	586.00
160.00	915.00
161.00	1459.00
162.00	2310.00
163.00	3758.00
164.00	5649.00
165.00	7954.00
166.00	10325.00
167.00	12303.00
168.00	14050.00
169.00	14477.00
170.00	13942.00
171.00	12676.00
172.00	10610.00
173.00	8410.00
174.00	6209.00
175.00	4209.00
176.00	3054.00
177.00	2098.00
178.00	1658.00
179.00	1225.00
180.00	1012.00
181.00	869.00
182.00	811.00
183.00	803.00
184.00	764.00
185.00	849.00
186.00	925.00
187.00	1061.00
188.00	1159.00
189.00	1166.00
190.00	1117.00
191.00	1075.00
192.00	946.00
193.00	810.00
194.00	617.00
195.00	522.00
196.00	430.00
197.00	379.00
198.00	302.00
199.00	256.00
200.00	271.00
201.00	214.00
202.00	194.00
203.00	206.00
204.00	198.00
205.00	210.00
206.00	197.00
207.00	206.00
208.00	207.00
209.00	222.00
210.00	213.00
211.00	208.00
212.00	204.00
213.00	213.00
214.00	256.00
215.00	239.00
216.00	265.00
217.00	275.00
218.00	297.00
219.00	315.00
220.00	324.00
221.00	316.00
222.00	300.00
223.00	279.00
224.00	252.00
225.00	263.00
226.00	249.00
227.00	260.00
228.00	210.00
229.00	210.00
230.00	193.00
231.00	229.00
232.00	186.00
233.00	190.00
234.00	170.00
235.00	170.00
236.00	197.00
237.00	175.00
238.00	179.00
239.00	202.00
240.00	188.00
241.00	200.00
242.00	178.00
243.00	189.00
244.00	168.00
245.00	167.00
246.00	192.00
247.00	173.00
248.00	185.00
249.00	195.00
250.00	187.00
251.00	211.00
252.00	210.00
253.00	188.00
254.00	215.00
255.00	206.00
256.00	217.00
257.00	187.00
258.00	233.00
259.00	215.00
260.00	221.00
261.00	248.00
262.00	214.00
263.00	267.00
264.00	289.00
265.00	282.00
266.00	296.00
267.00	307.00
268.00	317.00
269.00	316.00
270.00	290.00
271.00	317.00
272.00	298.00
273.00	253.00
274.00	282.00
275.00	282.00
276.00	285.00
277.00	331.00
278.00	412.00
279.00	549.00
280.00	715.00
281.00	942.00
282.00	1160.00
283.00	1494.00
284.00	1812.00
285.00	1865.00
286.00	2102.00
287.00	2101.00
288.00	2091.00
289.00	1895.00
290.00	1670.00
291.00	1327.00
292.00	1110.00
293.00	856.00
294.00	688.00
295.00	487.00
296.00	367.00
297.00	352.00
298.00	293.00
299.00	303.00
300.00	291.00
301.00	297.00
302.00	314.00
303.00	363.00
304.00	418.00
305.00	452.00
306.00	549.00
307.00	619.00
308.00	796.00
309.00	1022.00
310.00	1518.00
311.00	2031.00
312.00	3106.00
313.00	4418.00
314.00	6316.00
315.00	8724.00
316.00	11202.00
317.00	14273.00
318.00	17155.00
319.00	19447.00
320.00	21523.00
321.00	21893.00
322.00	21452.00
323.00	20168.00
324.00	17867.00
325.00	15137.00
326.00	12216.00
327.00	9293.00
328.00	6641.00
329.00	4644.00
330.00	3198.00
331.00	2095.00
332.00	1362.00
333.00	927.00
334.00	717.00
335.00	591.00
336.00	611.00
337.00	659.00
338.00	828.00
339.00	988.00
340.00	1262.00
341.00	1705.00
342.00	2174.00
343.00	2879.00
344.00	3775.00
345.00	5035.00
346.00	6849.00
347.00	9575.00
348.00	13007.00
349.00	17988.00
350.00	24140.00
351.00	32375.00
352.00	41710.00
353.00	51733.00
354.00	62224.00
355.00	70190.00
356.00	77882.00
357.00	80704.00
358.00	80762.00
359.00	76608.00
360.00	70054.00
361.00	60231.00
362.00	49466.00
363.00	39718.00
364.00	29788.00
365.00	21223.00
366.00	14510.00
367.00	9687.00
368.00	6191.00
369.00	3961.00
370.00	2430.00
371.00	1529.00
372.00	1177.00
373.00	931.00
374.00	830.00
375.00	844.00
376.00	1040.00
377.00	1319.00
378.00	1733.00
379.00	2358.00
380.00	2983.00
381.00	4029.00
382.00	5229.00
383.00	6604.00
384.00	8049.00
385.00	9485.00
386.00	10869.00
387.00	11633.00
388.00	12114.00
389.00	12225.00
390.00	11904.00
391.00	10928.00
392.00	9601.00
393.00	8305.00
394.00	6564.00
395.00	5142.00
396.00	3943.00
397.00	2933.00
398.00	2080.00
399.00	1462.00
400.00	1044.00
401.00	802.00
402.00	613.00
403.00	496.00
404.00	437.00
405.00	369.00
406.00	308.00
407.00	295.00
408.00	300.00
409.00	286.00
410.00	290.00
411.00	293.00
412.00	299.00
413.00	339.00
414.00	350.00
415.00	328.00
416.00	373.00
417.00	412.00
418.00	376.00
419.00	483.00
420.00	548.00
421.00	673.00
422.00	745.00
423.00	1042.00
424.00	1300.00
425.00	1787.00
426.00	2620.00
427.00	3603.00
428.00	4900.00
429.00	6422.00
430.00	8150.00
431.00	10186.00
432.00	12061.00
433.00	14008.00
434.00	15315.00
435.00	16548.00
436.00	17155.00
437.00	16925.00
438.00	15855.00
439.00	14610.00
440.00	13082.00
441.00	11283.00
442.00	9242.00
443.00	7756.00
444.00	6132.00
445.00	4937.00
446.00	4117.00
447.00	3411.00
448.00	3183.00
449.00	2750.00
450.00	2636.00
451.00	2393.00
452.00	2188.00
453.00	1998.00
454.00	1820.00
455.00	1664.00
456.00	1562.00
457.00	1312.00
458.00	1262.00
459.00	1081.00
460.00	1180.00
461.00	1198.00
462.00	1241.00
463.00	1332.00
464.00	1425.00
465.00	1615.00
466.00	1730.00
467.00	1903.00
468.00	2171.00
469.00	2390.00
470.00	2643.00
471.00	2901.00
472.00	3051.00
473.00	3632.00
474.00	3755.00
475.00	3924.00
476.00	4184.00
477.00	4050.00
478.00	4136.00
479.00	3847.00
480.00	3688.00
481.00	3397.00
482.00	2935.00
483.00	2494.00
484.00	2191.00
485.00	1877.00
486.00	1602.00
487.00	1320.00
488.00	1153.00
489.00	1022.00
490.00	888.00
491.00	854.00
492.00	859.00
493.00	885.00
494.00	857.00
495.00	892.00
496.00	901.00
497.00	969.00
498.00	945.00
499.00	1008.00
500.00	978.00
501.00	1013.00
502.00	1042.00
503.00	1122.00
504.00	1140.00
505.00	1155.00
506.00	1238.00
507.00	1312.00
508.00	1328.00
509.00	1370.00
510.00	1359.00
511.00	1455.00
512.00	1564.00
513.00	1589.00
514.00	1527.00
515.00	1671.00
516.00	1764.00
517.00	1815.00
518.00	1999.00
519.00	2104.00
520.00	2180.00
521.00	2292.00
522.00	2368.00
523.00	2459.00
524.00	2379.00
525.00	2347.00
526.00	2240.00
527.00	2158.00
528.00	2057.00
529.00	2033.00
530.00	1823.00
531.00	1710.00
532.00	1649.00
533.00	1733.00
534.00	1660.00
535.00	1678.00
536.00	1528.00
537.00	1656.00
538.00	1559.00
539.00	1677.00
540.00	1674.00
541.00	1652.00
542.00	1669.00
543.00	1636.00
544.00	1646.00
545.00	1780.00
546.00	1726.00
547.00	1670.00
548.00	1791.00
549.00	1847.00
550.00	1758.00
551.00	1878.00
552.00	1909.00
553.00	1941.00
554.00	2130.00
555.00	2320.00
556.00	2621.00
557.00	3158.00
558.00	3533.00
559.00	4615.00
560.00	5609.00
561.00	7068.00
562.00	8637.00
563.00	10746.00
564.00	12790.00
565.00	14749.00
566.00	16979.00
567.00	18559.00
568.00	19471.00
569.00	20277.00
570.00	20468.00
571.00	20223.00
572.00	19321.00
573.00	17811.00
574.00	15860.00
575.00	13731.00
576.00	11644.00
577.00	9884.00
578.00	7992.00
579.00	6442.00
580.00	4965.00
581.00	4098.00
582.00	3402.00
583.00	2816.00
584.00	2536.00
585.00	2337.00
586.00	2202.00
587.00	2095.00
588.00	2045.00
589.00	2143.00
590.00	2210.00
591.00	2291.00
592.00	2350.00
593.00	2522.00
594.00	2676.00
595.00	2917.00
596.00	3210.00
597.00	3602.00
598.00	4193.00
599.00	5094.00
600.00	6633.00
601.00	8906.00
602.00	12291.00
603.00	17077.00
604.00	24395.00
605.00	34954.00
606.00	48919.00
607.00	67831.00
608.00	92488.00
609.00	122356.00
610.00	159509.00
611.00	199582.00
612.00	246203.00
613.00	293079.00
614.00	339698.00
615.00	382226.00
616.00	416492.00
617.00	442497.00
618.00	452707.00
619.00	453589.00
620.00	437737.00
621.00	410109.00
622.00	371956.00
623.00	331021.00
624.00	284454.00
625.00	235259.00
626.00	190967.00
627.00	149795.00
628.00	114531.00
629.00	85752.00
630.00	62552.00
631.00	45072.00
632.00	31302.00
633.00	22065.00
634.00	15464.00
635.00	10895.00
636.00	8215.00
637.00	6211.00
638.00	5144.00
639.00	4320.00
640.00	3923.00
641.00	3520.00
642.00	3432.00
643.00	3316.00
644.00	3199.00
645.00	3187.00
646.00	3298.00
647.00	3223.00
648.00	3333.00
649.00	3291.00
650.00	3392.00
651.00	3486.00
652.00	3474.00
653.00	3503.00
654.00	3570.00
655.00	3672.00
656.00	3802.00
657.00	3919.00
658.00	4055.00
659.00	4226.00
660.00	4458.00
661.00	4759.00
662.00	5172.00
663.00	5516.00
664.00	6173.00
665.00	7123.00
666.00	7949.00
667.00	9401.00
668.00	11556.00
669.00	13685.00
670.00	16802.00
671.00	20873.00
672.00	25622.00
673.00	30622.00
674.00	36517.00
675.00	43050.00
676.00	49673.00
677.00	56470.00
678.00	62493.00
679.00	67491.00
680.00	70951.00
681.00	72800.00
682.00	72237.00
683.00	70361.00
684.00	67298.00
685.00	61665.00
686.00	55917.00
687.00	49159.00
688.00	42025.00
689.00	35130.00
690.00	28629.00
691.00	22838.00
692.00	18297.00
693.00	13887.00
694.00	10997.00
695.00	8638.00
696.00	6863.00
697.00	5511.00
698.00	4517.00
699.00	3856.00
700.00	3524.00
701.00	3214.00
702.00	3153.00
703.00	3051.00
704.00	3070.00
705.00	3089.00
706.00	3113.00
707.00	3122.00
708.00	3267.00
709.00	3396.00
710.00	3460.00
711.00	3576.00
712.00	3667.00
713.00	3913.00
714.00	4060.00
715.00	4334.00
716.00	4505.00
717.00	4676.00
718.00	4941.00
719.00	4958.00
720.00	4996.00
721.00	5065.00
722.00	5168.00
723.00	4904.00
724.00	4929.00
725.00	4795.00
726.00	4747.00
727.00	4424.00
728.00	4295.00
729.00	3982.00
730.00	3893.00
731.00	3675.00
732.00	3622.00
733.00	3460.00
734.00	3423.00
735.00	3233.00
736.00	3256.00
737.00	3171.00
738.00	3123.00
739.00	3082.00
740.00	2992.00
741.00	3077.00
742.00	2991.00
743.00	2975.00
744.00	2973.00
745.00	2977.00
746.00	2944.00
747.00	2982.00
748.00	2974.00
749.00	2826.00
750.00	3040.00
751.00	2946.00
752.00	3008.00
753.00	2943.00
754.00	2917.00
755.00	3058.00
756.00	3028.00
757.00	3040.00
758.00	3136.00
759.00	3214.00
760.00	3144.00
761.00	3300.00
762.00	3372.00
763.00	3527.00
764.00	3548.00
765.00	3555.00
766.00	3766.00
767.00	3878.00
768.00	4015.00
769.00	4229.00
770.00	4225.00
771.00	4310.00
772.00	4616.00
773.00	4483.00
774.00	4617.00
775.00	4898.00
776.00	4902.00
777.00	5161.00
778.00	5002.00
779.00	4956.00
780.00	4915.00
781.00	4956.00
782.00	4979.00
783.00	4932.00
784.00	4841.00
785.00	4863.00
786.00	4801.00
787.00	4863.00
788.00	4952.00
789.00	5084.00
790.00	5067.00
791.00	5011.00
792.00	5112.00
793.00	5104.00
794.00	5165.00
795.00	5109.00
796.00	5246.00
797.00	5388.00
798.00	5330.00
799.00	5341.00
800.00	5203.00
801.00	5423.00
802.00	5373.00
803.00	5367.00
804.00	5499.00
805.00	5484.00
806.00	5392.00
807.00	5533.00
808.00	5433.00
809.00	5377.00
810.00	5495.00
811.00	5453.00
812.00	5396.00
813.00	5520.00
814.00	5461.00
815.00	5420.00
816.00	5478.00
817.00	5474.00
818.00	5556.00
819.00	5695.00
820.00	5738.00
821.00	5709.00
822.00	6159.00
823.00	6232.00
824.00	6457.00
825.00	6881.00
826.00	7053.00
827.00	7417.00
828.00	7738.00
829.00	8263.00
830.00	8483.00
831.00	8575.00
832.00	9013.00
833.00	8876.00
834.00	8904.00
835.00	8809.00
836.00	8514.00
837.00	8317.00
838.00	7954.00
839.00	7658.00
840.00	7275.00
841.00	6966.00
842.00	6739.00
843.00	6391.00
844.00	6116.00
845.00	5825.00
846.00	5621.00
847.00	5479.00
848.00	5419.00
849.00	5243.00
850.00	5159.00
851.00	5306.00
852.00	5172.00
853.00	5278.00
854.00	5185.00
855.00	5255.00
856.00	5337.00
857.00	5298.00
858.00	5358.00
859.00	5237.00
860.00	5322.00
861.00	5395.00
862.00	5237.00
863.00	5408.00
864.00	5250.00
865.00	5418.00
866.00	5236.00
867.00	5363.00
868.00	5309.00
869.00	5276.00
870.00	5426.00
871.00	5336.00
872.00	5297.00
873.00	5320.00
874.00	5430.00
875.00	5454.00
876.00	5655.00
877.00	5609.00
878.00	5709.00
879.00	5855.00
880.00	5786.00
881.00	5821.00
882.00	5900.00
883.00	5895.00
884.00	6021.00
885.00	6156.00
886.00	6299.00
887.00	6297.00
888.00	6310.00
889.00	6311.00
890.00	6426.00
891.00	6307.00
892.00	6415.00
893.00	6441.00
894.00	6284.00
895.00	6373.00
896.00	6331.00
897.00	6434.00
898.00	6349.00
899.00	6331.00
900.00	6265.00
901.00	6263.00
902.00	6371.00
903.00	6317.00
904.00	6441.00
905.00	6274.00
906.00	6300.00
907.00	6228.00
908.00	6432.00
909.00	6425.00
910.00	6512.00
911.00	6395.00
912.00	6474.00
913.00	6546.00
914.00	6546.00
915.00	6652.00
916.00	6766.00
917.00	6880.00
918.00	6791.00
919.00	6995.00
920.00	7138.00
921.00	7075.00
922.00	7138.00
923.00	6968.00
924.00	7005.00
925.00	7222.00
926.00	7418.00
927.00	7306.00
928.00	7286.00
929.00	7288.00
930.00	7074.00
931.00	7277.00
932.00	7188.00
933.00	7231.00
934.00	6968.00
935.00	6978.00
936.00	7061.00
937.00	7003.00
938.00	6986.00
939.00	6980.00
940.00	7101.00
941.00	6930.00
942.00	6918.00
943.00	6684.00
944.00	6848.00
945.00	6791.00
946.00	6597.00
947.00	6667.00
948.00	6733.00
949.00	6738.00
950.00	6593.00
951.00	6817.00
952.00	6618.00
953.00	6590.00
954.00	6759.00
955.00	6651.00
956.00	6580.00
957.00	6748.00
958.00	6613.00
959.00	6742.00
960.00	6565.00
961.00	6741.00
962.00	6719.00
963.00	6818.00
964.00	6748.00
965.00	6680.00
966.00	6797.00
967.00	6759.00
968.00	6726.00
969.00	6802.00
970.00	6758.00
971.00	6958.00
972.00	6771.00
973.00	6830.00
974.00	6826.00
975.00	6886.00
976.00	6899.00
977.00	6771.00
978.00	6688.00
979.00	6789.00
980.00	6593.00
981.00	6828.00
982.00	6719.00
983.00	6732.00
984.00	6672.00
985.00	6667.00
986.00	6763.00
987.00	6798.00
988.00	6727.00
989.00	6545.00
990.00	6633.00
991.00	6827.00
992.00	6844.00
993.00	6641.00
994.00	6900.00
995.00	6728.00
996.00	6750.00
997.00	6794.00
998.00	6917.00
999.00	6681.00
1000.00	6720.00
1001.00	6763.00
1002.00	6920.00
1003.00	6908.00
1004.00	6932.00
1005.00	7011.00
1006.00	6885.00
1007.00	6955.00
1008.00	7109.00
1009.00	7089.00
1010.00	7091.00
1011.00	7114.00
1012.00	7109.00
1013.00	7400.00
1014.00	7376.00
1015.00	7416.00
1016.00	7488.00
1017.00	7376.00
1018.00	7491.00
1019.00	7316.00
1020.00	7425.00
1021.00	7334.00
1022.00	7230.00
1023.00	7221.00
1024.00	7016.00
1025.00	7145.00
1026.00	6815.00
1027.00	6839.00
1028.00	6836.00
1029.00	6771.00
1030.00	6755.00
1031.00	6589.00
1032.00	6753.00
1033.00	6578.00
1034.00	6731.00
1035.00	6717.00
1036.00	6453.00
1037.00	6744.00
1038.00	6601.00
1039.00	6589.00
1040.00	6653.00
1041.00	6625.00
1042.00	6892.00
1043.00	6701.00
1044.00	6818.00
1045.00	6734.00
1046.00	6737.00
1047.00	6837.00
1048.00	6784.00
1049.00	6865.00
1050.00	6831.00
1051.00	6811.00
1052.00	7007.00
1053.00	7096.00
1054.00	6808.00
1055.00	7017.00
1056.00	6884.00
1057.00	7057.00
1058.00	6903.00
1059.00	6871.00
1060.00	6788.00
1061.00	6998.00
1062.00	6967.00
1063.00	6943.00
1064.00	6912.00
1065.00	6973.00
1066.00	6824.00
1067.00	6990.00
1068.00	6921.00
1069.00	7070.00
1070.00	6864.00
1071.00	7031.00
1072.00	7150.00
1073.00	7042.00
1074.00	7028.00
1075.00	6977.00
1076.00	7035.00
1077.00	7110.00
1078.00	7129.00
1079.00	6965.00
1080.00	7235.00
1081.00	7134.00
1082.00	7263.00
1083.00	7195.00
1084.00	7161.00
1085.00	7180.00
1086.00	7269.00
1087.00	7164.00
1088.00	7187.00
1089.00	7142.00
1090.00	7167.00
1091.00	7271.00
1092.00	7225.00
1093.00	7181.00
1094.00	7355.00
1095.00	7300.00
1096.00	7298.00
1097.00	7311.00
1098.00	7285.00
1099.00	7304.00
1100.00	7278.00
1101.00	7265.00
1102.00	7305.00
1103.00	7289.00
1104.00	7451.00
1105.00	7326.00
1106.00	7400.00
1107.00	7256.00
1108.00	7387.00
1109.00	7287.00
1110.00	7321.00
1111.00	7217.00
1112.00	7300.00
1113.00	7333.00
1114.00	7288.00
1115.00	7490.00
1116.00	7408.00
1117.00	7399.00
1118.00	7279.00
1119.00	7289.00
1120.00	7280.00
1121.00	7247.00
1122.00	7292.00
1123.00	7328.00
1124.00	7249.00
1125.00	7296.00
1126.00	7247.00
1127.00	7221.00
1128.00	7394.00
1129.00	7507.00
1130.00	7176.00
1131.00	7090.00
1132.00	7257.00
1133.00	7302.00
1134.00	7247.00
1135.00	7426.00
1136.00	7366.00
1137.00	7281.00
1138.00	7207.00
1139.00	7114.00
1140.00	7110.00
1141.00	7211.00
1142.00	7341.00
1143.00	7341.00
1144.00	7335.00
1145.00	7195.00
1146.00	7142.00
1147.00	7187.00
1148.00	7234.00
1149.00	7319.00
1150.00	7298.00
1151.00	7198.00
1152.00	7135.00
1153.00	7274.00
1154.00	7211.00
1155.00	7217.00
1156.00	7216.00
1157.00	7215.00
1158.00	7151.00
1159.00	7120.00
1160.00	7158.00
1161.00	7060.00
1162.00	7048.00
1163.00	7107.00
1164.00	7163.00
1165.00	7160.00
1166.00	7106.00
1167.00	7110.00
1168.00	7128.00
1169.00	7149.00
1170.00	7132.00
1171.00	7258.00
1172.00	7021.00
1173.00	7143.00
1174.00	7031.00
1175.00	6905.00
1176.00	7198.00
1177.00	7146.00
1178.00	7287.00
1179.00	7193.00
1180.00	7158.00
1181.00	7251.00
1182.00	7263.00
1183.00	7119.00
1184.00	7248.00
1185.00	7401.00
1186.00	7120.00
1187.00	7196.00
1188.00	7118.00
1189.00	7221.00
1190.00	7330.00
1191.00	7224.00
1192.00	7302.00
1193.00	7084.00
1194.00	7384.00
1195.00	7338.00
1196.00	7321.00
1197.00	7207.00
1198.00	7208.00
1199.00	7419.00
1200.00	7281.00
1201.00	7219.00
1202.00	7410.00
1203.00	7302.00
1204.00	7326.00
1205.00	7481.00
1206.00	7360.00
1207.00	7453.00
1208.00	7304.00
1209.00	7476.00
1210.00	7593.00
1211.00	7583.00
1212.00	7612.00
1213.00	7548.00
1214.00	7537.00
1215.00	7671.00
1216.00	7715.00
1217.00	7650.00
1218.00	7660.00
1219.00	7780.00
1220.00	7833.00
1221.00	7873.00
1222.00	7759.00
1223.00	7854.00
1224.00	8025.00
1225.00	8053.00
1226.00	8213.00
1227.00	7945.00
1228.00	8196.00
1229.00	7986.00
1230.00	8172.00
1231.00	8102.00
1232.00	8192.00
1233.00	8260.00
1234.00	8128.00
1235.00	8135.00
1236.00	7989.00
1237.00	8010.00
1238.00	8087.00
1239.00	7984.00
1240.00	8046.00
1241.00	7937.00
1242.00	7763.00
1243.00	7845.00
1244.00	7593.00
1245.00	7675.00
1246.00	7779.00
1247.00	7493.00
1248.00	7546.00
1249.00	7555.00
1250.00	7493.00
1251.00	7418.00
1252.00	7388.00
1253.00	7271.00
1254.00	7549.00
1255.00	7470.00
1256.00	7398.00
1257.00	7317.00
1258.00	7234.00
1259.00	7311.00
1260.00	7273.00
1261.00	7273.00
1262.00	7149.00
1263.00	7454.00
1264.00	7220.00
1265.00	7380.00
1266.00	7304.00
1267.00	7225.00
1268.00	7381.00
1269.00	7489.00
1270.00	7274.00
1271.00	7375.00
1272.00	7504.00
1273.00	7338.00
1274.00	7420.00
1275.00	7728.00
1276.00	7609.00
1277.00	7740.00
1278.00	7725.00
1279.00	7941.00
1280.00	7906.00
1281.00	8082.00
1282.00	8235.00
1283.00	8294.00
1284.00	8506.00
1285.00	8493.00
1286.00	8560.00
1287.00	8788.00
1288.00	8869.00
1289.00	8751.00
1290.00	8762.00
1291.00	8968.00
1292.00	8848.00
1293.00	8867.00
1294.00	8735.00
1295.00	8489.00
1296.00	8613.00
1297.00	8448.00
1298.00	8487.00
1299.00	8384.00
1300.00	8100.00
1301.00	7959.00
1302.00	8022.00
1303.00	7721.00
1304.00	7635.00
1305.00	7593.00
1306.00	7499.00
1307.00	7516.00
1308.00	7403.00
1309.00	7342.00
1310.00	7208.00
1311.00	7142.00
1312.00	7203.00
1313.00	7337.00
1314.00	7180.00
1315.00	7180.00
1316.00	7204.00
1317.00	7204.00
1318.00	6932.00
1319.00	7073.00
1320.00	7081.00
1321.00	6977.00
1322.00	7126.00
1323.00	7193.00
1324.00	7182.00
1325.00	6973.00
1326.00	7079.00
1327.00	7137.00
1328.00	6933.00
1329.00	7082.00
1330.00	6999.00
1331.00	6984.00
1332.00	6954.00
1333.00	7062.00
1334.00	7096.00
1335.00	7014.00
1336.00	7071.00
1337.00	6994.00
1338.00	6946.00
1339.00	6956.00
1340.00	6971.00
1341.00	6905.00
1342.00	7024.00
1343.00	7073.00
1344.00	7002.00
1345.00	7078.00
1346.00	7144.00
1347.00	7319.00
1348.00	7148.00
1349.00	7414.00
1350.00	7423.00
1351.00	7358.00
1352.00	7569.00
1353.00	7802.00
1354.00	7729.00
1355.00	7788.00
1356.00	7867.00
1357.00	8110.00
1358.00	8301.00
1359.00	8518.00
1360.00	8475.00
1361.00	8445.00
1362.00	8485.00
1363.00	8777.00
1364.00	8783.00
1365.00	8529.00
1366.00	8677.00
1367.00	8568.00
1368.00	8341.00
1369.00	8248.00
1370.00	8130.00
1371.00	8103.00
1372.00	7893.00
1373.00	7653.00
1374.00	7513.00
1375.00	7314.00
1376.00	7266.00
1377.00	7267.00
1378.00	7026.00
1379.00	6926.00
1380.00	6891.00
1381.00	6789.00
1382.00	6773.00
1383.00	6594.00
1384.00	6647.00
1385.00	6559.00
1386.00	6560.00
1387.00	6512.00
1388.00	6498.00
1389.00	6440.00
1390.00	6441.00
1391.00	6537.00
1392.00	6382.00
1393.00	6293.00
1394.00	6326.00
1395.00	6251.00
1396.00	6310.00
1397.00	6298.00
1398.00	6240.00
1399.00	6241.00
1400.00	6279.00
1401.00	6279.00
1402.00	6254.00
1403.00	6230.00
1404.00	6271.00
1405.00	6164.00
1406.00	6206.00
1407.00	6282.00
1408.00	6161.00
1409.00	6136.00
1410.00	6128.00
1411.00	6125.00
1412.00	6246.00
1413.00	6280.00
1414.00	6289.00
1415.00	6111.00
1416.00	6202.00
1417.00	6188.00
1418.00	6256.00
1419.00	6106.00
1420.00	6128.00
1421.00	6299.00
1422.00	6418.00
1423.00	6159.00
1424.00	6189.00
1425.00	6337.00
1426.00	6319.00
1427.00	6373.00
1428.00	6400.00
1429.00	6462.00
1430.00	6346.00
1431.00	6392.00
1432.00	6514.00
1433.00	6542.00
1434.00	6435.00
1435.00	6494.00
1436.00	6693.00
1437.00	6430.00
1438.00	6659.00
1439.00	6611.00
1440.00	6589.00
1441.00	6623.00
1442.00	6687.00
1443.00	6581.00
1444.00	6489.00
1445.00	6461.00
1446.00	6633.00
1447.00	6361.00
1448.00	6359.00
1449.00	6425.00
1450.00	6305.00
1451.00	6385.00
1452.00	6398.00
1453.00	6212.00
1454.00	6227.00
1455.00	6249.00
1456.00	6053.00
1457.00	6151.00
1458.00	6023.00
1459.00	5975.00
1460.00	6023.00
1461.00	6030.00
1462.00	6027.00
1463.00	6157.00
1464.00	5965.00
1465.00	5859.00
1466.00	5864.00
1467.00	5903.00
1468.00	5975.00
1469.00	6085.00
1470.00	6047.00
1471.00	5961.00
1472.00	5993.00
1473.00	5843.00
1474.00	5776.00
1475.00	6055.00
1476.00	5923.00
1477.00	5834.00
1478.00	5903.00
1479.00	5799.00
1480.00	5805.00
1481.00	5693.00
1482.00	5901.00
1483.00	5736.00
1484.00	5988.00
1485.00	5812.00
1486.00	5951.00
1487.00	5918.00
1488.00	5756.00
1489.00	5855.00
1490.00	5843.00
1491.00	5930.00
1492.00	5962.00
1493.00	5838.00
1494.00	5961.00
1495.00	5796.00
1496.00	5980.00
1497.00	5916.00
1498.00	5956.00
1499.00	5982.00
1500.00	6107.00
1501.00	6114.00
1502.00	6133.00
1503.00	6060.00
1504.00	6194.00
1505.00	6292.00
1506.00	6313.00
1507.00	6446.00
1508.00	6382.00
1509.00	6621.00
1510.00	6514.00
1511.00	6765.00
1512.00	6758.00
1513.00	6797.00
1514.00	6953.00
1515.00	6989.00
1516.00	7120.00
1517.00	7252.00
1518.00	7121.00
1519.00	7172.00
1520.00	7223.00
1521.00	7450.00
1522.00	7354.00
1523.00	7246.00
1524.00	7273.00
1525.00	7237.00
1526.00	7063.00
1527.00	7206.00
1528.00	6964.00
1529.00	6846.00
1530.00	6845.00
1531.00	6926.00
1532.00	6537.00
1533.00	6692.00
1534.00	6533.00
1535.00	6720.00
1536.00	6439.00
1537.00	6332.00
1538.00	6595.00
1539.00	6318.00
1540.00	6360.00
1541.00	6382.00
1542.00	6422.00
1543.00	6451.00
1544.00	6439.00
1545.00	6491.00
1546.00	6487.00
1547.00	6557.00
1548.00	6879.00
1549.00	6693.00
1550.00	6694.00
1551.00	6895.00
1552.00	6784.00
1553.00	6925.00
1554.00	6973.00
1555.00	7013.00
1556.00	7215.00
1557.00	7277.00
1558.00	7406.00
1559.00	7492.00
1560.00	7455.00
1561.00	7749.00
1562.00	7703.00
1563.00	7755.00
1564.00	8068.00
1565.00	8196.00
1566.00	8291.00
1567.00	8401.00
1568.00	8586.00
1569.00	8631.00
1570.00	8697.00
1571.00	8913.00
1572.00	8982.00
1573.00	9079.00
1574.00	9397.00
1575.00	9314.00
1576.00	9452.00
1577.00	9517.00
1578.00	9800.00
1579.00	9781.00
1580.00	9920.00
1581.00	9759.00
1582.00	9736.00
1583.00	10115.00
1584.00	10322.00
1585.00	9893.00
1586.00	10195.00
1587.00	10175.00
1588.00	10122.00
1589.00	10072.00
1590.00	10240.00
1591.00	10148.00
1592.00	10256.00
1593.00	10145.00
1594.00	10097.00
1595.00	10064.00
1596.00	9961.00
1597.00	9851.00
1598.00	9952.00
1599.00	9656.00
1600.00	9579.00
1601.00	9469.00
1602.00	9457.00
1603.00	9289.00
1604.00	9104.00
1605.00	9064.00
1606.00	9023.00
1607.00	8663.00
1608.00	8619.00
1609.00	8564.00
1610.00	8291.00
1611.00	8045.00
1612.00	8150.00
1613.00	7805.00
1614.00	7873.00
1615.00	7691.00
1616.00	7472.00
1617.00	7319.00
1618.00	7198.00
1619.00	7204.00
1620.00	7106.00
1621.00	6871.00
1622.00	6789.00
1623.00	6534.00
1624.00	6600.00
1625.00	6249.00
1626.00	6513.00
1627.00	6239.00
1628.00	6110.00
1629.00	5955.00
1630.00	5963.00
1631.00	5923.00
1632.00	5704.00
1633.00	5725.00
1634.00	5534.00
1635.00	5512.00
1636.00	5382.00
1637.00	5453.00
1638.00	5331.00
1639.00	5375.00
1640.00	5304.00
1641.00	5249.00
1642.00	5271.00
1643.00	5196.00
1644.00	5076.00
1645.00	5071.00
1646.00	4865.00
1647.00	4913.00
1648.00	4981.00
1649.00	4889.00
1650.00	4824.00
1651.00	4913.00
1652.00	4775.00
1653.00	4817.00
1654.00	4852.00
1655.00	4861.00
1656.00	4792.00
1657.00	4916.00
1658.00	4903.00
1659.00	5031.00
1660.00	5076.00
1661.00	5180.00
1662.00	5514.00
1663.00	5472.00
1664.00	5442.00
1665.00	5835.00
1666.00	5941.00
1667.00	6150.00
1668.00	6275.00
1669.00	6340.00
1670.00	6960.00
1671.00	7202.00
1672.00	7392.00
1673.00	7609.00
1674.00	7911.00
1675.00	7805.00
1676.00	8212.00
1677.00	8281.00
1678.00	8538.00
1679.00	8930.00
1680.00	8771.00
1681.00	8743.00
1682.00	8854.00
1683.00	8826.00
1684.00	8787.00
1685.00	8803.00
1686.00	8548.00
1687.00	8213.00
1688.00	8226.00
1689.00	8104.00
1690.00	7757.00
1691.00	7333.00
1692.00	7131.00
1693.00	6754.00
1694.00	6415.00
1695.00	6276.00
1696.00	6010.00
1697.00	5769.00
1698.00	5451.00
1699.00	5221.00
1700.00	4926.00
1701.00	4847.00
1702.00	4727.00
1703.00	4593.00
1704.00	4295.00
1705.00	4377.00
1706.00	4190.00
1707.00	4169.00
1708.00	4162.00
1709.00	4051.00
1710.00	3862.00
1711.00	3913.00
1712.00	3774.00
1713.00	3813.00
1714.00	3818.00
1715.00	3725.00
1716.00	3819.00
1717.00	3903.00
1718.00	3690.00
1719.00	3799.00
1720.00	3709.00
1721.00	3722.00
1722.00	3732.00
1723.00	3643.00
1724.00	3701.00
1725.00	3706.00
1726.00	3640.00
1727.00	3727.00
1728.00	3641.00
1729.00	3693.00
1730.00	3749.00
1731.00	3732.00
1732.00	3667.00
1733.00	3751.00
1734.00	3749.00
1735.00	3577.00
1736.00	3663.00
1737.00	3669.00
1738.00	3746.00
1739.00	3693.00
1740.00	3722.00
1741.00	3724.00
1742.00	3714.00
1743.00	3692.00
1744.00	3782.00
1745.00	3703.00
1746.00	3756.00
1747.00	3863.00
1748.00	3871.00
1749.00	3813.00
1750.00	3782.00
1751.00	3766.00
1752.00	3794.00
1753.00	3919.00
1754.00	3766.00
1755.00	3814.00
1756.00	3708.00
1757.00	3826.00
1758.00	3779.00
1759.00	3854.00
1760.00	3960.00
1761.00	3847.00
1762.00	3879.00
1763.00	3907.00
1764.00	3829.00
1765.00	3859.00
1766.00	3974.00
1767.00	3892.00
1768.00	3921.00
1769.00	3909.00
1770.00	3860.00
1771.00	3882.00
1772.00	3869.00
1773.00	3774.00
1774.00	3916.00
1775.00	3848.00
1776.00	3841.00
1777.00	3735.00
1778.00	3780.00
1779.00	3922.00
1780.00	3738.00
1781.00	3617.00
1782.00	3723.00
1783.00	3690.00
1784.00	3514.00
1785.00	3645.00
1786.00	3609.00
1787.00	3524.00
1788.00	3563.00
1789.00	3530.00
1790.00	3379.00
1791.00	3602.00
1792.00	3392.00
1793.00	3387.00
1794.00	3336.00
1795.00	3388.00
1796.00	3318.00
1797.00	3304.00
1798.00	3312.00
1799.00	3295.00
1800.00	3210.00
1801.00	3159.00
1802.00	3071.00
1803.00	3070.00
1804.00	3123.00
1805.00	2940.00
1806.00	3025.00
1807.00	2903.00
1808.00	2829.00
1809.00	2819.00
1810.00	2880.00
1811.00	2820.00
1812.00	2801.00
1813.00	2659.00
1814.00	2787.00
1815.00	2805.00
1816.00	2693.00
1817.00	2546.00
1818.00	2702.00
1819.00	2605.00
1820.00	2532.00
1821.00	2573.00
1822.00	2462.00
1823.00	2543.00
1824.00	2607.00
1825.00	2548.00
1826.00	2365.00
1827.00	2465.00
1828.00	2392.00
1829.00	2322.00
1830.00	2369.00
1831.00	2416.00
1832.00	2271.00
1833.00	2261.00
1834.00	2302.00
1835.00	2353.00
1836.00	2187.00
1837.00	2215.00
1838.00	2297.00
1839.00	2147.00
1840.00	2239.00
1841.00	2173.00
1842.00	2211.00
1843.00	2098.00
1844.00	2143.00
1845.00	2073.00
1846.00	2094.00
1847.00	2091.00
1848.00	1936.00
1849.00	2063.00
1850.00	1958.00
1851.00	2022.00
1852.00	2030.00
1853.00	2007.00
1854.00	2013.00
1855.00	1978.00
1856.00	1916.00
1857.00	1992.00
1858.00	1996.00
1859.00	1890.00
1860.00	2014.00
1861.00	1899.00
1862.00	1911.00
1863.00	1995.00
1864.00	1905.00
1865.00	1986.00
1866.00	1871.00
1867.00	1889.00
1868.00	1828.00
1869.00	1884.00
1870.00	2017.00
1871.00	1940.00
1872.00	1927.00
1873.00	1921.00
1874.00	1975.00
1875.00	1951.00
1876.00	2077.00
1877.00	2133.00
1878.00	2105.00
1879.00	2041.00
1880.00	2163.00
1881.00	2161.00
1882.00	2183.00
1883.00	2191.00
1884.00	2264.00
1885.00	2263.00
1886.00	2315.00
1887.00	2355.00
1888.00	2316.00
1889.00	2298.00
1890.00	2355.00
1891.00	2300.00
1892.00	2210.00
1893.00	2223.00
1894.00	2266.00
1895.00	2116.00
1896.00	2182.00
1897.00	2174.00
1898.00	1994.00
1899.00	2007.00
1900.00	2009.00
1901.00	1925.00
1902.00	1922.00
1903.00	1833.00
1904.00	1845.00
1905.00	1732.00
1906.00	1711.00
1907.00	1718.00
1908.00	1691.00
1909.00	1683.00
1910.00	1690.00
1911.00	1627.00
1912.00	1604.00
1913.00	1607.00
1914.00	1615.00
1915.00	1600.00
1916.00	1563.00
1917.00	1596.00
1918.00	1568.00
1919.00	1582.00
1920.00	1435.00
1921.00	1514.00
1922.00	1504.00
1923.00	1523.00
1924.00	1453.00
1925.00	1563.00
1926.00	1432.00
1927.00	1463.00
1928.00	1454.00
1929.00	1469.00
1930.00	1429.00
1931.00	1427.00
1932.00	1406.00
1933.00	1396.00
1934.00	1372.00
1935.00	1318.00
1936.00	1359.00
1937.00	1322.00
1938.00	1330.00
1939.00	1310.00
1940.00	1297.00
1941.00	1224.00
1942.00	1202.00
1943.00	1290.00
1944.00	1239.00
1945.00	1275.00
1946.00	1255.00
1947.00	1265.00
1948.00	1224.00
1949.00	1236.00
1950.00	1174.00
1951.00	1242.00
1952.00	1206.00
1953.00	1211.00
1954.00	1191.00
1955.00	1149.00
1956.00	1138.00
1957.00	1192.00
1958.00	1237.00
1959.00	1187.00
1960.00	1209.00
1961.00	1168.00
1962.00	1189.00
1963.00	1150.00
1964.00	1135.00
1965.00	1141.00
1966.00	1097.00
1967.00	1132.00
1968.00	1175.00
1969.00	1166.00
1970.00	1108.00
1971.00	1090.00
1972.00	1071.00
1973.00	1086.00
1974.00	1066.00
1975.00	1070.00
1976.00	1094.00
1977.00	1073.00
1978.00	1068.00
1979.00	1115.00
1980.00	1058.00
1981.00	1087.00
1982.00	1067.00
1983.00	1048.00
1984.00	1056.00
1985.00	998.00
1986.00	1048.00
1987.00	1004.00
1988.00	1015.00
1989.00	990.00
1990.00	991.00
1991.00	992.00
1992.00	997.00
1993.00	990.00
1994.00	936.00
1995.00	963.00
1996.00	916.00
1997.00	1030.00
1998.00	997.00
1999.00	934.00
2000.00	986.00
2001.00	927.00
2002.00	912.00
2003.00	975.00
2004.00	912.00
2005.00	965.00
2006.00	897.00
2007.00	972.00
2008.00	888.00
2009.00	918.00
2010.00	910.00
2011.00	908.00
2012.00	880.00
2013.00	880.00
2014.00	908.00
2015.00	869.00
2016.00	885.00
2017.00	849.00
2018.00	899.00
2019.00	896.00
2020.00	861.00
2021.00	867.00
2022.00	897.00
2023.00	818.00
2024.00	850.00
2025.00	891.00
2026.00	801.00
2027.00	807.00
2028.00	760.00
2029.00	774.00
2030.00	835.00
2031.00	764.00
2032.00	782.00
2033.00	742.00
2034.00	745.00
2035.00	752.00
2036.00	697.00
2037.00	746.00
2038.00	778.00
2039.00	733.00
2040.00	747.00
2041.00	760.00
2042.00	771.00
2043.00	709.00
2044.00	714.00
2045.00	758.00
2046.00	720.00
2047.00	676.00
2048.00	 0.00
