Date:	2023-09-18		
Time:	19:25		
Sample name:	Pellets		
Position:	62.600011	mm	
Sample surface:	5.996795	cm	
Tube anode:	Mo		
Tube voltage:	30	kV	
Tube current:	50	mA	
Comments	not in position		
Gain	5.810000		
peaking_time	0.300000	m-sec	
trigger_threshold	30.000000	V	
mca_bin_width	2.000000	no:	
number_mca_channels	2048.000000	no:	
gap_time	0.100000	m-sec	
trigger_peaking_time	0.050000	m-sec	
livetime	17.188774	seconds	
runtime	20.000189	seconds	
input_count_rate	121082.866752	cps	
output_count_rate	104062.316611	cps	
triggers	2333403.000000	seconds	
events_in_run	2071142.000000	seconds	
channel	content		
 1.00	 0.00
 2.00	 0.00
 3.00	 0.00
 4.00	 0.00
 5.00	 0.00
 6.00	 0.00
 7.00	 0.00
 8.00	 0.00
 9.00	 0.00
10.00	 0.00
11.00	 0.00
12.00	 0.00
13.00	 0.00
14.00	 0.00
15.00	 0.00
16.00	 0.00
17.00	 0.00
18.00	 0.00
19.00	 0.00
20.00	 0.00
21.00	 0.00
22.00	 0.00
23.00	 0.00
24.00	 0.00
25.00	 0.00
26.00	 0.00
27.00	 0.00
28.00	 0.00
29.00	 0.00
30.00	 0.00
31.00	 3.00
32.00	 0.00
33.00	 2.00
34.00	 3.00
35.00	 6.00
36.00	10.00
37.00	15.00
38.00	30.00
39.00	42.00
40.00	34.00
41.00	63.00
42.00	68.00
43.00	82.00
44.00	95.00
45.00	127.00
46.00	137.00
47.00	158.00
48.00	156.00
49.00	199.00
50.00	249.00
51.00	247.00
52.00	253.00
53.00	258.00
54.00	294.00
55.00	290.00
56.00	299.00
57.00	319.00
58.00	327.00
59.00	336.00
60.00	330.00
61.00	327.00
62.00	356.00
63.00	393.00
64.00	364.00
65.00	350.00
66.00	358.00
67.00	398.00
68.00	322.00
69.00	364.00
70.00	385.00
71.00	382.00
72.00	378.00
73.00	342.00
74.00	371.00
75.00	337.00
76.00	382.00
77.00	333.00
78.00	349.00
79.00	390.00
80.00	339.00
81.00	346.00
82.00	356.00
83.00	358.00
84.00	348.00
85.00	363.00
86.00	299.00
87.00	340.00
88.00	358.00
89.00	325.00
90.00	346.00
91.00	324.00
92.00	283.00
93.00	334.00
94.00	299.00
95.00	314.00
96.00	306.00
97.00	314.00
98.00	322.00
99.00	302.00
100.00	309.00
101.00	314.00
102.00	278.00
103.00	276.00
104.00	277.00
105.00	285.00
106.00	278.00
107.00	254.00
108.00	280.00
109.00	266.00
110.00	269.00
111.00	290.00
112.00	247.00
113.00	302.00
114.00	254.00
115.00	257.00
116.00	266.00
117.00	288.00
118.00	288.00
119.00	296.00
120.00	277.00
121.00	263.00
122.00	255.00
123.00	231.00
124.00	242.00
125.00	211.00
126.00	238.00
127.00	211.00
128.00	208.00
129.00	206.00
130.00	222.00
131.00	199.00
132.00	184.00
133.00	210.00
134.00	213.00
135.00	216.00
136.00	230.00
137.00	283.00
138.00	329.00
139.00	451.00
140.00	594.00
141.00	750.00
142.00	862.00
143.00	1011.00
144.00	1009.00
145.00	1097.00
146.00	1036.00
147.00	913.00
148.00	859.00
149.00	743.00
150.00	645.00
151.00	595.00
152.00	596.00
153.00	552.00
154.00	482.00
155.00	457.00
156.00	461.00
157.00	447.00
158.00	487.00
159.00	561.00
160.00	936.00
161.00	1441.00
162.00	2511.00
163.00	3925.00
164.00	5932.00
165.00	8410.00
166.00	10903.00
167.00	13125.00
168.00	15035.00
169.00	15519.00
170.00	14854.00
171.00	13387.00
172.00	11153.00
173.00	8766.00
174.00	6456.00
175.00	4684.00
176.00	3262.00
177.00	2249.00
178.00	1598.00
179.00	1243.00
180.00	974.00
181.00	802.00
182.00	628.00
183.00	519.00
184.00	469.00
185.00	431.00
186.00	378.00
187.00	414.00
188.00	385.00
189.00	397.00
190.00	420.00
191.00	470.00
192.00	456.00
193.00	456.00
194.00	412.00
195.00	425.00
196.00	432.00
197.00	406.00
198.00	344.00
199.00	319.00
200.00	289.00
201.00	252.00
202.00	203.00
203.00	216.00
204.00	185.00
205.00	205.00
206.00	179.00
207.00	210.00
208.00	164.00
209.00	179.00
210.00	201.00
211.00	167.00
212.00	175.00
213.00	182.00
214.00	191.00
215.00	199.00
216.00	201.00
217.00	195.00
218.00	208.00
219.00	249.00
220.00	279.00
221.00	279.00
222.00	323.00
223.00	314.00
224.00	303.00
225.00	278.00
226.00	268.00
227.00	250.00
228.00	238.00
229.00	239.00
230.00	215.00
231.00	185.00
232.00	200.00
233.00	159.00
234.00	194.00
235.00	173.00
236.00	175.00
237.00	152.00
238.00	201.00
239.00	177.00
240.00	160.00
241.00	184.00
242.00	162.00
243.00	188.00
244.00	152.00
245.00	178.00
246.00	154.00
247.00	170.00
248.00	174.00
249.00	177.00
250.00	201.00
251.00	186.00
252.00	189.00
253.00	182.00
254.00	178.00
255.00	166.00
256.00	186.00
257.00	189.00
258.00	187.00
259.00	163.00
260.00	231.00
261.00	221.00
262.00	212.00
263.00	242.00
264.00	278.00
265.00	272.00
266.00	278.00
267.00	300.00
268.00	288.00
269.00	284.00
270.00	257.00
271.00	267.00
272.00	238.00
273.00	227.00
274.00	210.00
275.00	245.00
276.00	269.00
277.00	305.00
278.00	394.00
279.00	504.00
280.00	656.00
281.00	883.00
282.00	1106.00
283.00	1408.00
284.00	1650.00
285.00	1930.00
286.00	2062.00
287.00	2052.00
288.00	1901.00
289.00	1860.00
290.00	1514.00
291.00	1314.00
292.00	1072.00
293.00	831.00
294.00	582.00
295.00	477.00
296.00	324.00
297.00	301.00
298.00	235.00
299.00	206.00
300.00	227.00
301.00	242.00
302.00	288.00
303.00	265.00
304.00	353.00
305.00	399.00
306.00	457.00
307.00	541.00
308.00	666.00
309.00	940.00
310.00	1323.00
311.00	1963.00
312.00	2700.00
313.00	4000.00
314.00	5664.00
315.00	7800.00
316.00	10262.00
317.00	13214.00
318.00	15817.00
319.00	18073.00
320.00	19619.00
321.00	20304.00
322.00	19938.00
323.00	18431.00
324.00	16438.00
325.00	13923.00
326.00	11258.00
327.00	8542.00
328.00	6250.00
329.00	4345.00
330.00	2927.00
331.00	1819.00
332.00	1248.00
333.00	824.00
334.00	572.00
335.00	505.00
336.00	428.00
337.00	494.00
338.00	561.00
339.00	710.00
340.00	964.00
341.00	1226.00
342.00	1604.00
343.00	1987.00
344.00	2444.00
345.00	2875.00
346.00	3484.00
347.00	3935.00
348.00	4601.00
349.00	5273.00
350.00	6245.00
351.00	7394.00
352.00	8653.00
353.00	10172.00
354.00	11518.00
355.00	12691.00
356.00	13656.00
357.00	13990.00
358.00	13931.00
359.00	13210.00
360.00	12168.00
361.00	10480.00
362.00	8706.00
363.00	6846.00
364.00	5137.00
365.00	3740.00
366.00	2679.00
367.00	1789.00
368.00	1172.00
369.00	870.00
370.00	590.00
371.00	422.00
372.00	315.00
373.00	288.00
374.00	300.00
375.00	288.00
376.00	356.00
377.00	380.00
378.00	430.00
379.00	602.00
380.00	703.00
381.00	843.00
382.00	1077.00
383.00	1281.00
384.00	1605.00
385.00	1818.00
386.00	2031.00
387.00	2220.00
388.00	2300.00
389.00	2293.00
390.00	2207.00
391.00	2042.00
392.00	1888.00
393.00	1628.00
394.00	1438.00
395.00	1120.00
396.00	995.00
397.00	794.00
398.00	649.00
399.00	560.00
400.00	496.00
401.00	453.00
402.00	397.00
403.00	370.00
404.00	349.00
405.00	366.00
406.00	318.00
407.00	355.00
408.00	339.00
409.00	311.00
410.00	353.00
411.00	329.00
412.00	328.00
413.00	352.00
414.00	372.00
415.00	355.00
416.00	392.00
417.00	421.00
418.00	481.00
419.00	526.00
420.00	609.00
421.00	684.00
422.00	917.00
423.00	1149.00
424.00	1499.00
425.00	1990.00
426.00	2791.00
427.00	3857.00
428.00	5108.00
429.00	6860.00
430.00	8709.00
431.00	10407.00
432.00	12495.00
433.00	14105.00
434.00	15764.00
435.00	16950.00
436.00	17182.00
437.00	16714.00
438.00	15765.00
439.00	14640.00
440.00	13025.00
441.00	11071.00
442.00	9123.00
443.00	7678.00
444.00	6083.00
445.00	5074.00
446.00	4227.00
447.00	3611.00
448.00	3191.00
449.00	3061.00
450.00	2747.00
451.00	2631.00
452.00	2408.00
453.00	2318.00
454.00	2057.00
455.00	1815.00
456.00	1635.00
457.00	1448.00
458.00	1416.00
459.00	1306.00
460.00	1313.00
461.00	1461.00
462.00	1521.00
463.00	1746.00
464.00	1785.00
465.00	2025.00
466.00	2174.00
467.00	2478.00
468.00	2682.00
469.00	2971.00
470.00	3258.00
471.00	3518.00
472.00	3716.00
473.00	3790.00
474.00	4268.00
475.00	4260.00
476.00	4482.00
477.00	4442.00
478.00	4417.00
479.00	4123.00
480.00	3958.00
481.00	3664.00
482.00	3186.00
483.00	2788.00
484.00	2289.00
485.00	1986.00
486.00	1704.00
487.00	1440.00
488.00	1250.00
489.00	1076.00
490.00	1035.00
491.00	1009.00
492.00	968.00
493.00	1005.00
494.00	1013.00
495.00	1066.00
496.00	1116.00
497.00	1148.00
498.00	1138.00
499.00	1300.00
500.00	1314.00
501.00	1290.00
502.00	1316.00
503.00	1331.00
504.00	1310.00
505.00	1459.00
506.00	1485.00
507.00	1479.00
508.00	1408.00
509.00	1491.00
510.00	1525.00
511.00	1568.00
512.00	1695.00
513.00	1710.00
514.00	1749.00
515.00	1937.00
516.00	2016.00
517.00	2034.00
518.00	2311.00
519.00	2345.00
520.00	2532.00
521.00	2640.00
522.00	2720.00
523.00	2815.00
524.00	2684.00
525.00	2638.00
526.00	2663.00
527.00	2497.00
528.00	2408.00
529.00	2275.00
530.00	2158.00
531.00	2065.00
532.00	1955.00
533.00	1938.00
534.00	1929.00
535.00	1883.00
536.00	1950.00
537.00	1864.00
538.00	1913.00
539.00	1888.00
540.00	1949.00
541.00	1856.00
542.00	1904.00
543.00	1970.00
544.00	1953.00
545.00	1923.00
546.00	1930.00
547.00	1929.00
548.00	2041.00
549.00	2072.00
550.00	2050.00
551.00	2208.00
552.00	2262.00
553.00	2454.00
554.00	2585.00
555.00	2862.00
556.00	3376.00
557.00	4185.00
558.00	5086.00
559.00	6227.00
560.00	8059.00
561.00	9934.00
562.00	12612.00
563.00	15326.00
564.00	18135.00
565.00	21497.00
566.00	24455.00
567.00	27252.00
568.00	29526.00
569.00	30486.00
570.00	30533.00
571.00	30110.00
572.00	28896.00
573.00	26379.00
574.00	23538.00
575.00	20495.00
576.00	17190.00
577.00	14153.00
578.00	11592.00
579.00	9150.00
580.00	7235.00
581.00	5849.00
582.00	4437.00
583.00	3740.00
584.00	3106.00
585.00	2788.00
586.00	2619.00
587.00	2545.00
588.00	2506.00
589.00	2486.00
590.00	2565.00
591.00	2795.00
592.00	2866.00
593.00	2867.00
594.00	3087.00
595.00	3342.00
596.00	3675.00
597.00	4138.00
598.00	4693.00
599.00	5720.00
600.00	7182.00
601.00	9630.00
602.00	13422.00
603.00	18593.00
604.00	26576.00
605.00	38196.00
606.00	53655.00
607.00	74034.00
608.00	100773.00
609.00	134599.00
610.00	174247.00
611.00	220064.00
612.00	270548.00
613.00	322252.00
614.00	374052.00
615.00	419821.00
616.00	459745.00
617.00	489064.00
618.00	501741.00
619.00	500624.00
620.00	485528.00
621.00	455829.00
622.00	416649.00
623.00	367285.00
624.00	316018.00
625.00	263097.00
626.00	213578.00
627.00	169268.00
628.00	129503.00
629.00	97872.00
630.00	71051.00
631.00	51542.00
632.00	36136.00
633.00	25430.00
634.00	17885.00
635.00	12863.00
636.00	9419.00
637.00	6940.00
638.00	5684.00
639.00	4697.00
640.00	4199.00
641.00	3898.00
642.00	3770.00
643.00	3548.00
644.00	3500.00
645.00	3428.00
646.00	3513.00
647.00	3494.00
648.00	3543.00
649.00	3650.00
650.00	3598.00
651.00	3706.00
652.00	3699.00
653.00	3827.00
654.00	3934.00
655.00	4037.00
656.00	4179.00
657.00	4266.00
658.00	4465.00
659.00	4564.00
660.00	4919.00
661.00	5068.00
662.00	5609.00
663.00	5999.00
664.00	6603.00
665.00	7360.00
666.00	8596.00
667.00	9960.00
668.00	12191.00
669.00	14872.00
670.00	18238.00
671.00	22200.00
672.00	27446.00
673.00	33786.00
674.00	40131.00
675.00	46827.00
676.00	54646.00
677.00	62054.00
678.00	67990.00
679.00	74250.00
680.00	78171.00
681.00	79959.00
682.00	79904.00
683.00	78151.00
684.00	74649.00
685.00	68704.00
686.00	62025.00
687.00	54705.00
688.00	46453.00
689.00	39207.00
690.00	31785.00
691.00	25868.00
692.00	20381.00
693.00	15483.00
694.00	12299.00
695.00	9450.00
696.00	7446.00
697.00	5990.00
698.00	4875.00
699.00	4174.00
700.00	3680.00
701.00	3515.00
702.00	3334.00
703.00	3188.00
704.00	3201.00
705.00	3210.00
706.00	3291.00
707.00	3362.00
708.00	3428.00
709.00	3700.00
710.00	3578.00
711.00	3727.00
712.00	3825.00
713.00	4088.00
714.00	4155.00
715.00	4448.00
716.00	4572.00
717.00	4833.00
718.00	4981.00
719.00	5138.00
720.00	5291.00
721.00	5388.00
722.00	5254.00
723.00	5298.00
724.00	5225.00
725.00	5013.00
726.00	4838.00
727.00	4658.00
728.00	4440.00
729.00	4283.00
730.00	4137.00
731.00	4083.00
732.00	3890.00
733.00	3802.00
734.00	3608.00
735.00	3491.00
736.00	3351.00
737.00	3376.00
738.00	3389.00
739.00	3274.00
740.00	3227.00
741.00	3222.00
742.00	3254.00
743.00	3320.00
744.00	3179.00
745.00	3260.00
746.00	3210.00
747.00	3212.00
748.00	3139.00
749.00	3251.00
750.00	3208.00
751.00	3128.00
752.00	3230.00
753.00	3232.00
754.00	3343.00
755.00	3358.00
756.00	3284.00
757.00	3286.00
758.00	3349.00
759.00	3523.00
760.00	3509.00
761.00	3429.00
762.00	3616.00
763.00	3688.00
764.00	3818.00
765.00	3905.00
766.00	4046.00
767.00	4223.00
768.00	4343.00
769.00	4505.00
770.00	4696.00
771.00	4788.00
772.00	4974.00
773.00	5120.00
774.00	5287.00
775.00	5480.00
776.00	5489.00
777.00	5597.00
778.00	5547.00
779.00	5677.00
780.00	5541.00
781.00	5589.00
782.00	5404.00
783.00	5351.00
784.00	5210.00
785.00	5167.00
786.00	5221.00
787.00	5118.00
788.00	5251.00
789.00	5159.00
790.00	5211.00
791.00	5326.00
792.00	5213.00
793.00	5328.00
794.00	5317.00
795.00	5344.00
796.00	5575.00
797.00	5569.00
798.00	5545.00
799.00	5475.00
800.00	5587.00
801.00	5643.00
802.00	5585.00
803.00	5807.00
804.00	5799.00
805.00	5777.00
806.00	5750.00
807.00	5882.00
808.00	5725.00
809.00	5704.00
810.00	5586.00
811.00	5706.00
812.00	5795.00
813.00	5648.00
814.00	5717.00
815.00	5701.00
816.00	5729.00
817.00	5687.00
818.00	5928.00
819.00	6153.00
820.00	6247.00
821.00	6400.00
822.00	6849.00
823.00	7108.00
824.00	7635.00
825.00	8256.00
826.00	8584.00
827.00	9279.00
828.00	9891.00
829.00	10561.00
830.00	10919.00
831.00	11399.00
832.00	11705.00
833.00	11930.00
834.00	11816.00
835.00	11646.00
836.00	11387.00
837.00	10996.00
838.00	10282.00
839.00	9778.00
840.00	9325.00
841.00	8648.00
842.00	8079.00
843.00	7516.00
844.00	7103.00
845.00	6630.00
846.00	6425.00
847.00	6141.00
848.00	5882.00
849.00	5772.00
850.00	5582.00
851.00	5767.00
852.00	5567.00
853.00	5657.00
854.00	5700.00
855.00	5584.00
856.00	5708.00
857.00	5652.00
858.00	5765.00
859.00	5954.00
860.00	5945.00
861.00	5918.00
862.00	5651.00
863.00	5820.00
864.00	5865.00
865.00	5770.00
866.00	5772.00
867.00	5838.00
868.00	5894.00
869.00	5853.00
870.00	5894.00
871.00	5903.00
872.00	5789.00
873.00	5891.00
874.00	6073.00
875.00	5920.00
876.00	5937.00
877.00	6009.00
878.00	6170.00
879.00	6041.00
880.00	6399.00
881.00	6234.00
882.00	6258.00
883.00	6420.00
884.00	6512.00
885.00	6545.00
886.00	6770.00
887.00	6793.00
888.00	6759.00
889.00	6922.00
890.00	6981.00
891.00	6904.00
892.00	6836.00
893.00	6926.00
894.00	6992.00
895.00	6984.00
896.00	6924.00
897.00	6805.00
898.00	6860.00
899.00	6824.00
900.00	6809.00
901.00	6776.00
902.00	6963.00
903.00	6913.00
904.00	6933.00
905.00	6714.00
906.00	6938.00
907.00	6798.00
908.00	6826.00
909.00	7017.00
910.00	6952.00
911.00	7010.00
912.00	7122.00
913.00	7115.00
914.00	7271.00
915.00	7427.00
916.00	7473.00
917.00	7468.00
918.00	7705.00
919.00	7796.00
920.00	7802.00
921.00	7790.00
922.00	7927.00
923.00	7985.00
924.00	8029.00
925.00	8175.00
926.00	8056.00
927.00	7976.00
928.00	8094.00
929.00	7752.00
930.00	7850.00
931.00	7800.00
932.00	7644.00
933.00	7686.00
934.00	7625.00
935.00	7614.00
936.00	7279.00
937.00	7373.00
938.00	7310.00
939.00	7257.00
940.00	7299.00
941.00	7130.00
942.00	7097.00
943.00	7155.00
944.00	7276.00
945.00	7211.00
946.00	7087.00
947.00	7012.00
948.00	7086.00
949.00	6899.00
950.00	6982.00
951.00	7046.00
952.00	7031.00
953.00	7063.00
954.00	7016.00
955.00	6995.00
956.00	7067.00
957.00	6929.00
958.00	7041.00
959.00	7028.00
960.00	6997.00
961.00	6897.00
962.00	7026.00
963.00	6997.00
964.00	7033.00
965.00	7099.00
966.00	7085.00
967.00	7041.00
968.00	7098.00
969.00	6982.00
970.00	6993.00
971.00	6970.00
972.00	7042.00
973.00	6994.00
974.00	6948.00
975.00	6965.00
976.00	6966.00
977.00	6986.00
978.00	7106.00
979.00	7177.00
980.00	7218.00
981.00	7098.00
982.00	7184.00
983.00	7161.00
984.00	7303.00
985.00	7071.00
986.00	7153.00
987.00	7185.00
988.00	7272.00
989.00	7213.00
990.00	7200.00
991.00	7256.00
992.00	7188.00
993.00	7249.00
994.00	7175.00
995.00	7193.00
996.00	7205.00
997.00	7351.00
998.00	7214.00
999.00	7311.00
1000.00	7277.00
1001.00	7331.00
1002.00	7270.00
1003.00	7430.00
1004.00	7603.00
1005.00	7532.00
1006.00	7498.00
1007.00	7631.00
1008.00	7801.00
1009.00	7910.00
1010.00	8052.00
1011.00	7953.00
1012.00	8210.00
1013.00	8208.00
1014.00	8075.00
1015.00	8157.00
1016.00	8234.00
1017.00	8138.00
1018.00	8398.00
1019.00	8078.00
1020.00	8239.00
1021.00	8096.00
1022.00	7977.00
1023.00	7951.00
1024.00	7998.00
1025.00	7723.00
1026.00	7603.00
1027.00	7563.00
1028.00	7491.00
1029.00	7295.00
1030.00	7196.00
1031.00	7224.00
1032.00	7170.00
1033.00	7255.00
1034.00	7231.00
1035.00	7220.00
1036.00	7165.00
1037.00	7371.00
1038.00	7132.00
1039.00	7274.00
1040.00	7169.00
1041.00	7185.00
1042.00	7233.00
1043.00	7362.00
1044.00	7509.00
1045.00	7335.00
1046.00	7398.00
1047.00	7418.00
1048.00	7423.00
1049.00	7459.00
1050.00	7466.00
1051.00	7492.00
1052.00	7348.00
1053.00	7661.00
1054.00	7365.00
1055.00	7514.00
1056.00	7590.00
1057.00	7441.00
1058.00	7609.00
1059.00	7522.00
1060.00	7585.00
1061.00	7564.00
1062.00	7740.00
1063.00	7459.00
1064.00	7524.00
1065.00	7550.00
1066.00	7594.00
1067.00	7489.00
1068.00	7667.00
1069.00	7423.00
1070.00	7444.00
1071.00	7605.00
1072.00	7614.00
1073.00	7609.00
1074.00	7745.00
1075.00	7631.00
1076.00	7624.00
1077.00	7669.00
1078.00	7857.00
1079.00	7718.00
1080.00	7868.00
1081.00	7770.00
1082.00	7782.00
1083.00	7905.00
1084.00	7741.00
1085.00	7939.00
1086.00	7833.00
1087.00	7560.00
1088.00	7911.00
1089.00	7860.00
1090.00	7839.00
1091.00	7857.00
1092.00	7818.00
1093.00	7963.00
1094.00	7649.00
1095.00	7898.00
1096.00	7710.00
1097.00	7918.00
1098.00	7821.00
1099.00	7795.00
1100.00	7645.00
1101.00	7737.00
1102.00	7754.00
1103.00	7813.00
1104.00	7886.00
1105.00	7699.00
1106.00	7838.00
1107.00	7899.00
1108.00	7909.00
1109.00	7908.00
1110.00	7920.00
1111.00	7850.00
1112.00	7696.00
1113.00	7911.00
1114.00	7854.00
1115.00	7832.00
1116.00	7969.00
1117.00	7878.00
1118.00	7891.00
1119.00	7800.00
1120.00	7976.00
1121.00	7820.00
1122.00	7917.00
1123.00	7856.00
1124.00	7844.00
1125.00	7873.00
1126.00	7999.00
1127.00	7870.00
1128.00	7974.00
1129.00	7968.00
1130.00	7821.00
1131.00	8000.00
1132.00	7810.00
1133.00	7708.00
1134.00	7746.00
1135.00	8006.00
1136.00	7936.00
1137.00	7830.00
1138.00	7868.00
1139.00	7804.00
1140.00	8088.00
1141.00	7929.00
1142.00	7956.00
1143.00	7929.00
1144.00	7919.00
1145.00	7953.00
1146.00	7988.00
1147.00	7950.00
1148.00	7881.00
1149.00	8297.00
1150.00	8010.00
1151.00	8122.00
1152.00	7838.00
1153.00	7771.00
1154.00	7881.00
1155.00	7914.00
1156.00	7979.00
1157.00	7826.00
1158.00	7985.00
1159.00	7780.00
1160.00	7801.00
1161.00	7910.00
1162.00	7716.00
1163.00	7685.00
1164.00	7732.00
1165.00	7776.00
1166.00	7627.00
1167.00	7514.00
1168.00	7713.00
1169.00	7655.00
1170.00	7870.00
1171.00	7663.00
1172.00	7650.00
1173.00	7685.00
1174.00	7743.00
1175.00	7804.00
1176.00	7691.00
1177.00	7697.00
1178.00	7787.00
1179.00	7839.00
1180.00	7831.00
1181.00	7879.00
1182.00	7798.00
1183.00	7952.00
1184.00	7848.00
1185.00	8034.00
1186.00	7814.00
1187.00	7970.00
1188.00	7912.00
1189.00	7950.00
1190.00	7810.00
1191.00	7787.00
1192.00	7701.00
1193.00	7884.00
1194.00	7840.00
1195.00	7809.00
1196.00	7868.00
1197.00	7805.00
1198.00	7716.00
1199.00	7923.00
1200.00	7805.00
1201.00	7814.00
1202.00	7853.00
1203.00	7952.00
1204.00	8096.00
1205.00	8045.00
1206.00	8035.00
1207.00	8067.00
1208.00	8136.00
1209.00	8258.00
1210.00	8196.00
1211.00	8545.00
1212.00	8326.00
1213.00	8339.00
1214.00	8356.00
1215.00	8310.00
1216.00	8346.00
1217.00	8399.00
1218.00	8525.00
1219.00	8596.00
1220.00	8583.00
1221.00	8714.00
1222.00	8710.00
1223.00	8583.00
1224.00	8735.00
1225.00	8766.00
1226.00	8994.00
1227.00	8789.00
1228.00	8938.00
1229.00	8764.00
1230.00	8997.00
1231.00	8853.00
1232.00	8938.00
1233.00	9021.00
1234.00	9038.00
1235.00	9119.00
1236.00	9087.00
1237.00	8785.00
1238.00	9120.00
1239.00	8553.00
1240.00	8607.00
1241.00	8743.00
1242.00	8755.00
1243.00	8538.00
1244.00	8375.00
1245.00	8388.00
1246.00	8199.00
1247.00	8239.00
1248.00	8353.00
1249.00	8111.00
1250.00	8159.00
1251.00	7990.00
1252.00	8112.00
1253.00	7999.00
1254.00	7972.00
1255.00	7979.00
1256.00	8000.00
1257.00	7963.00
1258.00	7911.00
1259.00	8071.00
1260.00	8012.00
1261.00	7889.00
1262.00	7893.00
1263.00	8011.00
1264.00	8102.00
1265.00	7900.00
1266.00	7999.00
1267.00	7922.00
1268.00	8047.00
1269.00	8019.00
1270.00	8031.00
1271.00	8023.00
1272.00	8148.00
1273.00	8120.00
1274.00	8202.00
1275.00	8304.00
1276.00	8410.00
1277.00	8491.00
1278.00	8683.00
1279.00	8732.00
1280.00	8763.00
1281.00	9100.00
1282.00	9156.00
1283.00	9198.00
1284.00	9441.00
1285.00	9375.00
1286.00	9653.00
1287.00	9836.00
1288.00	9781.00
1289.00	9724.00
1290.00	9863.00
1291.00	9868.00
1292.00	9699.00
1293.00	9892.00
1294.00	9665.00
1295.00	9592.00
1296.00	9398.00
1297.00	9618.00
1298.00	9322.00
1299.00	9337.00
1300.00	9040.00
1301.00	8818.00
1302.00	8747.00
1303.00	8579.00
1304.00	8440.00
1305.00	8361.00
1306.00	8375.00
1307.00	8049.00
1308.00	7934.00
1309.00	8058.00
1310.00	8069.00
1311.00	7817.00
1312.00	7879.00
1313.00	7898.00
1314.00	7738.00
1315.00	7829.00
1316.00	7794.00
1317.00	7591.00
1318.00	7761.00
1319.00	7695.00
1320.00	7799.00
1321.00	7526.00
1322.00	7724.00
1323.00	7639.00
1324.00	7556.00
1325.00	7717.00
1326.00	7668.00
1327.00	7726.00
1328.00	7618.00
1329.00	7724.00
1330.00	7692.00
1331.00	7718.00
1332.00	7598.00
1333.00	7642.00
1334.00	7667.00
1335.00	7502.00
1336.00	7540.00
1337.00	7621.00
1338.00	7601.00
1339.00	7560.00
1340.00	7582.00
1341.00	7532.00
1342.00	7788.00
1343.00	7575.00
1344.00	7723.00
1345.00	7666.00
1346.00	7560.00
1347.00	7710.00
1348.00	8000.00
1349.00	7614.00
1350.00	7770.00
1351.00	7993.00
1352.00	8066.00
1353.00	8182.00
1354.00	8144.00
1355.00	8057.00
1356.00	8296.00
1357.00	8312.00
1358.00	8396.00
1359.00	8418.00
1360.00	8507.00
1361.00	8455.00
1362.00	8526.00
1363.00	8707.00
1364.00	8456.00
1365.00	8528.00
1366.00	8707.00
1367.00	8522.00
1368.00	8533.00
1369.00	8614.00
1370.00	8338.00
1371.00	8191.00
1372.00	8137.00
1373.00	7937.00
1374.00	7829.00
1375.00	7696.00
1376.00	7590.00
1377.00	7547.00
1378.00	7317.00
1379.00	7299.00
1380.00	7199.00
1381.00	7150.00
1382.00	7106.00
1383.00	7228.00
1384.00	6952.00
1385.00	6993.00
1386.00	7098.00
1387.00	6996.00
1388.00	7086.00
1389.00	7039.00
1390.00	7077.00
1391.00	7006.00
1392.00	6896.00
1393.00	6911.00
1394.00	6785.00
1395.00	6988.00
1396.00	6858.00
1397.00	6824.00
1398.00	6842.00
1399.00	6766.00
1400.00	6856.00
1401.00	6618.00
1402.00	6806.00
1403.00	6757.00
1404.00	6665.00
1405.00	6806.00
1406.00	6910.00
1407.00	6702.00
1408.00	6719.00
1409.00	6677.00
1410.00	6674.00
1411.00	6679.00
1412.00	6828.00
1413.00	6666.00
1414.00	6646.00
1415.00	6692.00
1416.00	6697.00
1417.00	6561.00
1418.00	6767.00
1419.00	6671.00
1420.00	6821.00
1421.00	6622.00
1422.00	6634.00
1423.00	6821.00
1424.00	6952.00
1425.00	6761.00
1426.00	6853.00
1427.00	6931.00
1428.00	6902.00
1429.00	6788.00
1430.00	7068.00
1431.00	7039.00
1432.00	6984.00
1433.00	7153.00
1434.00	7279.00
1435.00	7223.00
1436.00	7222.00
1437.00	7133.00
1438.00	7331.00
1439.00	7141.00
1440.00	7363.00
1441.00	7195.00
1442.00	7261.00
1443.00	7132.00
1444.00	7193.00
1445.00	7303.00
1446.00	7086.00
1447.00	6957.00
1448.00	7191.00
1449.00	7061.00
1450.00	6880.00
1451.00	6895.00
1452.00	7016.00
1453.00	6896.00
1454.00	6758.00
1455.00	6648.00
1456.00	6817.00
1457.00	6695.00
1458.00	6599.00
1459.00	6665.00
1460.00	6531.00
1461.00	6648.00
1462.00	6446.00
1463.00	6636.00
1464.00	6439.00
1465.00	6575.00
1466.00	6354.00
1467.00	6533.00
1468.00	6349.00
1469.00	6483.00
1470.00	6579.00
1471.00	6509.00
1472.00	6412.00
1473.00	6373.00
1474.00	6408.00
1475.00	6373.00
1476.00	6357.00
1477.00	6351.00
1478.00	6388.00
1479.00	6269.00
1480.00	6423.00
1481.00	6190.00
1482.00	6364.00
1483.00	6362.00
1484.00	6291.00
1485.00	6334.00
1486.00	6373.00
1487.00	6308.00
1488.00	6541.00
1489.00	6351.00
1490.00	6345.00
1491.00	6463.00
1492.00	6320.00
1493.00	6386.00
1494.00	6395.00
1495.00	6359.00
1496.00	6482.00
1497.00	6391.00
1498.00	6547.00
1499.00	6490.00
1500.00	6676.00
1501.00	6572.00
1502.00	6729.00
1503.00	6709.00
1504.00	6797.00
1505.00	6926.00
1506.00	6924.00
1507.00	6950.00
1508.00	7027.00
1509.00	7345.00
1510.00	7294.00
1511.00	7361.00
1512.00	7372.00
1513.00	7384.00
1514.00	7553.00
1515.00	7641.00
1516.00	7770.00
1517.00	7594.00
1518.00	7864.00
1519.00	7788.00
1520.00	7729.00
1521.00	7759.00
1522.00	7843.00
1523.00	7656.00
1524.00	7755.00
1525.00	7621.00
1526.00	7588.00
1527.00	7688.00
1528.00	7459.00
1529.00	7391.00
1530.00	7318.00
1531.00	7176.00
1532.00	7151.00
1533.00	7016.00
1534.00	7052.00
1535.00	7092.00
1536.00	6824.00
1537.00	7006.00
1538.00	7081.00
1539.00	6977.00
1540.00	6918.00
1541.00	6971.00
1542.00	6983.00
1543.00	6937.00
1544.00	7115.00
1545.00	7121.00
1546.00	7061.00
1547.00	7166.00
1548.00	7209.00
1549.00	7370.00
1550.00	7327.00
1551.00	7508.00
1552.00	7484.00
1553.00	7499.00
1554.00	7609.00
1555.00	7752.00
1556.00	7912.00
1557.00	7906.00
1558.00	8102.00
1559.00	8058.00
1560.00	8234.00
1561.00	8495.00
1562.00	8418.00
1563.00	8819.00
1564.00	8745.00
1565.00	8973.00
1566.00	8832.00
1567.00	9180.00
1568.00	9492.00
1569.00	9452.00
1570.00	9765.00
1571.00	9809.00
1572.00	9841.00
1573.00	9909.00
1574.00	10024.00
1575.00	10301.00
1576.00	10380.00
1577.00	10577.00
1578.00	10624.00
1579.00	10733.00
1580.00	10956.00
1581.00	11095.00
1582.00	11031.00
1583.00	11267.00
1584.00	11211.00
1585.00	11196.00
1586.00	11194.00
1587.00	11274.00
1588.00	11082.00
1589.00	11321.00
1590.00	11297.00
1591.00	11235.00
1592.00	11165.00
1593.00	11172.00
1594.00	11287.00
1595.00	11107.00
1596.00	10946.00
1597.00	11090.00
1598.00	10672.00
1599.00	10711.00
1600.00	10645.00
1601.00	10482.00
1602.00	10295.00
1603.00	10273.00
1604.00	10106.00
1605.00	10010.00
1606.00	9690.00
1607.00	9741.00
1608.00	9416.00
1609.00	9341.00
1610.00	9289.00
1611.00	9055.00
1612.00	9185.00
1613.00	8695.00
1614.00	8556.00
1615.00	8489.00
1616.00	8281.00
1617.00	8104.00
1618.00	8021.00
1619.00	7694.00
1620.00	7741.00
1621.00	7583.00
1622.00	7518.00
1623.00	7169.00
1624.00	6902.00
1625.00	7018.00
1626.00	6936.00
1627.00	6744.00
1628.00	6752.00
1629.00	6644.00
1630.00	6502.00
1631.00	6298.00
1632.00	6379.00
1633.00	6185.00
1634.00	6268.00
1635.00	6078.00
1636.00	5970.00
1637.00	6089.00
1638.00	5789.00
1639.00	5854.00
1640.00	5811.00
1641.00	5773.00
1642.00	5628.00
1643.00	5583.00
1644.00	5475.00
1645.00	5416.00
1646.00	5469.00
1647.00	5318.00
1648.00	5405.00
1649.00	5345.00
1650.00	5397.00
1651.00	5267.00
1652.00	5245.00
1653.00	5270.00
1654.00	5186.00
1655.00	5360.00
1656.00	5320.00
1657.00	5308.00
1658.00	5312.00
1659.00	5523.00
1660.00	5507.00
1661.00	5697.00
1662.00	5622.00
1663.00	5958.00
1664.00	6064.00
1665.00	6251.00
1666.00	6239.00
1667.00	6508.00
1668.00	6813.00
1669.00	7088.00
1670.00	7261.00
1671.00	7553.00
1672.00	7844.00
1673.00	7967.00
1674.00	8116.00
1675.00	8520.00
1676.00	8825.00
1677.00	8908.00
1678.00	8960.00
1679.00	9321.00
1680.00	9343.00
1681.00	9343.00
1682.00	9458.00
1683.00	9410.00
1684.00	9412.00
1685.00	9324.00
1686.00	9062.00
1687.00	8891.00
1688.00	8863.00
1689.00	8451.00
1690.00	8062.00
1691.00	7890.00
1692.00	7624.00
1693.00	7330.00
1694.00	6929.00
1695.00	6594.00
1696.00	6397.00
1697.00	6031.00
1698.00	5779.00
1699.00	5631.00
1700.00	5474.00
1701.00	5283.00
1702.00	5011.00
1703.00	4903.00
1704.00	4771.00
1705.00	4600.00
1706.00	4658.00
1707.00	4499.00
1708.00	4381.00
1709.00	4378.00
1710.00	4320.00
1711.00	4311.00
1712.00	4231.00
1713.00	4338.00
1714.00	4128.00
1715.00	4161.00
1716.00	4143.00
1717.00	4222.00
1718.00	4115.00
1719.00	4000.00
1720.00	4157.00
1721.00	4055.00
1722.00	4094.00
1723.00	4085.00
1724.00	4152.00
1725.00	4026.00
1726.00	4122.00
1727.00	4110.00
1728.00	4059.00
1729.00	4021.00
1730.00	4122.00
1731.00	4043.00
1732.00	3989.00
1733.00	3999.00
1734.00	4071.00
1735.00	3989.00
1736.00	4079.00
1737.00	3989.00
1738.00	4142.00
1739.00	4033.00
1740.00	4077.00
1741.00	3996.00
1742.00	4022.00
1743.00	4063.00
1744.00	4054.00
1745.00	4006.00
1746.00	4036.00
1747.00	4044.00
1748.00	4116.00
1749.00	4077.00
1750.00	4090.00
1751.00	4232.00
1752.00	4256.00
1753.00	4079.00
1754.00	4138.00
1755.00	4132.00
1756.00	4138.00
1757.00	4236.00
1758.00	4253.00
1759.00	4255.00
1760.00	4155.00
1761.00	4276.00
1762.00	4236.00
1763.00	4237.00
1764.00	4179.00
1765.00	4304.00
1766.00	4203.00
1767.00	4172.00
1768.00	4256.00
1769.00	4239.00
1770.00	4253.00
1771.00	4298.00
1772.00	4253.00
1773.00	4153.00
1774.00	4217.00
1775.00	4158.00
1776.00	4098.00
1777.00	4176.00
1778.00	4266.00
1779.00	4201.00
1780.00	4087.00
1781.00	4055.00
1782.00	4081.00
1783.00	4010.00
1784.00	4026.00
1785.00	3977.00
1786.00	3992.00
1787.00	3931.00
1788.00	3899.00
1789.00	3854.00
1790.00	3755.00
1791.00	3763.00
1792.00	3672.00
1793.00	3747.00
1794.00	3740.00
1795.00	3624.00
1796.00	3440.00
1797.00	3553.00
1798.00	3558.00
1799.00	3479.00
1800.00	3382.00
1801.00	3445.00
1802.00	3438.00
1803.00	3381.00
1804.00	3297.00
1805.00	3405.00
1806.00	3259.00
1807.00	3277.00
1808.00	3232.00
1809.00	3168.00
1810.00	3009.00
1811.00	3003.00
1812.00	3110.00
1813.00	3057.00
1814.00	2983.00
1815.00	2919.00
1816.00	2901.00
1817.00	2876.00
1818.00	2871.00
1819.00	2887.00
1820.00	2838.00
1821.00	2834.00
1822.00	2819.00
1823.00	2731.00
1824.00	2689.00
1825.00	2788.00
1826.00	2656.00
1827.00	2636.00
1828.00	2500.00
1829.00	2570.00
1830.00	2464.00
1831.00	2567.00
1832.00	2531.00
1833.00	2427.00
1834.00	2463.00
1835.00	2516.00
1836.00	2458.00
1837.00	2426.00
1838.00	2429.00
1839.00	2349.00
1840.00	2364.00
1841.00	2421.00
1842.00	2267.00
1843.00	2356.00
1844.00	2326.00
1845.00	2356.00
1846.00	2204.00
1847.00	2345.00
1848.00	2182.00
1849.00	2217.00
1850.00	2201.00
1851.00	2278.00
1852.00	2173.00
1853.00	2147.00
1854.00	2067.00
1855.00	2194.00
1856.00	2164.00
1857.00	2176.00
1858.00	2229.00
1859.00	2088.00
1860.00	2097.00
1861.00	2050.00
1862.00	2111.00
1863.00	2104.00
1864.00	2066.00
1865.00	2025.00
1866.00	2044.00
1867.00	2097.00
1868.00	2100.00
1869.00	2081.00
1870.00	2119.00
1871.00	2109.00
1872.00	2039.00
1873.00	2106.00
1874.00	2158.00
1875.00	2120.00
1876.00	2245.00
1877.00	2185.00
1878.00	2234.00
1879.00	2293.00
1880.00	2265.00
1881.00	2297.00
1882.00	2416.00
1883.00	2407.00
1884.00	2330.00
1885.00	2446.00
1886.00	2428.00
1887.00	2467.00
1888.00	2602.00
1889.00	2508.00
1890.00	2493.00
1891.00	2509.00
1892.00	2430.00
1893.00	2332.00
1894.00	2379.00
1895.00	2352.00
1896.00	2266.00
1897.00	2265.00
1898.00	2137.00
1899.00	2202.00
1900.00	2200.00
1901.00	2143.00
1902.00	1979.00
1903.00	1927.00
1904.00	2005.00
1905.00	1913.00
1906.00	1843.00
1907.00	1833.00
1908.00	1722.00
1909.00	1746.00
1910.00	1736.00
1911.00	1767.00
1912.00	1694.00
1913.00	1794.00
1914.00	1772.00
1915.00	1745.00
1916.00	1754.00
1917.00	1686.00
1918.00	1738.00
1919.00	1684.00
1920.00	1668.00
1921.00	1661.00
1922.00	1609.00
1923.00	1638.00
1924.00	1624.00
1925.00	1565.00
1926.00	1634.00
1927.00	1603.00
1928.00	1572.00
1929.00	1633.00
1930.00	1609.00
1931.00	1513.00
1932.00	1549.00
1933.00	1589.00
1934.00	1529.00
1935.00	1481.00
1936.00	1467.00
1937.00	1472.00
1938.00	1436.00
1939.00	1466.00
1940.00	1430.00
1941.00	1396.00
1942.00	1397.00
1943.00	1368.00
1944.00	1406.00
1945.00	1444.00
1946.00	1334.00
1947.00	1330.00
1948.00	1363.00
1949.00	1284.00
1950.00	1329.00
1951.00	1322.00
1952.00	1359.00
1953.00	1295.00
1954.00	1299.00
1955.00	1226.00
1956.00	1261.00
1957.00	1274.00
1958.00	1287.00
1959.00	1270.00
1960.00	1331.00
1961.00	1278.00
1962.00	1236.00
1963.00	1298.00
1964.00	1247.00
1965.00	1226.00
1966.00	1302.00
1967.00	1220.00
1968.00	1199.00
1969.00	1178.00
1970.00	1202.00
1971.00	1219.00
1972.00	1224.00
1973.00	1197.00
1974.00	1153.00
1975.00	1165.00
1976.00	1129.00
1977.00	1183.00
1978.00	1135.00
1979.00	1105.00
1980.00	1138.00
1981.00	1136.00
1982.00	1114.00
1983.00	1141.00
1984.00	1168.00
1985.00	1035.00
1986.00	1110.00
1987.00	1130.00
1988.00	1084.00
1989.00	1080.00
1990.00	1109.00
1991.00	1081.00
1992.00	1137.00
1993.00	1047.00
1994.00	1076.00
1995.00	1057.00
1996.00	1035.00
1997.00	1011.00
1998.00	1070.00
1999.00	1091.00
2000.00	1010.00
2001.00	1070.00
2002.00	995.00
2003.00	1012.00
2004.00	1021.00
2005.00	957.00
2006.00	980.00
2007.00	989.00
2008.00	953.00
2009.00	985.00
2010.00	980.00
2011.00	939.00
2012.00	1003.00
2013.00	946.00
2014.00	920.00
2015.00	945.00
2016.00	888.00
2017.00	929.00
2018.00	889.00
2019.00	923.00
2020.00	843.00
2021.00	928.00
2022.00	906.00
2023.00	869.00
2024.00	923.00
2025.00	855.00
2026.00	899.00
2027.00	856.00
2028.00	876.00
2029.00	881.00
2030.00	829.00
2031.00	868.00
2032.00	892.00
2033.00	847.00
2034.00	870.00
2035.00	771.00
2036.00	782.00
2037.00	853.00
2038.00	829.00
2039.00	832.00
2040.00	748.00
2041.00	757.00
2042.00	792.00
2043.00	773.00
2044.00	843.00
2045.00	784.00
2046.00	790.00
2047.00	764.00
2048.00	 0.00
