Date:	2023-09-18		
Time:	20:00		
Sample name:	Pellets		
Position:	399.000011	mm	
Sample surface:	5.998161	cm	
Tube anode:	Mo		
Tube voltage:	30	kV	
Tube current:	50	mA	
Comments	not in position		
Gain	5.810000		
peaking_time	0.300000	m-sec	
trigger_threshold	30.000000	V	
mca_bin_width	2.000000	no:	
number_mca_channels	2048.000000	no:	
gap_time	0.100000	m-sec	
trigger_peaking_time	0.050000	m-sec	
livetime	17.455590	seconds	
runtime	20.000151	seconds	
input_count_rate	102525.323052	cps	
output_count_rate	89481.322179	cps	
triggers	1986376.000000	seconds	
events_in_run	1781135.000000	seconds	
channel	content		
 1.00	 0.00
 2.00	 0.00
 3.00	 0.00
 4.00	 0.00
 5.00	 0.00
 6.00	 0.00
 7.00	 0.00
 8.00	 0.00
 9.00	 0.00
10.00	 0.00
11.00	 0.00
12.00	 0.00
13.00	 0.00
14.00	 0.00
15.00	 0.00
16.00	 0.00
17.00	 0.00
18.00	 0.00
19.00	 0.00
20.00	 0.00
21.00	 0.00
22.00	 0.00
23.00	 0.00
24.00	 0.00
25.00	 0.00
26.00	 0.00
27.00	 0.00
28.00	 0.00
29.00	 0.00
30.00	 0.00
31.00	 0.00
32.00	 0.00
33.00	 0.00
34.00	 0.00
35.00	 1.00
36.00	 1.00
37.00	 3.00
38.00	 5.00
39.00	 0.00
40.00	 2.00
41.00	 2.00
42.00	 7.00
43.00	 9.00
44.00	 7.00
45.00	13.00
46.00	14.00
47.00	11.00
48.00	24.00
49.00	24.00
50.00	23.00
51.00	24.00
52.00	22.00
53.00	26.00
54.00	30.00
55.00	25.00
56.00	30.00
57.00	26.00
58.00	31.00
59.00	40.00
60.00	26.00
61.00	25.00
62.00	34.00
63.00	33.00
64.00	30.00
65.00	50.00
66.00	44.00
67.00	36.00
68.00	46.00
69.00	38.00
70.00	36.00
71.00	36.00
72.00	44.00
73.00	37.00
74.00	38.00
75.00	38.00
76.00	24.00
77.00	40.00
78.00	26.00
79.00	42.00
80.00	32.00
81.00	19.00
82.00	29.00
83.00	42.00
84.00	39.00
85.00	41.00
86.00	39.00
87.00	36.00
88.00	29.00
89.00	36.00
90.00	31.00
91.00	38.00
92.00	28.00
93.00	26.00
94.00	32.00
95.00	28.00
96.00	27.00
97.00	29.00
98.00	31.00
99.00	40.00
100.00	32.00
101.00	20.00
102.00	26.00
103.00	30.00
104.00	31.00
105.00	30.00
106.00	28.00
107.00	22.00
108.00	34.00
109.00	28.00
110.00	31.00
111.00	34.00
112.00	24.00
113.00	24.00
114.00	29.00
115.00	28.00
116.00	29.00
117.00	23.00
118.00	28.00
119.00	31.00
120.00	23.00
121.00	20.00
122.00	17.00
123.00	31.00
124.00	21.00
125.00	16.00
126.00	33.00
127.00	17.00
128.00	27.00
129.00	21.00
130.00	24.00
131.00	24.00
132.00	24.00
133.00	12.00
134.00	26.00
135.00	19.00
136.00	30.00
137.00	21.00
138.00	39.00
139.00	46.00
140.00	47.00
141.00	67.00
142.00	82.00
143.00	96.00
144.00	111.00
145.00	107.00
146.00	84.00
147.00	74.00
148.00	80.00
149.00	66.00
150.00	51.00
151.00	46.00
152.00	50.00
153.00	37.00
154.00	39.00
155.00	32.00
156.00	35.00
157.00	36.00
158.00	42.00
159.00	61.00
160.00	83.00
161.00	107.00
162.00	217.00
163.00	327.00
164.00	500.00
165.00	677.00
166.00	899.00
167.00	1108.00
168.00	1203.00
169.00	1270.00
170.00	1201.00
171.00	1179.00
172.00	866.00
173.00	704.00
174.00	533.00
175.00	381.00
176.00	245.00
177.00	207.00
178.00	147.00
179.00	103.00
180.00	69.00
181.00	69.00
182.00	65.00
183.00	45.00
184.00	41.00
185.00	37.00
186.00	40.00
187.00	54.00
188.00	30.00
189.00	50.00
190.00	31.00
191.00	40.00
192.00	39.00
193.00	20.00
194.00	38.00
195.00	32.00
196.00	33.00
197.00	37.00
198.00	22.00
199.00	11.00
200.00	19.00
201.00	19.00
202.00	31.00
203.00	26.00
204.00	17.00
205.00	24.00
206.00	18.00
207.00	17.00
208.00	10.00
209.00	11.00
210.00	15.00
211.00	16.00
212.00	13.00
213.00	15.00
214.00	12.00
215.00	20.00
216.00	22.00
217.00	16.00
218.00	18.00
219.00	20.00
220.00	17.00
221.00	22.00
222.00	15.00
223.00	29.00
224.00	24.00
225.00	20.00
226.00	18.00
227.00	21.00
228.00	23.00
229.00	30.00
230.00	19.00
231.00	15.00
232.00	22.00
233.00	26.00
234.00	15.00
235.00	16.00
236.00	19.00
237.00	12.00
238.00	16.00
239.00	22.00
240.00	21.00
241.00	16.00
242.00	19.00
243.00	22.00
244.00	14.00
245.00	24.00
246.00	22.00
247.00	19.00
248.00	 6.00
249.00	16.00
250.00	19.00
251.00	19.00
252.00	 9.00
253.00	15.00
254.00	19.00
255.00	17.00
256.00	18.00
257.00	26.00
258.00	19.00
259.00	18.00
260.00	24.00
261.00	19.00
262.00	15.00
263.00	30.00
264.00	21.00
265.00	16.00
266.00	28.00
267.00	29.00
268.00	41.00
269.00	40.00
270.00	20.00
271.00	21.00
272.00	26.00
273.00	17.00
274.00	33.00
275.00	27.00
276.00	25.00
277.00	43.00
278.00	44.00
279.00	89.00
280.00	101.00
281.00	121.00
282.00	171.00
283.00	203.00
284.00	288.00
285.00	300.00
286.00	321.00
287.00	292.00
288.00	331.00
289.00	254.00
290.00	239.00
291.00	179.00
292.00	155.00
293.00	115.00
294.00	86.00
295.00	66.00
296.00	47.00
297.00	31.00
298.00	24.00
299.00	21.00
300.00	22.00
301.00	19.00
302.00	27.00
303.00	30.00
304.00	34.00
305.00	38.00
306.00	56.00
307.00	74.00
308.00	65.00
309.00	93.00
310.00	113.00
311.00	196.00
312.00	289.00
313.00	378.00
314.00	489.00
315.00	714.00
316.00	906.00
317.00	1154.00
318.00	1422.00
319.00	1574.00
320.00	1730.00
321.00	1803.00
322.00	1734.00
323.00	1636.00
324.00	1493.00
325.00	1203.00
326.00	977.00
327.00	776.00
328.00	542.00
329.00	386.00
330.00	283.00
331.00	210.00
332.00	93.00
333.00	77.00
334.00	71.00
335.00	47.00
336.00	33.00
337.00	39.00
338.00	36.00
339.00	87.00
340.00	78.00
341.00	108.00
342.00	164.00
343.00	168.00
344.00	229.00
345.00	293.00
346.00	315.00
347.00	439.00
348.00	484.00
349.00	575.00
350.00	724.00
351.00	865.00
352.00	1090.00
353.00	1248.00
354.00	1454.00
355.00	1654.00
356.00	1781.00
357.00	1858.00
358.00	1824.00
359.00	1684.00
360.00	1579.00
361.00	1367.00
362.00	1141.00
363.00	922.00
364.00	655.00
365.00	461.00
366.00	347.00
367.00	240.00
368.00	152.00
369.00	103.00
370.00	53.00
371.00	43.00
372.00	43.00
373.00	36.00
374.00	42.00
375.00	29.00
376.00	45.00
377.00	39.00
378.00	50.00
379.00	63.00
380.00	76.00
381.00	101.00
382.00	135.00
383.00	164.00
384.00	189.00
385.00	217.00
386.00	236.00
387.00	281.00
388.00	283.00
389.00	294.00
390.00	277.00
391.00	226.00
392.00	230.00
393.00	167.00
394.00	182.00
395.00	150.00
396.00	115.00
397.00	100.00
398.00	81.00
399.00	62.00
400.00	47.00
401.00	47.00
402.00	35.00
403.00	34.00
404.00	41.00
405.00	31.00
406.00	33.00
407.00	30.00
408.00	19.00
409.00	23.00
410.00	30.00
411.00	29.00
412.00	35.00
413.00	30.00
414.00	32.00
415.00	28.00
416.00	33.00
417.00	35.00
418.00	39.00
419.00	40.00
420.00	50.00
421.00	65.00
422.00	74.00
423.00	93.00
424.00	130.00
425.00	161.00
426.00	226.00
427.00	359.00
428.00	488.00
429.00	585.00
430.00	758.00
431.00	935.00
432.00	1086.00
433.00	1221.00
434.00	1347.00
435.00	1511.00
436.00	1510.00
437.00	1503.00
438.00	1394.00
439.00	1312.00
440.00	1147.00
441.00	1058.00
442.00	787.00
443.00	723.00
444.00	537.00
445.00	448.00
446.00	364.00
447.00	327.00
448.00	291.00
449.00	266.00
450.00	259.00
451.00	228.00
452.00	208.00
453.00	227.00
454.00	186.00
455.00	165.00
456.00	160.00
457.00	145.00
458.00	139.00
459.00	119.00
460.00	147.00
461.00	134.00
462.00	161.00
463.00	175.00
464.00	188.00
465.00	177.00
466.00	182.00
467.00	211.00
468.00	233.00
469.00	259.00
470.00	266.00
471.00	291.00
472.00	302.00
473.00	377.00
474.00	350.00
475.00	379.00
476.00	366.00
477.00	411.00
478.00	389.00
479.00	369.00
480.00	365.00
481.00	316.00
482.00	270.00
483.00	230.00
484.00	201.00
485.00	177.00
486.00	159.00
487.00	128.00
488.00	116.00
489.00	106.00
490.00	90.00
491.00	82.00
492.00	85.00
493.00	84.00
494.00	83.00
495.00	98.00
496.00	106.00
497.00	118.00
498.00	117.00
499.00	102.00
500.00	136.00
501.00	119.00
502.00	119.00
503.00	124.00
504.00	145.00
505.00	124.00
506.00	131.00
507.00	142.00
508.00	128.00
509.00	143.00
510.00	136.00
511.00	168.00
512.00	143.00
513.00	156.00
514.00	189.00
515.00	159.00
516.00	186.00
517.00	242.00
518.00	198.00
519.00	259.00
520.00	233.00
521.00	263.00
522.00	272.00
523.00	270.00
524.00	271.00
525.00	275.00
526.00	276.00
527.00	269.00
528.00	244.00
529.00	216.00
530.00	222.00
531.00	187.00
532.00	206.00
533.00	181.00
534.00	162.00
535.00	183.00
536.00	191.00
537.00	188.00
538.00	167.00
539.00	196.00
540.00	191.00
541.00	179.00
542.00	196.00
543.00	181.00
544.00	160.00
545.00	164.00
546.00	161.00
547.00	174.00
548.00	171.00
549.00	150.00
550.00	155.00
551.00	176.00
552.00	188.00
553.00	184.00
554.00	205.00
555.00	228.00
556.00	295.00
557.00	367.00
558.00	424.00
559.00	559.00
560.00	788.00
561.00	947.00
562.00	1174.00
563.00	1466.00
564.00	1720.00
565.00	1995.00
566.00	2348.00
567.00	2640.00
568.00	2744.00
569.00	2972.00
570.00	2986.00
571.00	2867.00
572.00	2766.00
573.00	2558.00
574.00	2219.00
575.00	1873.00
576.00	1634.00
577.00	1372.00
578.00	1055.00
579.00	839.00
580.00	646.00
581.00	538.00
582.00	440.00
583.00	352.00
584.00	304.00
585.00	294.00
586.00	255.00
587.00	256.00
588.00	245.00
589.00	235.00
590.00	286.00
591.00	264.00
592.00	300.00
593.00	301.00
594.00	298.00
595.00	343.00
596.00	341.00
597.00	413.00
598.00	469.00
599.00	597.00
600.00	699.00
601.00	947.00
602.00	1249.00
603.00	1734.00
604.00	2459.00
605.00	3622.00
606.00	4952.00
607.00	7132.00
608.00	9443.00
609.00	12479.00
610.00	16314.00
611.00	20651.00
612.00	25473.00
613.00	30304.00
614.00	35109.00
615.00	39463.00
616.00	43059.00
617.00	46029.00
618.00	46750.00
619.00	46846.00
620.00	45501.00
621.00	42419.00
622.00	39258.00
623.00	34382.00
624.00	29838.00
625.00	24772.00
626.00	20159.00
627.00	15768.00
628.00	12192.00
629.00	9244.00
630.00	6610.00
631.00	4903.00
632.00	3456.00
633.00	2335.00
634.00	1655.00
635.00	1176.00
636.00	906.00
637.00	644.00
638.00	512.00
639.00	454.00
640.00	417.00
641.00	342.00
642.00	331.00
643.00	335.00
644.00	346.00
645.00	318.00
646.00	366.00
647.00	326.00
648.00	332.00
649.00	392.00
650.00	372.00
651.00	345.00
652.00	354.00
653.00	388.00
654.00	372.00
655.00	393.00
656.00	412.00
657.00	428.00
658.00	405.00
659.00	449.00
660.00	487.00
661.00	528.00
662.00	533.00
663.00	615.00
664.00	629.00
665.00	691.00
666.00	819.00
667.00	936.00
668.00	1156.00
669.00	1374.00
670.00	1782.00
671.00	2184.00
672.00	2591.00
673.00	3157.00
674.00	3852.00
675.00	4559.00
676.00	5220.00
677.00	5855.00
678.00	6301.00
679.00	6872.00
680.00	7403.00
681.00	7538.00
682.00	7626.00
683.00	7307.00
684.00	7195.00
685.00	6414.00
686.00	5861.00
687.00	5048.00
688.00	4390.00
689.00	3728.00
690.00	3023.00
691.00	2400.00
692.00	1885.00
693.00	1486.00
694.00	1181.00
695.00	890.00
696.00	718.00
697.00	606.00
698.00	505.00
699.00	423.00
700.00	373.00
701.00	337.00
702.00	379.00
703.00	320.00
704.00	331.00
705.00	318.00
706.00	306.00
707.00	356.00
708.00	350.00
709.00	378.00
710.00	361.00
711.00	343.00
712.00	393.00
713.00	419.00
714.00	420.00
715.00	434.00
716.00	469.00
717.00	460.00
718.00	489.00
719.00	510.00
720.00	494.00
721.00	516.00
722.00	535.00
723.00	534.00
724.00	531.00
725.00	501.00
726.00	465.00
727.00	442.00
728.00	439.00
729.00	453.00
730.00	381.00
731.00	360.00
732.00	355.00
733.00	325.00
734.00	324.00
735.00	293.00
736.00	335.00
737.00	309.00
738.00	296.00
739.00	277.00
740.00	283.00
741.00	314.00
742.00	307.00
743.00	266.00
744.00	274.00
745.00	286.00
746.00	292.00
747.00	284.00
748.00	315.00
749.00	282.00
750.00	288.00
751.00	304.00
752.00	299.00
753.00	315.00
754.00	308.00
755.00	320.00
756.00	308.00
757.00	337.00
758.00	317.00
759.00	303.00
760.00	330.00
761.00	353.00
762.00	358.00
763.00	367.00
764.00	357.00
765.00	433.00
766.00	389.00
767.00	421.00
768.00	416.00
769.00	455.00
770.00	459.00
771.00	511.00
772.00	554.00
773.00	526.00
774.00	538.00
775.00	545.00
776.00	551.00
777.00	552.00
778.00	578.00
779.00	565.00
780.00	549.00
781.00	564.00
782.00	512.00
783.00	545.00
784.00	555.00
785.00	555.00
786.00	515.00
787.00	537.00
788.00	500.00
789.00	489.00
790.00	510.00
791.00	559.00
792.00	525.00
793.00	538.00
794.00	570.00
795.00	564.00
796.00	529.00
797.00	508.00
798.00	523.00
799.00	533.00
800.00	526.00
801.00	533.00
802.00	504.00
803.00	560.00
804.00	545.00
805.00	526.00
806.00	483.00
807.00	563.00
808.00	543.00
809.00	507.00
810.00	527.00
811.00	522.00
812.00	516.00
813.00	540.00
814.00	540.00
815.00	528.00
816.00	520.00
817.00	529.00
818.00	501.00
819.00	535.00
820.00	566.00
821.00	598.00
822.00	605.00
823.00	646.00
824.00	661.00
825.00	696.00
826.00	706.00
827.00	749.00
828.00	802.00
829.00	880.00
830.00	892.00
831.00	923.00
832.00	1021.00
833.00	968.00
834.00	959.00
835.00	925.00
836.00	946.00
837.00	966.00
838.00	887.00
839.00	849.00
840.00	762.00
841.00	764.00
842.00	684.00
843.00	675.00
844.00	610.00
845.00	585.00
846.00	569.00
847.00	553.00
848.00	555.00
849.00	575.00
850.00	580.00
851.00	520.00
852.00	518.00
853.00	582.00
854.00	542.00
855.00	498.00
856.00	554.00
857.00	558.00
858.00	519.00
859.00	568.00
860.00	543.00
861.00	571.00
862.00	563.00
863.00	508.00
864.00	575.00
865.00	567.00
866.00	564.00
867.00	576.00
868.00	543.00
869.00	555.00
870.00	598.00
871.00	632.00
872.00	510.00
873.00	590.00
874.00	643.00
875.00	573.00
876.00	597.00
877.00	616.00
878.00	611.00
879.00	591.00
880.00	594.00
881.00	622.00
882.00	615.00
883.00	662.00
884.00	633.00
885.00	670.00
886.00	629.00
887.00	593.00
888.00	656.00
889.00	594.00
890.00	611.00
891.00	654.00
892.00	641.00
893.00	710.00
894.00	611.00
895.00	646.00
896.00	680.00
897.00	672.00
898.00	638.00
899.00	668.00
900.00	640.00
901.00	636.00
902.00	651.00
903.00	656.00
904.00	689.00
905.00	683.00
906.00	646.00
907.00	658.00
908.00	666.00
909.00	639.00
910.00	713.00
911.00	679.00
912.00	702.00
913.00	676.00
914.00	706.00
915.00	701.00
916.00	732.00
917.00	733.00
918.00	700.00
919.00	745.00
920.00	773.00
921.00	765.00
922.00	772.00
923.00	815.00
924.00	789.00
925.00	769.00
926.00	758.00
927.00	792.00
928.00	738.00
929.00	755.00
930.00	774.00
931.00	729.00
932.00	728.00
933.00	700.00
934.00	735.00
935.00	721.00
936.00	728.00
937.00	704.00
938.00	731.00
939.00	690.00
940.00	663.00
941.00	703.00
942.00	651.00
943.00	697.00
944.00	656.00
945.00	710.00
946.00	640.00
947.00	672.00
948.00	625.00
949.00	678.00
950.00	681.00
951.00	692.00
952.00	734.00
953.00	633.00
954.00	658.00
955.00	672.00
956.00	667.00
957.00	710.00
958.00	621.00
959.00	674.00
960.00	663.00
961.00	703.00
962.00	691.00
963.00	686.00
964.00	685.00
965.00	666.00
966.00	646.00
967.00	681.00
968.00	617.00
969.00	669.00
970.00	692.00
971.00	656.00
972.00	703.00
973.00	658.00
974.00	695.00
975.00	627.00
976.00	696.00
977.00	667.00
978.00	642.00
979.00	724.00
980.00	670.00
981.00	722.00
982.00	730.00
983.00	710.00
984.00	682.00
985.00	668.00
986.00	717.00
987.00	682.00
988.00	675.00
989.00	669.00
990.00	694.00
991.00	702.00
992.00	694.00
993.00	634.00
994.00	693.00
995.00	672.00
996.00	699.00
997.00	697.00
998.00	674.00
999.00	686.00
1000.00	673.00
1001.00	669.00
1002.00	647.00
1003.00	711.00
1004.00	718.00
1005.00	734.00
1006.00	740.00
1007.00	727.00
1008.00	739.00
1009.00	677.00
1010.00	732.00
1011.00	751.00
1012.00	767.00
1013.00	769.00
1014.00	724.00
1015.00	779.00
1016.00	800.00
1017.00	745.00
1018.00	754.00
1019.00	739.00
1020.00	761.00
1021.00	806.00
1022.00	776.00
1023.00	711.00
1024.00	712.00
1025.00	737.00
1026.00	760.00
1027.00	755.00
1028.00	747.00
1029.00	744.00
1030.00	697.00
1031.00	689.00
1032.00	706.00
1033.00	681.00
1034.00	751.00
1035.00	704.00
1036.00	655.00
1037.00	729.00
1038.00	725.00
1039.00	687.00
1040.00	725.00
1041.00	701.00
1042.00	674.00
1043.00	747.00
1044.00	768.00
1045.00	743.00
1046.00	739.00
1047.00	731.00
1048.00	713.00
1049.00	733.00
1050.00	714.00
1051.00	752.00
1052.00	713.00
1053.00	700.00
1054.00	723.00
1055.00	691.00
1056.00	730.00
1057.00	753.00
1058.00	758.00
1059.00	739.00
1060.00	759.00
1061.00	748.00
1062.00	759.00
1063.00	738.00
1064.00	799.00
1065.00	749.00
1066.00	761.00
1067.00	803.00
1068.00	779.00
1069.00	746.00
1070.00	746.00
1071.00	751.00
1072.00	744.00
1073.00	764.00
1074.00	725.00
1075.00	738.00
1076.00	795.00
1077.00	785.00
1078.00	719.00
1079.00	773.00
1080.00	781.00
1081.00	705.00
1082.00	736.00
1083.00	780.00
1084.00	794.00
1085.00	759.00
1086.00	746.00
1087.00	734.00
1088.00	768.00
1089.00	798.00
1090.00	766.00
1091.00	777.00
1092.00	753.00
1093.00	702.00
1094.00	792.00
1095.00	825.00
1096.00	770.00
1097.00	772.00
1098.00	786.00
1099.00	756.00
1100.00	831.00
1101.00	787.00
1102.00	783.00
1103.00	790.00
1104.00	762.00
1105.00	751.00
1106.00	729.00
1107.00	751.00
1108.00	794.00
1109.00	795.00
1110.00	767.00
1111.00	763.00
1112.00	790.00
1113.00	731.00
1114.00	787.00
1115.00	818.00
1116.00	799.00
1117.00	746.00
1118.00	747.00
1119.00	746.00
1120.00	778.00
1121.00	750.00
1122.00	801.00
1123.00	747.00
1124.00	767.00
1125.00	758.00
1126.00	747.00
1127.00	743.00
1128.00	767.00
1129.00	758.00
1130.00	728.00
1131.00	801.00
1132.00	812.00
1133.00	801.00
1134.00	761.00
1135.00	755.00
1136.00	749.00
1137.00	790.00
1138.00	744.00
1139.00	736.00
1140.00	812.00
1141.00	836.00
1142.00	805.00
1143.00	745.00
1144.00	733.00
1145.00	803.00
1146.00	733.00
1147.00	774.00
1148.00	776.00
1149.00	752.00
1150.00	721.00
1151.00	773.00
1152.00	761.00
1153.00	748.00
1154.00	756.00
1155.00	782.00
1156.00	739.00
1157.00	733.00
1158.00	752.00
1159.00	790.00
1160.00	760.00
1161.00	741.00
1162.00	742.00
1163.00	725.00
1164.00	713.00
1165.00	717.00
1166.00	785.00
1167.00	750.00
1168.00	735.00
1169.00	766.00
1170.00	758.00
1171.00	803.00
1172.00	728.00
1173.00	797.00
1174.00	685.00
1175.00	702.00
1176.00	715.00
1177.00	801.00
1178.00	839.00
1179.00	741.00
1180.00	697.00
1181.00	707.00
1182.00	756.00
1183.00	792.00
1184.00	802.00
1185.00	771.00
1186.00	758.00
1187.00	776.00
1188.00	776.00
1189.00	813.00
1190.00	741.00
1191.00	743.00
1192.00	789.00
1193.00	785.00
1194.00	783.00
1195.00	811.00
1196.00	805.00
1197.00	718.00
1198.00	825.00
1199.00	742.00
1200.00	771.00
1201.00	781.00
1202.00	798.00
1203.00	795.00
1204.00	735.00
1205.00	759.00
1206.00	779.00
1207.00	806.00
1208.00	796.00
1209.00	774.00
1210.00	860.00
1211.00	793.00
1212.00	806.00
1213.00	845.00
1214.00	769.00
1215.00	810.00
1216.00	795.00
1217.00	807.00
1218.00	849.00
1219.00	803.00
1220.00	840.00
1221.00	807.00
1222.00	822.00
1223.00	804.00
1224.00	821.00
1225.00	854.00
1226.00	821.00
1227.00	818.00
1228.00	866.00
1229.00	902.00
1230.00	895.00
1231.00	852.00
1232.00	886.00
1233.00	817.00
1234.00	907.00
1235.00	843.00
1236.00	877.00
1237.00	849.00
1238.00	862.00
1239.00	860.00
1240.00	829.00
1241.00	897.00
1242.00	837.00
1243.00	840.00
1244.00	797.00
1245.00	817.00
1246.00	786.00
1247.00	812.00
1248.00	786.00
1249.00	827.00
1250.00	822.00
1251.00	783.00
1252.00	810.00
1253.00	807.00
1254.00	827.00
1255.00	818.00
1256.00	796.00
1257.00	844.00
1258.00	757.00
1259.00	804.00
1260.00	754.00
1261.00	817.00
1262.00	769.00
1263.00	789.00
1264.00	758.00
1265.00	789.00
1266.00	840.00
1267.00	784.00
1268.00	787.00
1269.00	784.00
1270.00	751.00
1271.00	823.00
1272.00	793.00
1273.00	809.00
1274.00	832.00
1275.00	838.00
1276.00	839.00
1277.00	852.00
1278.00	840.00
1279.00	810.00
1280.00	900.00
1281.00	833.00
1282.00	815.00
1283.00	932.00
1284.00	897.00
1285.00	912.00
1286.00	922.00
1287.00	954.00
1288.00	974.00
1289.00	984.00
1290.00	932.00
1291.00	902.00
1292.00	920.00
1293.00	995.00
1294.00	908.00
1295.00	892.00
1296.00	928.00
1297.00	928.00
1298.00	933.00
1299.00	874.00
1300.00	859.00
1301.00	857.00
1302.00	899.00
1303.00	871.00
1304.00	851.00
1305.00	868.00
1306.00	832.00
1307.00	776.00
1308.00	775.00
1309.00	825.00
1310.00	859.00
1311.00	784.00
1312.00	816.00
1313.00	792.00
1314.00	779.00
1315.00	798.00
1316.00	803.00
1317.00	758.00
1318.00	775.00
1319.00	728.00
1320.00	751.00
1321.00	742.00
1322.00	823.00
1323.00	741.00
1324.00	743.00
1325.00	789.00
1326.00	755.00
1327.00	799.00
1328.00	735.00
1329.00	801.00
1330.00	761.00
1331.00	774.00
1332.00	757.00
1333.00	762.00
1334.00	711.00
1335.00	767.00
1336.00	753.00
1337.00	703.00
1338.00	735.00
1339.00	768.00
1340.00	810.00
1341.00	775.00
1342.00	787.00
1343.00	689.00
1344.00	748.00
1345.00	760.00
1346.00	793.00
1347.00	744.00
1348.00	738.00
1349.00	776.00
1350.00	782.00
1351.00	839.00
1352.00	813.00
1353.00	844.00
1354.00	782.00
1355.00	852.00
1356.00	805.00
1357.00	835.00
1358.00	870.00
1359.00	813.00
1360.00	805.00
1361.00	879.00
1362.00	832.00
1363.00	871.00
1364.00	857.00
1365.00	887.00
1366.00	869.00
1367.00	847.00
1368.00	851.00
1369.00	778.00
1370.00	848.00
1371.00	766.00
1372.00	816.00
1373.00	792.00
1374.00	774.00
1375.00	747.00
1376.00	775.00
1377.00	728.00
1378.00	749.00
1379.00	711.00
1380.00	735.00
1381.00	686.00
1382.00	738.00
1383.00	711.00
1384.00	700.00
1385.00	724.00
1386.00	679.00
1387.00	667.00
1388.00	724.00
1389.00	703.00
1390.00	696.00
1391.00	665.00
1392.00	677.00
1393.00	671.00
1394.00	688.00
1395.00	638.00
1396.00	695.00
1397.00	682.00
1398.00	681.00
1399.00	693.00
1400.00	697.00
1401.00	669.00
1402.00	702.00
1403.00	666.00
1404.00	718.00
1405.00	693.00
1406.00	654.00
1407.00	733.00
1408.00	658.00
1409.00	664.00
1410.00	658.00
1411.00	643.00
1412.00	666.00
1413.00	683.00
1414.00	707.00
1415.00	662.00
1416.00	661.00
1417.00	643.00
1418.00	662.00
1419.00	695.00
1420.00	678.00
1421.00	697.00
1422.00	683.00
1423.00	645.00
1424.00	614.00
1425.00	660.00
1426.00	669.00
1427.00	694.00
1428.00	668.00
1429.00	680.00
1430.00	688.00
1431.00	710.00
1432.00	656.00
1433.00	681.00
1434.00	689.00
1435.00	704.00
1436.00	723.00
1437.00	711.00
1438.00	717.00
1439.00	708.00
1440.00	739.00
1441.00	743.00
1442.00	703.00
1443.00	709.00
1444.00	722.00
1445.00	745.00
1446.00	675.00
1447.00	730.00
1448.00	743.00
1449.00	720.00
1450.00	739.00
1451.00	673.00
1452.00	699.00
1453.00	683.00
1454.00	712.00
1455.00	635.00
1456.00	681.00
1457.00	653.00
1458.00	643.00
1459.00	713.00
1460.00	649.00
1461.00	659.00
1462.00	671.00
1463.00	634.00
1464.00	615.00
1465.00	634.00
1466.00	658.00
1467.00	646.00
1468.00	678.00
1469.00	634.00
1470.00	620.00
1471.00	596.00
1472.00	674.00
1473.00	656.00
1474.00	653.00
1475.00	600.00
1476.00	618.00
1477.00	612.00
1478.00	657.00
1479.00	675.00
1480.00	614.00
1481.00	660.00
1482.00	659.00
1483.00	591.00
1484.00	649.00
1485.00	704.00
1486.00	621.00
1487.00	656.00
1488.00	652.00
1489.00	642.00
1490.00	646.00
1491.00	634.00
1492.00	695.00
1493.00	608.00
1494.00	612.00
1495.00	671.00
1496.00	626.00
1497.00	610.00
1498.00	603.00
1499.00	661.00
1500.00	636.00
1501.00	635.00
1502.00	648.00
1503.00	708.00
1504.00	662.00
1505.00	667.00
1506.00	662.00
1507.00	686.00
1508.00	663.00
1509.00	742.00
1510.00	724.00
1511.00	693.00
1512.00	689.00
1513.00	757.00
1514.00	750.00
1515.00	769.00
1516.00	759.00
1517.00	718.00
1518.00	747.00
1519.00	790.00
1520.00	754.00
1521.00	711.00
1522.00	750.00
1523.00	788.00
1524.00	733.00
1525.00	704.00
1526.00	725.00
1527.00	740.00
1528.00	738.00
1529.00	722.00
1530.00	698.00
1531.00	706.00
1532.00	747.00
1533.00	700.00
1534.00	708.00
1535.00	693.00
1536.00	673.00
1537.00	706.00
1538.00	682.00
1539.00	669.00
1540.00	694.00
1541.00	642.00
1542.00	696.00
1543.00	618.00
1544.00	716.00
1545.00	693.00
1546.00	696.00
1547.00	692.00
1548.00	741.00
1549.00	742.00
1550.00	750.00
1551.00	757.00
1552.00	767.00
1553.00	757.00
1554.00	789.00
1555.00	822.00
1556.00	747.00
1557.00	835.00
1558.00	783.00
1559.00	871.00
1560.00	924.00
1561.00	953.00
1562.00	849.00
1563.00	855.00
1564.00	877.00
1565.00	892.00
1566.00	925.00
1567.00	929.00
1568.00	947.00
1569.00	1017.00
1570.00	928.00
1571.00	1026.00
1572.00	962.00
1573.00	1081.00
1574.00	1013.00
1575.00	1069.00
1576.00	1069.00
1577.00	1015.00
1578.00	1078.00
1579.00	1113.00
1580.00	1108.00
1581.00	1081.00
1582.00	1119.00
1583.00	1062.00
1584.00	1151.00
1585.00	1191.00
1586.00	1109.00
1587.00	1172.00
1588.00	1095.00
1589.00	1098.00
1590.00	1070.00
1591.00	1104.00
1592.00	1157.00
1593.00	1117.00
1594.00	1029.00
1595.00	1081.00
1596.00	1074.00
1597.00	1109.00
1598.00	1119.00
1599.00	1080.00
1600.00	1065.00
1601.00	992.00
1602.00	1090.00
1603.00	981.00
1604.00	976.00
1605.00	1003.00
1606.00	947.00
1607.00	994.00
1608.00	932.00
1609.00	948.00
1610.00	922.00
1611.00	885.00
1612.00	857.00
1613.00	840.00
1614.00	833.00
1615.00	818.00
1616.00	809.00
1617.00	836.00
1618.00	764.00
1619.00	767.00
1620.00	765.00
1621.00	751.00
1622.00	667.00
1623.00	701.00
1624.00	684.00
1625.00	717.00
1626.00	716.00
1627.00	679.00
1628.00	695.00
1629.00	646.00
1630.00	662.00
1631.00	667.00
1632.00	643.00
1633.00	618.00
1634.00	591.00
1635.00	626.00
1636.00	608.00
1637.00	568.00
1638.00	574.00
1639.00	580.00
1640.00	582.00
1641.00	618.00
1642.00	576.00
1643.00	553.00
1644.00	522.00
1645.00	547.00
1646.00	550.00
1647.00	514.00
1648.00	574.00
1649.00	579.00
1650.00	562.00
1651.00	535.00
1652.00	520.00
1653.00	532.00
1654.00	553.00
1655.00	562.00
1656.00	555.00
1657.00	585.00
1658.00	547.00
1659.00	506.00
1660.00	579.00
1661.00	512.00
1662.00	602.00
1663.00	570.00
1664.00	635.00
1665.00	613.00
1666.00	636.00
1667.00	615.00
1668.00	663.00
1669.00	699.00
1670.00	759.00
1671.00	767.00
1672.00	776.00
1673.00	788.00
1674.00	823.00
1675.00	890.00
1676.00	876.00
1677.00	927.00
1678.00	925.00
1679.00	989.00
1680.00	1018.00
1681.00	921.00
1682.00	979.00
1683.00	985.00
1684.00	944.00
1685.00	903.00
1686.00	904.00
1687.00	890.00
1688.00	893.00
1689.00	888.00
1690.00	861.00
1691.00	843.00
1692.00	770.00
1693.00	723.00
1694.00	703.00
1695.00	700.00
1696.00	635.00
1697.00	630.00
1698.00	555.00
1699.00	611.00
1700.00	520.00
1701.00	536.00
1702.00	542.00
1703.00	520.00
1704.00	505.00
1705.00	445.00
1706.00	476.00
1707.00	448.00
1708.00	452.00
1709.00	457.00
1710.00	457.00
1711.00	432.00
1712.00	425.00
1713.00	392.00
1714.00	448.00
1715.00	429.00
1716.00	427.00
1717.00	401.00
1718.00	407.00
1719.00	432.00
1720.00	425.00
1721.00	397.00
1722.00	417.00
1723.00	360.00
1724.00	427.00
1725.00	442.00
1726.00	423.00
1727.00	422.00
1728.00	406.00
1729.00	428.00
1730.00	429.00
1731.00	414.00
1732.00	395.00
1733.00	435.00
1734.00	407.00
1735.00	399.00
1736.00	406.00
1737.00	426.00
1738.00	432.00
1739.00	409.00
1740.00	426.00
1741.00	418.00
1742.00	420.00
1743.00	426.00
1744.00	398.00
1745.00	411.00
1746.00	411.00
1747.00	406.00
1748.00	441.00
1749.00	416.00
1750.00	434.00
1751.00	386.00
1752.00	419.00
1753.00	424.00
1754.00	451.00
1755.00	412.00
1756.00	444.00
1757.00	407.00
1758.00	436.00
1759.00	372.00
1760.00	429.00
1761.00	419.00
1762.00	447.00
1763.00	422.00
1764.00	403.00
1765.00	431.00
1766.00	431.00
1767.00	441.00
1768.00	424.00
1769.00	449.00
1770.00	446.00
1771.00	425.00
1772.00	440.00
1773.00	425.00
1774.00	392.00
1775.00	396.00
1776.00	438.00
1777.00	393.00
1778.00	396.00
1779.00	411.00
1780.00	421.00
1781.00	397.00
1782.00	382.00
1783.00	398.00
1784.00	395.00
1785.00	389.00
1786.00	388.00
1787.00	421.00
1788.00	362.00
1789.00	372.00
1790.00	380.00
1791.00	330.00
1792.00	388.00
1793.00	392.00
1794.00	353.00
1795.00	375.00
1796.00	427.00
1797.00	333.00
1798.00	338.00
1799.00	350.00
1800.00	325.00
1801.00	333.00
1802.00	347.00
1803.00	322.00
1804.00	302.00
1805.00	347.00
1806.00	320.00
1807.00	313.00
1808.00	324.00
1809.00	317.00
1810.00	299.00
1811.00	301.00
1812.00	301.00
1813.00	321.00
1814.00	308.00
1815.00	281.00
1816.00	306.00
1817.00	288.00
1818.00	294.00
1819.00	275.00
1820.00	285.00
1821.00	274.00
1822.00	281.00
1823.00	278.00
1824.00	281.00
1825.00	248.00
1826.00	242.00
1827.00	242.00
1828.00	284.00
1829.00	261.00
1830.00	305.00
1831.00	227.00
1832.00	247.00
1833.00	271.00
1834.00	221.00
1835.00	234.00
1836.00	231.00
1837.00	242.00
1838.00	233.00
1839.00	250.00
1840.00	260.00
1841.00	205.00
1842.00	224.00
1843.00	225.00
1844.00	230.00
1845.00	235.00
1846.00	231.00
1847.00	226.00
1848.00	240.00
1849.00	239.00
1850.00	199.00
1851.00	228.00
1852.00	226.00
1853.00	219.00
1854.00	214.00
1855.00	224.00
1856.00	217.00
1857.00	195.00
1858.00	202.00
1859.00	213.00
1860.00	226.00
1861.00	203.00
1862.00	209.00
1863.00	229.00
1864.00	234.00
1865.00	202.00
1866.00	209.00
1867.00	198.00
1868.00	210.00
1869.00	176.00
1870.00	190.00
1871.00	226.00
1872.00	228.00
1873.00	208.00
1874.00	217.00
1875.00	207.00
1876.00	225.00
1877.00	237.00
1878.00	209.00
1879.00	230.00
1880.00	215.00
1881.00	234.00
1882.00	229.00
1883.00	254.00
1884.00	250.00
1885.00	264.00
1886.00	283.00
1887.00	249.00
1888.00	258.00
1889.00	251.00
1890.00	252.00
1891.00	262.00
1892.00	265.00
1893.00	251.00
1894.00	235.00
1895.00	232.00
1896.00	238.00
1897.00	240.00
1898.00	236.00
1899.00	237.00
1900.00	231.00
1901.00	193.00
1902.00	220.00
1903.00	186.00
1904.00	206.00
1905.00	184.00
1906.00	191.00
1907.00	189.00
1908.00	190.00
1909.00	172.00
1910.00	167.00
1911.00	182.00
1912.00	180.00
1913.00	186.00
1914.00	205.00
1915.00	160.00
1916.00	178.00
1917.00	164.00
1918.00	154.00
1919.00	154.00
1920.00	163.00
1921.00	167.00
1922.00	178.00
1923.00	189.00
1924.00	166.00
1925.00	169.00
1926.00	162.00
1927.00	152.00
1928.00	170.00
1929.00	156.00
1930.00	161.00
1931.00	156.00
1932.00	151.00
1933.00	161.00
1934.00	140.00
1935.00	142.00
1936.00	112.00
1937.00	159.00
1938.00	158.00
1939.00	140.00
1940.00	123.00
1941.00	142.00
1942.00	144.00
1943.00	120.00
1944.00	138.00
1945.00	112.00
1946.00	119.00
1947.00	140.00
1948.00	131.00
1949.00	127.00
1950.00	137.00
1951.00	133.00
1952.00	146.00
1953.00	132.00
1954.00	129.00
1955.00	121.00
1956.00	139.00
1957.00	113.00
1958.00	104.00
1959.00	128.00
1960.00	132.00
1961.00	137.00
1962.00	134.00
1963.00	118.00
1964.00	137.00
1965.00	128.00
1966.00	135.00
1967.00	117.00
1968.00	112.00
1969.00	121.00
1970.00	112.00
1971.00	118.00
1972.00	102.00
1973.00	128.00
1974.00	136.00
1975.00	101.00
1976.00	128.00
1977.00	113.00
1978.00	108.00
1979.00	117.00
1980.00	112.00
1981.00	114.00
1982.00	133.00
1983.00	101.00
1984.00	117.00
1985.00	99.00
1986.00	100.00
1987.00	112.00
1988.00	102.00
1989.00	127.00
1990.00	105.00
1991.00	124.00
1992.00	123.00
1993.00	82.00
1994.00	114.00
1995.00	97.00
1996.00	103.00
1997.00	94.00
1998.00	111.00
1999.00	108.00
2000.00	115.00
2001.00	92.00
2002.00	95.00
2003.00	99.00
2004.00	104.00
2005.00	115.00
2006.00	112.00
2007.00	100.00
2008.00	89.00
2009.00	116.00
2010.00	114.00
2011.00	107.00
2012.00	94.00
2013.00	104.00
2014.00	97.00
2015.00	109.00
2016.00	83.00
2017.00	101.00
2018.00	83.00
2019.00	90.00
2020.00	99.00
2021.00	106.00
2022.00	99.00
2023.00	91.00
2024.00	97.00
2025.00	103.00
2026.00	84.00
2027.00	103.00
2028.00	64.00
2029.00	84.00
2030.00	81.00
2031.00	91.00
2032.00	68.00
2033.00	94.00
2034.00	71.00
2035.00	77.00
2036.00	76.00
2037.00	65.00
2038.00	85.00
2039.00	85.00
2040.00	70.00
2041.00	80.00
2042.00	80.00
2043.00	83.00
2044.00	88.00
2045.00	71.00
2046.00	79.00
2047.00	78.00
2048.00	 0.00
