Date:	2023-09-18		
Time:	20:31		
Sample name:	Pellets		
Position:	705.600011	mm	
Sample surface:	6.054943	cm	
Tube anode:	Mo		
Tube voltage:	30	kV	
Tube current:	50	mA	
Comments	not in position		
Gain	5.810000		
peaking_time	0.300000	m-sec	
trigger_threshold	30.000000	V	
mca_bin_width	2.000000	no:	
number_mca_channels	2048.000000	no:	
gap_time	0.100000	m-sec	
trigger_peaking_time	0.050000	m-sec	
livetime	17.153671	seconds	
runtime	20.000367	seconds	
input_count_rate	122204.455549	cps	
output_count_rate	104810.826721	cps	
triggers	2353524.000000	seconds	
events_in_run	2085989.000000	seconds	
channel	content		
 1.00	 0.00
 2.00	 0.00
 3.00	 0.00
 4.00	 0.00
 5.00	 0.00
 6.00	 0.00
 7.00	 0.00
 8.00	 0.00
 9.00	 0.00
10.00	 0.00
11.00	 0.00
12.00	 0.00
13.00	 0.00
14.00	 0.00
15.00	 0.00
16.00	 0.00
17.00	 0.00
18.00	 0.00
19.00	 0.00
20.00	 0.00
21.00	 0.00
22.00	 0.00
23.00	 0.00
24.00	 0.00
25.00	 0.00
26.00	 0.00
27.00	 0.00
28.00	 0.00
29.00	 0.00
30.00	 0.00
31.00	 1.00
32.00	 2.00
33.00	 3.00
34.00	 4.00
35.00	 8.00
36.00	11.00
37.00	12.00
38.00	20.00
39.00	28.00
40.00	35.00
41.00	52.00
42.00	67.00
43.00	80.00
44.00	110.00
45.00	136.00
46.00	138.00
47.00	160.00
48.00	200.00
49.00	199.00
50.00	202.00
51.00	262.00
52.00	266.00
53.00	292.00
54.00	278.00
55.00	299.00
56.00	338.00
57.00	321.00
58.00	314.00
59.00	347.00
60.00	355.00
61.00	339.00
62.00	357.00
63.00	382.00
64.00	346.00
65.00	373.00
66.00	371.00
67.00	405.00
68.00	378.00
69.00	361.00
70.00	372.00
71.00	370.00
72.00	397.00
73.00	386.00
74.00	355.00
75.00	338.00
76.00	336.00
77.00	400.00
78.00	356.00
79.00	400.00
80.00	377.00
81.00	337.00
82.00	374.00
83.00	370.00
84.00	350.00
85.00	348.00
86.00	351.00
87.00	321.00
88.00	361.00
89.00	329.00
90.00	324.00
91.00	338.00
92.00	321.00
93.00	361.00
94.00	343.00
95.00	309.00
96.00	320.00
97.00	270.00
98.00	328.00
99.00	333.00
100.00	314.00
101.00	314.00
102.00	320.00
103.00	263.00
104.00	293.00
105.00	276.00
106.00	252.00
107.00	275.00
108.00	278.00
109.00	272.00
110.00	290.00
111.00	270.00
112.00	260.00
113.00	264.00
114.00	285.00
115.00	284.00
116.00	276.00
117.00	264.00
118.00	276.00
119.00	259.00
120.00	278.00
121.00	289.00
122.00	242.00
123.00	247.00
124.00	254.00
125.00	222.00
126.00	214.00
127.00	239.00
128.00	203.00
129.00	229.00
130.00	207.00
131.00	222.00
132.00	221.00
133.00	192.00
134.00	198.00
135.00	247.00
136.00	287.00
137.00	304.00
138.00	372.00
139.00	478.00
140.00	601.00
141.00	771.00
142.00	953.00
143.00	1046.00
144.00	1201.00
145.00	1274.00
146.00	1130.00
147.00	994.00
148.00	862.00
149.00	838.00
150.00	687.00
151.00	643.00
152.00	596.00
153.00	529.00
154.00	480.00
155.00	472.00
156.00	432.00
157.00	411.00
158.00	428.00
159.00	592.00
160.00	934.00
161.00	1559.00
162.00	2505.00
163.00	4163.00
164.00	6155.00
165.00	8575.00
166.00	11305.00
167.00	13687.00
168.00	15380.00
169.00	15972.00
170.00	15316.00
171.00	13664.00
172.00	11460.00
173.00	8973.00
174.00	6497.00
175.00	4757.00
176.00	3234.00
177.00	2300.00
178.00	1684.00
179.00	1313.00
180.00	1015.00
181.00	777.00
182.00	675.00
183.00	539.00
184.00	480.00
185.00	401.00
186.00	373.00
187.00	344.00
188.00	313.00
189.00	335.00
190.00	315.00
191.00	318.00
192.00	298.00
193.00	308.00
194.00	265.00
195.00	264.00
196.00	263.00
197.00	200.00
198.00	229.00
199.00	186.00
200.00	207.00
201.00	187.00
202.00	189.00
203.00	172.00
204.00	199.00
205.00	163.00
206.00	186.00
207.00	181.00
208.00	159.00
209.00	171.00
210.00	178.00
211.00	154.00
212.00	180.00
213.00	166.00
214.00	179.00
215.00	199.00
216.00	204.00
217.00	182.00
218.00	208.00
219.00	200.00
220.00	227.00
221.00	254.00
222.00	224.00
223.00	195.00
224.00	230.00
225.00	209.00
226.00	228.00
227.00	201.00
228.00	195.00
229.00	192.00
230.00	185.00
231.00	157.00
232.00	169.00
233.00	161.00
234.00	165.00
235.00	178.00
236.00	157.00
237.00	165.00
238.00	167.00
239.00	154.00
240.00	166.00
241.00	148.00
242.00	138.00
243.00	183.00
244.00	154.00
245.00	174.00
246.00	174.00
247.00	184.00
248.00	148.00
249.00	163.00
250.00	170.00
251.00	149.00
252.00	183.00
253.00	182.00
254.00	168.00
255.00	163.00
256.00	193.00
257.00	176.00
258.00	182.00
259.00	185.00
260.00	209.00
261.00	208.00
262.00	201.00
263.00	271.00
264.00	244.00
265.00	275.00
266.00	309.00
267.00	279.00
268.00	294.00
269.00	314.00
270.00	302.00
271.00	263.00
272.00	279.00
273.00	250.00
274.00	254.00
275.00	266.00
276.00	258.00
277.00	306.00
278.00	439.00
279.00	533.00
280.00	681.00
281.00	923.00
282.00	1186.00
283.00	1496.00
284.00	1656.00
285.00	1834.00
286.00	2037.00
287.00	2095.00
288.00	1997.00
289.00	1872.00
290.00	1590.00
291.00	1273.00
292.00	1018.00
293.00	803.00
294.00	589.00
295.00	451.00
296.00	356.00
297.00	285.00
298.00	259.00
299.00	214.00
300.00	225.00
301.00	245.00
302.00	240.00
303.00	275.00
304.00	312.00
305.00	379.00
306.00	457.00
307.00	564.00
308.00	710.00
309.00	915.00
310.00	1308.00
311.00	1976.00
312.00	2714.00
313.00	3940.00
314.00	5654.00
315.00	7689.00
316.00	10110.00
317.00	12841.00
318.00	15327.00
319.00	17443.00
320.00	18930.00
321.00	19760.00
322.00	19214.00
323.00	17903.00
324.00	16015.00
325.00	13437.00
326.00	10766.00
327.00	8194.00
328.00	6070.00
329.00	4122.00
330.00	2870.00
331.00	1792.00
332.00	1198.00
333.00	794.00
334.00	597.00
335.00	465.00
336.00	423.00
337.00	478.00
338.00	529.00
339.00	729.00
340.00	911.00
341.00	1218.00
342.00	1491.00
343.00	1995.00
344.00	2268.00
345.00	2670.00
346.00	3265.00
347.00	3665.00
348.00	4050.00
349.00	4685.00
350.00	5443.00
351.00	6088.00
352.00	7228.00
353.00	8055.00
354.00	9220.00
355.00	10175.00
356.00	10918.00
357.00	11213.00
358.00	10937.00
359.00	10309.00
360.00	9280.00
361.00	7883.00
362.00	6781.00
363.00	5383.00
364.00	4122.00
365.00	3009.00
366.00	2092.00
367.00	1405.00
368.00	973.00
369.00	673.00
370.00	473.00
371.00	365.00
372.00	297.00
373.00	248.00
374.00	308.00
375.00	292.00
376.00	282.00
377.00	327.00
378.00	398.00
379.00	529.00
380.00	618.00
381.00	712.00
382.00	886.00
383.00	1035.00
384.00	1289.00
385.00	1486.00
386.00	1601.00
387.00	1761.00
388.00	1803.00
389.00	1859.00
390.00	1758.00
391.00	1692.00
392.00	1450.00
393.00	1377.00
394.00	1076.00
395.00	959.00
396.00	858.00
397.00	669.00
398.00	568.00
399.00	469.00
400.00	447.00
401.00	397.00
402.00	398.00
403.00	352.00
404.00	347.00
405.00	370.00
406.00	344.00
407.00	323.00
408.00	313.00
409.00	332.00
410.00	326.00
411.00	328.00
412.00	331.00
413.00	325.00
414.00	392.00
415.00	400.00
416.00	362.00
417.00	391.00
418.00	438.00
419.00	530.00
420.00	587.00
421.00	699.00
422.00	885.00
423.00	1100.00
424.00	1427.00
425.00	1985.00
426.00	2829.00
427.00	3736.00
428.00	4986.00
429.00	6574.00
430.00	8590.00
431.00	10396.00
432.00	12261.00
433.00	14180.00
434.00	15605.00
435.00	16676.00
436.00	17384.00
437.00	16824.00
438.00	16360.00
439.00	14921.00
440.00	13067.00
441.00	11244.00
442.00	9288.00
443.00	7757.00
444.00	6325.00
445.00	5013.00
446.00	4175.00
447.00	3481.00
448.00	3204.00
449.00	3029.00
450.00	2860.00
451.00	2666.00
452.00	2409.00
453.00	2247.00
454.00	2028.00
455.00	1793.00
456.00	1622.00
457.00	1463.00
458.00	1320.00
459.00	1293.00
460.00	1272.00
461.00	1288.00
462.00	1366.00
463.00	1467.00
464.00	1695.00
465.00	1818.00
466.00	2073.00
467.00	2249.00
468.00	2537.00
469.00	2744.00
470.00	3041.00
471.00	3315.00
472.00	3692.00
473.00	4071.00
474.00	4251.00
475.00	4412.00
476.00	4509.00
477.00	4578.00
478.00	4509.00
479.00	4363.00
480.00	4046.00
481.00	3607.00
482.00	3247.00
483.00	2872.00
484.00	2418.00
485.00	2133.00
486.00	1731.00
487.00	1488.00
488.00	1278.00
489.00	1146.00
490.00	1031.00
491.00	1003.00
492.00	990.00
493.00	990.00
494.00	962.00
495.00	1052.00
496.00	1042.00
497.00	1082.00
498.00	1168.00
499.00	1184.00
500.00	1170.00
501.00	1292.00
502.00	1265.00
503.00	1318.00
504.00	1301.00
505.00	1346.00
506.00	1448.00
507.00	1476.00
508.00	1554.00
509.00	1601.00
510.00	1574.00
511.00	1639.00
512.00	1742.00
513.00	1951.00
514.00	2100.00
515.00	2184.00
516.00	2269.00
517.00	2458.00
518.00	2669.00
519.00	3074.00
520.00	3181.00
521.00	3331.00
522.00	3499.00
523.00	3536.00
524.00	3553.00
525.00	3385.00
526.00	3310.00
527.00	3061.00
528.00	2970.00
529.00	2751.00
530.00	2518.00
531.00	2399.00
532.00	2130.00
533.00	2160.00
534.00	1938.00
535.00	1878.00
536.00	1944.00
537.00	1949.00
538.00	1961.00
539.00	1914.00
540.00	1846.00
541.00	1922.00
542.00	1946.00
543.00	1956.00
544.00	1954.00
545.00	1885.00
546.00	1948.00
547.00	2057.00
548.00	1958.00
549.00	2022.00
550.00	2133.00
551.00	2121.00
552.00	2156.00
553.00	2252.00
554.00	2421.00
555.00	2667.00
556.00	2986.00
557.00	3585.00
558.00	4413.00
559.00	5441.00
560.00	6828.00
561.00	8775.00
562.00	10650.00
563.00	13266.00
564.00	15910.00
565.00	18422.00
566.00	20846.00
567.00	23192.00
568.00	24582.00
569.00	25532.00
570.00	25944.00
571.00	25261.00
572.00	23985.00
573.00	22198.00
574.00	19859.00
575.00	17545.00
576.00	14598.00
577.00	12019.00
578.00	9782.00
579.00	7855.00
580.00	6229.00
581.00	5089.00
582.00	3849.00
583.00	3365.00
584.00	2982.00
585.00	2698.00
586.00	2421.00
587.00	2416.00
588.00	2346.00
589.00	2434.00
590.00	2575.00
591.00	2645.00
592.00	2724.00
593.00	2847.00
594.00	3069.00
595.00	3310.00
596.00	3642.00
597.00	4011.00
598.00	4765.00
599.00	5606.00
600.00	7270.00
601.00	9617.00
602.00	13438.00
603.00	18947.00
604.00	26760.00
605.00	38103.00
606.00	54352.00
607.00	74729.00
608.00	102103.00
609.00	134879.00
610.00	175293.00
611.00	221576.00
612.00	271639.00
613.00	323649.00
614.00	374556.00
615.00	422019.00
616.00	460341.00
617.00	487624.00
618.00	499805.00
619.00	498431.00
620.00	482004.00
621.00	451805.00
622.00	411227.00
623.00	362634.00
624.00	312729.00
625.00	259240.00
626.00	209694.00
627.00	166745.00
628.00	126182.00
629.00	95328.00
630.00	69354.00
631.00	49797.00
632.00	34904.00
633.00	24468.00
634.00	17386.00
635.00	12523.00
636.00	9141.00
637.00	6752.00
638.00	5661.00
639.00	4823.00
640.00	4207.00
641.00	3944.00
642.00	3722.00
643.00	3667.00
644.00	3504.00
645.00	3617.00
646.00	3568.00
647.00	3574.00
648.00	3702.00
649.00	3554.00
650.00	3657.00
651.00	3890.00
652.00	3772.00
653.00	3870.00
654.00	4005.00
655.00	3981.00
656.00	4036.00
657.00	4434.00
658.00	4591.00
659.00	4643.00
660.00	4998.00
661.00	5415.00
662.00	5788.00
663.00	6068.00
664.00	6545.00
665.00	7644.00
666.00	8793.00
667.00	10403.00
668.00	12439.00
669.00	15202.00
670.00	18591.00
671.00	22753.00
672.00	28238.00
673.00	34109.00
674.00	40951.00
675.00	48263.00
676.00	54941.00
677.00	62881.00
678.00	69585.00
679.00	74260.00
680.00	78651.00
681.00	80360.00
682.00	80803.00
683.00	78248.00
684.00	74716.00
685.00	68406.00
686.00	61661.00
687.00	54388.00
688.00	46248.00
689.00	38692.00
690.00	31511.00
691.00	25325.00
692.00	20061.00
693.00	15725.00
694.00	12081.00
695.00	9421.00
696.00	7489.00
697.00	5847.00
698.00	4882.00
699.00	4166.00
700.00	3866.00
701.00	3696.00
702.00	3419.00
703.00	3340.00
704.00	3310.00
705.00	3402.00
706.00	3223.00
707.00	3500.00
708.00	3690.00
709.00	3673.00
710.00	3929.00
711.00	3976.00
712.00	4161.00
713.00	4434.00
714.00	4622.00
715.00	4941.00
716.00	5110.00
717.00	5234.00
718.00	5510.00
719.00	5757.00
720.00	5857.00
721.00	5926.00
722.00	5957.00
723.00	5814.00
724.00	5666.00
725.00	5502.00
726.00	5282.00
727.00	5066.00
728.00	4905.00
729.00	4629.00
730.00	4466.00
731.00	4195.00
732.00	3966.00
733.00	3801.00
734.00	3633.00
735.00	3700.00
736.00	3557.00
737.00	3412.00
738.00	3476.00
739.00	3356.00
740.00	3285.00
741.00	3247.00
742.00	3197.00
743.00	3322.00
744.00	3231.00
745.00	3168.00
746.00	3147.00
747.00	3254.00
748.00	3239.00
749.00	3212.00
750.00	3233.00
751.00	3247.00
752.00	3161.00
753.00	3135.00
754.00	3258.00
755.00	3231.00
756.00	3294.00
757.00	3337.00
758.00	3381.00
759.00	3477.00
760.00	3498.00
761.00	3577.00
762.00	3756.00
763.00	3656.00
764.00	3828.00
765.00	3853.00
766.00	4149.00
767.00	4081.00
768.00	4248.00
769.00	4356.00
770.00	4610.00
771.00	4649.00
772.00	5013.00
773.00	4898.00
774.00	5218.00
775.00	5357.00
776.00	5334.00
777.00	5465.00
778.00	5340.00
779.00	5401.00
780.00	5476.00
781.00	5451.00
782.00	5509.00
783.00	5519.00
784.00	5336.00
785.00	5442.00
786.00	5298.00
787.00	5270.00
788.00	5369.00
789.00	5424.00
790.00	5515.00
791.00	5272.00
792.00	5510.00
793.00	5629.00
794.00	5694.00
795.00	5546.00
796.00	5836.00
797.00	5713.00
798.00	5807.00
799.00	5731.00
800.00	5837.00
801.00	5731.00
802.00	5716.00
803.00	5893.00
804.00	5798.00
805.00	5891.00
806.00	5646.00
807.00	5841.00
808.00	5866.00
809.00	5787.00
810.00	5745.00
811.00	5872.00
812.00	5803.00
813.00	5861.00
814.00	5799.00
815.00	5748.00
816.00	5810.00
817.00	5915.00
818.00	5841.00
819.00	6168.00
820.00	6202.00
821.00	6315.00
822.00	6753.00
823.00	7029.00
824.00	7453.00
825.00	7872.00
826.00	8330.00
827.00	8749.00
828.00	9478.00
829.00	9876.00
830.00	10026.00
831.00	10296.00
832.00	10950.00
833.00	10912.00
834.00	10900.00
835.00	10728.00
836.00	10323.00
837.00	9950.00
838.00	9484.00
839.00	9348.00
840.00	8678.00
841.00	8111.00
842.00	7807.00
843.00	7279.00
844.00	6902.00
845.00	6460.00
846.00	6225.00
847.00	6041.00
848.00	5795.00
849.00	5788.00
850.00	5829.00
851.00	5601.00
852.00	5751.00
853.00	5473.00
854.00	5554.00
855.00	5852.00
856.00	5619.00
857.00	5638.00
858.00	5739.00
859.00	5681.00
860.00	5926.00
861.00	5843.00
862.00	5779.00
863.00	5868.00
864.00	5953.00
865.00	5756.00
866.00	5803.00
867.00	5800.00
868.00	5921.00
869.00	5859.00
870.00	5717.00
871.00	5914.00
872.00	5999.00
873.00	5953.00
874.00	5956.00
875.00	6038.00
876.00	6122.00
877.00	6275.00
878.00	6219.00
879.00	6147.00
880.00	6367.00
881.00	6408.00
882.00	6360.00
883.00	6433.00
884.00	6546.00
885.00	6517.00
886.00	6615.00
887.00	6718.00
888.00	6893.00
889.00	6956.00
890.00	6925.00
891.00	7010.00
892.00	7029.00
893.00	6952.00
894.00	7026.00
895.00	7102.00
896.00	7178.00
897.00	7056.00
898.00	6782.00
899.00	7062.00
900.00	6846.00
901.00	6907.00
902.00	6985.00
903.00	6865.00
904.00	6986.00
905.00	7108.00
906.00	6875.00
907.00	6915.00
908.00	7022.00
909.00	7223.00
910.00	7021.00
911.00	6971.00
912.00	7181.00
913.00	7329.00
914.00	7244.00
915.00	7322.00
916.00	7428.00
917.00	7716.00
918.00	7603.00
919.00	7810.00
920.00	7941.00
921.00	7955.00
922.00	8029.00
923.00	7826.00
924.00	7987.00
925.00	7940.00
926.00	8143.00
927.00	8084.00
928.00	7931.00
929.00	7918.00
930.00	7798.00
931.00	7963.00
932.00	7800.00
933.00	7664.00
934.00	7586.00
935.00	7508.00
936.00	7526.00
937.00	7572.00
938.00	7488.00
939.00	7293.00
940.00	7456.00
941.00	7279.00
942.00	7255.00
943.00	7266.00
944.00	7220.00
945.00	7048.00
946.00	7284.00
947.00	7150.00
948.00	7173.00
949.00	7143.00
950.00	7013.00
951.00	7297.00
952.00	7035.00
953.00	7198.00
954.00	7164.00
955.00	7258.00
956.00	7174.00
957.00	6926.00
958.00	7124.00
959.00	7137.00
960.00	7035.00
961.00	7073.00
962.00	7101.00
963.00	6947.00
964.00	7145.00
965.00	7059.00
966.00	7159.00
967.00	7214.00
968.00	7087.00
969.00	7123.00
970.00	7179.00
971.00	7327.00
972.00	7181.00
973.00	7006.00
974.00	7124.00
975.00	7111.00
976.00	7342.00
977.00	7345.00
978.00	7066.00
979.00	7259.00
980.00	7030.00
981.00	7395.00
982.00	7284.00
983.00	7170.00
984.00	7219.00
985.00	7370.00
986.00	7175.00
987.00	7391.00
988.00	7415.00
989.00	7425.00
990.00	7318.00
991.00	7424.00
992.00	7146.00
993.00	7327.00
994.00	7345.00
995.00	7299.00
996.00	7393.00
997.00	7278.00
998.00	7301.00
999.00	7449.00
1000.00	7346.00
1001.00	7357.00
1002.00	7402.00
1003.00	7376.00
1004.00	7405.00
1005.00	7428.00
1006.00	7550.00
1007.00	7533.00
1008.00	7605.00
1009.00	7756.00
1010.00	7798.00
1011.00	7986.00
1012.00	7802.00
1013.00	8016.00
1014.00	8024.00
1015.00	8054.00
1016.00	7858.00
1017.00	8038.00
1018.00	8020.00
1019.00	7823.00
1020.00	7811.00
1021.00	7885.00
1022.00	7760.00
1023.00	7869.00
1024.00	7641.00
1025.00	7657.00
1026.00	7598.00
1027.00	7640.00
1028.00	7383.00
1029.00	7340.00
1030.00	7415.00
1031.00	7302.00
1032.00	7334.00
1033.00	7171.00
1034.00	7394.00
1035.00	7110.00
1036.00	7311.00
1037.00	7177.00
1038.00	7168.00
1039.00	7143.00
1040.00	7256.00
1041.00	7158.00
1042.00	7356.00
1043.00	7348.00
1044.00	7198.00
1045.00	7356.00
1046.00	7289.00
1047.00	7446.00
1048.00	7627.00
1049.00	7511.00
1050.00	7413.00
1051.00	7517.00
1052.00	7613.00
1053.00	7587.00
1054.00	7509.00
1055.00	7617.00
1056.00	7634.00
1057.00	7736.00
1058.00	7621.00
1059.00	7504.00
1060.00	7517.00
1061.00	7416.00
1062.00	7483.00
1063.00	7519.00
1064.00	7523.00
1065.00	7564.00
1066.00	7553.00
1067.00	7582.00
1068.00	7555.00
1069.00	7668.00
1070.00	7699.00
1071.00	7759.00
1072.00	7820.00
1073.00	7691.00
1074.00	7607.00
1075.00	7659.00
1076.00	7900.00
1077.00	7773.00
1078.00	7656.00
1079.00	7862.00
1080.00	7886.00
1081.00	7698.00
1082.00	7808.00
1083.00	7859.00
1084.00	7794.00
1085.00	7606.00
1086.00	7782.00
1087.00	7613.00
1088.00	7816.00
1089.00	7883.00
1090.00	7855.00
1091.00	7878.00
1092.00	7837.00
1093.00	7772.00
1094.00	8007.00
1095.00	7905.00
1096.00	7950.00
1097.00	7921.00
1098.00	7965.00
1099.00	7798.00
1100.00	8005.00
1101.00	7982.00
1102.00	7956.00
1103.00	7951.00
1104.00	7936.00
1105.00	7901.00
1106.00	7972.00
1107.00	7900.00
1108.00	7974.00
1109.00	8231.00
1110.00	7881.00
1111.00	7931.00
1112.00	8109.00
1113.00	8091.00
1114.00	8058.00
1115.00	7863.00
1116.00	7935.00
1117.00	7861.00
1118.00	8113.00
1119.00	7957.00
1120.00	7959.00
1121.00	8042.00
1122.00	7963.00
1123.00	8083.00
1124.00	8054.00
1125.00	8021.00
1126.00	7990.00
1127.00	7936.00
1128.00	7920.00
1129.00	7998.00
1130.00	8019.00
1131.00	7902.00
1132.00	7908.00
1133.00	7957.00
1134.00	7962.00
1135.00	7978.00
1136.00	7913.00
1137.00	7850.00
1138.00	8058.00
1139.00	8094.00
1140.00	8117.00
1141.00	8137.00
1142.00	7833.00
1143.00	8039.00
1144.00	8116.00
1145.00	8158.00
1146.00	8260.00
1147.00	8137.00
1148.00	8328.00
1149.00	8001.00
1150.00	8062.00
1151.00	8210.00
1152.00	8014.00
1153.00	8071.00
1154.00	8009.00
1155.00	8013.00
1156.00	8017.00
1157.00	7916.00
1158.00	7719.00
1159.00	7900.00
1160.00	7820.00
1161.00	7772.00
1162.00	7969.00
1163.00	7771.00
1164.00	7663.00
1165.00	7863.00
1166.00	7697.00
1167.00	7739.00
1168.00	7930.00
1169.00	7667.00
1170.00	7718.00
1171.00	7701.00
1172.00	7826.00
1173.00	7891.00
1174.00	7875.00
1175.00	7820.00
1176.00	7837.00
1177.00	7692.00
1178.00	7889.00
1179.00	7960.00
1180.00	7974.00
1181.00	7855.00
1182.00	7999.00
1183.00	7931.00
1184.00	7870.00
1185.00	7986.00
1186.00	7761.00
1187.00	7799.00
1188.00	7884.00
1189.00	7887.00
1190.00	7944.00
1191.00	7962.00
1192.00	7870.00
1193.00	7966.00
1194.00	7883.00
1195.00	7966.00
1196.00	7897.00
1197.00	7947.00
1198.00	7878.00
1199.00	7951.00
1200.00	7920.00
1201.00	8023.00
1202.00	7925.00
1203.00	8006.00
1204.00	7943.00
1205.00	8088.00
1206.00	8159.00
1207.00	7930.00
1208.00	8034.00
1209.00	8127.00
1210.00	8239.00
1211.00	8186.00
1212.00	8331.00
1213.00	8262.00
1214.00	8266.00
1215.00	8369.00
1216.00	8387.00
1217.00	8296.00
1218.00	8445.00
1219.00	8364.00
1220.00	8476.00
1221.00	8489.00
1222.00	8520.00
1223.00	8613.00
1224.00	8713.00
1225.00	8719.00
1226.00	8796.00
1227.00	8665.00
1228.00	8821.00
1229.00	8861.00
1230.00	8999.00
1231.00	9108.00
1232.00	9215.00
1233.00	9284.00
1234.00	9048.00
1235.00	9022.00
1236.00	9110.00
1237.00	8911.00
1238.00	8815.00
1239.00	8829.00
1240.00	8853.00
1241.00	8805.00
1242.00	8743.00
1243.00	8754.00
1244.00	8378.00
1245.00	8406.00
1246.00	8485.00
1247.00	8180.00
1248.00	8027.00
1249.00	8238.00
1250.00	8138.00
1251.00	8123.00
1252.00	8288.00
1253.00	8069.00
1254.00	8007.00
1255.00	8187.00
1256.00	7982.00
1257.00	8169.00
1258.00	8137.00
1259.00	8053.00
1260.00	8153.00
1261.00	8135.00
1262.00	8077.00
1263.00	7874.00
1264.00	8198.00
1265.00	7882.00
1266.00	7974.00
1267.00	8062.00
1268.00	8003.00
1269.00	8086.00
1270.00	8146.00
1271.00	8086.00
1272.00	8132.00
1273.00	8225.00
1274.00	8324.00
1275.00	8418.00
1276.00	8615.00
1277.00	8685.00
1278.00	8800.00
1279.00	8668.00
1280.00	9039.00
1281.00	9013.00
1282.00	9102.00
1283.00	9511.00
1284.00	9508.00
1285.00	9602.00
1286.00	9862.00
1287.00	9998.00
1288.00	10120.00
1289.00	10171.00
1290.00	10296.00
1291.00	10005.00
1292.00	10144.00
1293.00	10033.00
1294.00	9987.00
1295.00	9736.00
1296.00	9906.00
1297.00	9671.00
1298.00	9596.00
1299.00	9315.00
1300.00	9092.00
1301.00	8978.00
1302.00	8733.00
1303.00	8714.00
1304.00	8672.00
1305.00	8541.00
1306.00	8377.00
1307.00	8275.00
1308.00	8277.00
1309.00	8009.00
1310.00	8050.00
1311.00	8058.00
1312.00	8108.00
1313.00	7693.00
1314.00	8080.00
1315.00	7965.00
1316.00	8059.00
1317.00	7779.00
1318.00	7932.00
1319.00	8005.00
1320.00	7694.00
1321.00	7962.00
1322.00	7865.00
1323.00	7657.00
1324.00	7918.00
1325.00	7925.00
1326.00	7881.00
1327.00	7823.00
1328.00	7822.00
1329.00	7951.00
1330.00	7730.00
1331.00	7710.00
1332.00	7729.00
1333.00	7689.00
1334.00	7662.00
1335.00	7688.00
1336.00	7760.00
1337.00	7865.00
1338.00	7678.00
1339.00	7775.00
1340.00	7575.00
1341.00	7730.00
1342.00	7786.00
1343.00	7756.00
1344.00	7776.00
1345.00	7699.00
1346.00	7948.00
1347.00	7811.00
1348.00	7856.00
1349.00	7925.00
1350.00	7994.00
1351.00	8056.00
1352.00	8288.00
1353.00	8373.00
1354.00	8450.00
1355.00	8702.00
1356.00	8447.00
1357.00	8687.00
1358.00	8716.00
1359.00	8918.00
1360.00	8895.00
1361.00	8964.00
1362.00	8877.00
1363.00	8983.00
1364.00	8883.00
1365.00	9175.00
1366.00	8922.00
1367.00	9004.00
1368.00	8833.00
1369.00	8569.00
1370.00	8464.00
1371.00	8577.00
1372.00	8469.00
1373.00	8213.00
1374.00	8066.00
1375.00	7897.00
1376.00	7768.00
1377.00	7753.00
1378.00	7708.00
1379.00	7473.00
1380.00	7430.00
1381.00	7268.00
1382.00	7392.00
1383.00	7179.00
1384.00	7334.00
1385.00	7317.00
1386.00	7226.00
1387.00	7163.00
1388.00	7093.00
1389.00	7046.00
1390.00	6907.00
1391.00	7082.00
1392.00	7022.00
1393.00	6969.00
1394.00	7157.00
1395.00	6940.00
1396.00	7186.00
1397.00	6867.00
1398.00	7070.00
1399.00	6869.00
1400.00	6771.00
1401.00	6822.00
1402.00	7041.00
1403.00	6722.00
1404.00	6805.00
1405.00	6768.00
1406.00	6873.00
1407.00	6863.00
1408.00	6718.00
1409.00	6773.00
1410.00	6819.00
1411.00	6715.00
1412.00	6850.00
1413.00	7080.00
1414.00	6882.00
1415.00	6812.00
1416.00	6833.00
1417.00	6910.00
1418.00	6816.00
1419.00	6765.00
1420.00	6892.00
1421.00	6811.00
1422.00	6706.00
1423.00	6856.00
1424.00	6894.00
1425.00	6819.00
1426.00	7069.00
1427.00	6938.00
1428.00	7059.00
1429.00	6942.00
1430.00	7071.00
1431.00	6886.00
1432.00	7028.00
1433.00	7265.00
1434.00	7173.00
1435.00	7211.00
1436.00	7221.00
1437.00	7311.00
1438.00	7493.00
1439.00	7429.00
1440.00	7242.00
1441.00	7271.00
1442.00	7404.00
1443.00	7409.00
1444.00	7158.00
1445.00	7314.00
1446.00	7134.00
1447.00	7224.00
1448.00	7292.00
1449.00	7151.00
1450.00	7120.00
1451.00	6988.00
1452.00	6910.00
1453.00	7010.00
1454.00	6827.00
1455.00	6764.00
1456.00	6746.00
1457.00	6692.00
1458.00	6696.00
1459.00	6713.00
1460.00	6582.00
1461.00	6620.00
1462.00	6700.00
1463.00	6541.00
1464.00	6618.00
1465.00	6509.00
1466.00	6345.00
1467.00	6653.00
1468.00	6499.00
1469.00	6484.00
1470.00	6621.00
1471.00	6474.00
1472.00	6485.00
1473.00	6463.00
1474.00	6565.00
1475.00	6391.00
1476.00	6637.00
1477.00	6403.00
1478.00	6532.00
1479.00	6458.00
1480.00	6498.00
1481.00	6520.00
1482.00	6484.00
1483.00	6342.00
1484.00	6510.00
1485.00	6272.00
1486.00	6510.00
1487.00	6524.00
1488.00	6409.00
1489.00	6553.00
1490.00	6434.00
1491.00	6453.00
1492.00	6473.00
1493.00	6409.00
1494.00	6510.00
1495.00	6320.00
1496.00	6539.00
1497.00	6541.00
1498.00	6727.00
1499.00	6622.00
1500.00	6583.00
1501.00	6555.00
1502.00	6842.00
1503.00	6831.00
1504.00	6796.00
1505.00	6876.00
1506.00	7109.00
1507.00	7119.00
1508.00	7112.00
1509.00	7311.00
1510.00	7352.00
1511.00	7342.00
1512.00	7368.00
1513.00	7587.00
1514.00	7661.00
1515.00	7827.00
1516.00	7638.00
1517.00	7841.00
1518.00	7813.00
1519.00	7998.00
1520.00	7996.00
1521.00	7893.00
1522.00	7917.00
1523.00	7819.00
1524.00	7697.00
1525.00	7806.00
1526.00	7666.00
1527.00	7707.00
1528.00	7737.00
1529.00	7457.00
1530.00	7445.00
1531.00	7409.00
1532.00	7491.00
1533.00	7232.00
1534.00	7126.00
1535.00	7121.00
1536.00	7114.00
1537.00	7074.00
1538.00	7162.00
1539.00	7172.00
1540.00	7165.00
1541.00	6972.00
1542.00	7119.00
1543.00	6958.00
1544.00	7182.00
1545.00	7309.00
1546.00	7250.00
1547.00	7460.00
1548.00	7388.00
1549.00	7431.00
1550.00	7241.00
1551.00	7565.00
1552.00	7589.00
1553.00	7855.00
1554.00	7752.00
1555.00	7884.00
1556.00	7991.00
1557.00	8014.00
1558.00	8224.00
1559.00	8433.00
1560.00	8359.00
1561.00	8474.00
1562.00	8798.00
1563.00	8873.00
1564.00	8802.00
1565.00	8924.00
1566.00	9108.00
1567.00	9263.00
1568.00	9409.00
1569.00	9686.00
1570.00	9734.00
1571.00	9830.00
1572.00	10141.00
1573.00	10292.00
1574.00	10292.00
1575.00	10623.00
1576.00	10618.00
1577.00	10505.00
1578.00	10649.00
1579.00	10993.00
1580.00	10947.00
1581.00	11021.00
1582.00	11276.00
1583.00	11270.00
1584.00	11391.00
1585.00	11334.00
1586.00	11539.00
1587.00	11602.00
1588.00	11458.00
1589.00	11324.00
1590.00	11429.00
1591.00	11222.00
1592.00	11447.00
1593.00	11320.00
1594.00	11282.00
1595.00	11287.00
1596.00	11002.00
1597.00	11234.00
1598.00	11076.00
1599.00	10670.00
1600.00	10743.00
1601.00	10483.00
1602.00	10235.00
1603.00	10423.00
1604.00	10203.00
1605.00	9969.00
1606.00	9839.00
1607.00	9769.00
1608.00	9523.00
1609.00	9429.00
1610.00	9209.00
1611.00	9082.00
1612.00	9035.00
1613.00	8698.00
1614.00	8625.00
1615.00	8539.00
1616.00	8199.00
1617.00	8083.00
1618.00	8077.00
1619.00	7849.00
1620.00	7592.00
1621.00	7650.00
1622.00	7527.00
1623.00	7352.00
1624.00	7386.00
1625.00	7020.00
1626.00	7058.00
1627.00	6830.00
1628.00	6724.00
1629.00	6591.00
1630.00	6417.00
1631.00	6538.00
1632.00	6411.00
1633.00	6311.00
1634.00	6114.00
1635.00	6178.00
1636.00	6142.00
1637.00	5912.00
1638.00	5950.00
1639.00	5774.00
1640.00	5636.00
1641.00	5784.00
1642.00	5677.00
1643.00	5658.00
1644.00	5704.00
1645.00	5481.00
1646.00	5562.00
1647.00	5458.00
1648.00	5440.00
1649.00	5403.00
1650.00	5523.00
1651.00	5362.00
1652.00	5302.00
1653.00	5281.00
1654.00	5245.00
1655.00	5386.00
1656.00	5272.00
1657.00	5438.00
1658.00	5520.00
1659.00	5459.00
1660.00	5727.00
1661.00	5717.00
1662.00	5910.00
1663.00	5911.00
1664.00	6028.00
1665.00	6303.00
1666.00	6586.00
1667.00	6574.00
1668.00	6998.00
1669.00	7115.00
1670.00	7511.00
1671.00	7648.00
1672.00	7895.00
1673.00	8012.00
1674.00	8306.00
1675.00	8683.00
1676.00	8887.00
1677.00	9058.00
1678.00	9199.00
1679.00	9503.00
1680.00	9396.00
1681.00	9729.00
1682.00	9879.00
1683.00	9780.00
1684.00	9549.00
1685.00	9407.00
1686.00	9323.00
1687.00	9045.00
1688.00	8687.00
1689.00	8599.00
1690.00	8308.00
1691.00	8012.00
1692.00	7674.00
1693.00	7412.00
1694.00	7027.00
1695.00	6813.00
1696.00	6318.00
1697.00	6046.00
1698.00	5826.00
1699.00	5704.00
1700.00	5426.00
1701.00	5213.00
1702.00	5150.00
1703.00	5043.00
1704.00	4787.00
1705.00	4687.00
1706.00	4625.00
1707.00	4524.00
1708.00	4488.00
1709.00	4504.00
1710.00	4363.00
1711.00	4269.00
1712.00	4125.00
1713.00	4198.00
1714.00	4228.00
1715.00	4309.00
1716.00	4280.00
1717.00	4235.00
1718.00	4242.00
1719.00	3973.00
1720.00	4170.00
1721.00	4058.00
1722.00	4052.00
1723.00	4036.00
1724.00	4099.00
1725.00	4039.00
1726.00	4008.00
1727.00	4019.00
1728.00	4048.00
1729.00	4005.00
1730.00	4130.00
1731.00	4177.00
1732.00	4038.00
1733.00	4075.00
1734.00	4117.00
1735.00	3985.00
1736.00	4096.00
1737.00	3916.00
1738.00	4058.00
1739.00	3940.00
1740.00	4031.00
1741.00	4098.00
1742.00	3969.00
1743.00	4208.00
1744.00	4074.00
1745.00	4077.00
1746.00	4271.00
1747.00	4087.00
1748.00	4191.00
1749.00	4220.00
1750.00	4290.00
1751.00	4191.00
1752.00	4216.00
1753.00	4155.00
1754.00	4311.00
1755.00	4220.00
1756.00	4126.00
1757.00	4270.00
1758.00	4341.00
1759.00	4211.00
1760.00	4426.00
1761.00	4197.00
1762.00	4214.00
1763.00	4248.00
1764.00	4358.00
1765.00	4277.00
1766.00	4263.00
1767.00	4361.00
1768.00	4319.00
1769.00	4207.00
1770.00	4354.00
1771.00	4307.00
1772.00	4256.00
1773.00	4401.00
1774.00	4217.00
1775.00	4294.00
1776.00	4269.00
1777.00	4172.00
1778.00	4154.00
1779.00	4339.00
1780.00	3933.00
1781.00	4122.00
1782.00	4236.00
1783.00	4149.00
1784.00	4019.00
1785.00	4031.00
1786.00	3956.00
1787.00	4012.00
1788.00	4026.00
1789.00	3825.00
1790.00	3748.00
1791.00	3931.00
1792.00	3886.00
1793.00	3920.00
1794.00	3838.00
1795.00	3819.00
1796.00	3703.00
1797.00	3631.00
1798.00	3617.00
1799.00	3306.00
1800.00	3523.00
1801.00	3408.00
1802.00	3404.00
1803.00	3420.00
1804.00	3255.00
1805.00	3180.00
1806.00	3268.00
1807.00	3252.00
1808.00	3137.00
1809.00	3131.00
1810.00	3143.00
1811.00	3108.00
1812.00	3067.00
1813.00	2951.00
1814.00	2985.00
1815.00	2939.00
1816.00	3041.00
1817.00	2915.00
1818.00	2887.00
1819.00	2905.00
1820.00	2936.00
1821.00	2807.00
1822.00	2723.00
1823.00	2815.00
1824.00	2720.00
1825.00	2774.00
1826.00	2696.00
1827.00	2645.00
1828.00	2616.00
1829.00	2582.00
1830.00	2600.00
1831.00	2547.00
1832.00	2547.00
1833.00	2539.00
1834.00	2499.00
1835.00	2430.00
1836.00	2472.00
1837.00	2497.00
1838.00	2414.00
1839.00	2383.00
1840.00	2410.00
1841.00	2388.00
1842.00	2383.00
1843.00	2330.00
1844.00	2310.00
1845.00	2270.00
1846.00	2307.00
1847.00	2244.00
1848.00	2241.00
1849.00	2289.00
1850.00	2192.00
1851.00	2231.00
1852.00	2316.00
1853.00	2200.00
1854.00	2153.00
1855.00	2183.00
1856.00	2207.00
1857.00	2080.00
1858.00	2170.00
1859.00	2147.00
1860.00	2146.00
1861.00	2170.00
1862.00	2096.00
1863.00	2108.00
1864.00	2046.00
1865.00	2120.00
1866.00	2073.00
1867.00	2107.00
1868.00	2038.00
1869.00	2102.00
1870.00	2025.00
1871.00	2061.00
1872.00	2027.00
1873.00	2163.00
1874.00	2180.00
1875.00	2189.00
1876.00	2129.00
1877.00	2162.00
1878.00	2198.00
1879.00	2217.00
1880.00	2328.00
1881.00	2363.00
1882.00	2424.00
1883.00	2418.00
1884.00	2399.00
1885.00	2486.00
1886.00	2462.00
1887.00	2608.00
1888.00	2593.00
1889.00	2521.00
1890.00	2622.00
1891.00	2551.00
1892.00	2524.00
1893.00	2464.00
1894.00	2424.00
1895.00	2340.00
1896.00	2385.00
1897.00	2263.00
1898.00	2298.00
1899.00	2175.00
1900.00	2123.00
1901.00	2073.00
1902.00	2103.00
1903.00	1988.00
1904.00	1950.00
1905.00	1957.00
1906.00	1920.00
1907.00	1888.00
1908.00	1866.00
1909.00	1789.00
1910.00	1790.00
1911.00	1767.00
1912.00	1794.00
1913.00	1768.00
1914.00	1763.00
1915.00	1715.00
1916.00	1792.00
1917.00	1679.00
1918.00	1709.00
1919.00	1659.00
1920.00	1706.00
1921.00	1742.00
1922.00	1699.00
1923.00	1657.00
1924.00	1657.00
1925.00	1690.00
1926.00	1647.00
1927.00	1620.00
1928.00	1603.00
1929.00	1588.00
1930.00	1565.00
1931.00	1491.00
1932.00	1577.00
1933.00	1567.00
1934.00	1563.00
1935.00	1561.00
1936.00	1472.00
1937.00	1426.00
1938.00	1465.00
1939.00	1457.00
1940.00	1445.00
1941.00	1445.00
1942.00	1334.00
1943.00	1522.00
1944.00	1355.00
1945.00	1325.00
1946.00	1371.00
1947.00	1307.00
1948.00	1323.00
1949.00	1332.00
1950.00	1330.00
1951.00	1390.00
1952.00	1284.00
1953.00	1373.00
1954.00	1332.00
1955.00	1304.00
1956.00	1296.00
1957.00	1303.00
1958.00	1276.00
1959.00	1273.00
1960.00	1247.00
1961.00	1282.00
1962.00	1305.00
1963.00	1296.00
1964.00	1311.00
1965.00	1258.00
1966.00	1265.00
1967.00	1204.00
1968.00	1199.00
1969.00	1268.00
1970.00	1185.00
1971.00	1220.00
1972.00	1180.00
1973.00	1190.00
1974.00	1294.00
1975.00	1181.00
1976.00	1154.00
1977.00	1146.00
1978.00	1174.00
1979.00	1236.00
1980.00	1095.00
1981.00	1143.00
1982.00	1170.00
1983.00	1125.00
1984.00	1177.00
1985.00	1088.00
1986.00	1096.00
1987.00	1065.00
1988.00	1131.00
1989.00	1064.00
1990.00	1127.00
1991.00	1119.00
1992.00	1097.00
1993.00	1077.00
1994.00	1096.00
1995.00	1115.00
1996.00	1030.00
1997.00	1104.00
1998.00	1021.00
1999.00	1047.00
2000.00	1057.00
2001.00	994.00
2002.00	1040.00
2003.00	1059.00
2004.00	1010.00
2005.00	1001.00
2006.00	1084.00
2007.00	997.00
2008.00	1011.00
2009.00	1022.00
2010.00	1008.00
2011.00	1033.00
2012.00	967.00
2013.00	942.00
2014.00	937.00
2015.00	955.00
2016.00	924.00
2017.00	983.00
2018.00	914.00
2019.00	881.00
2020.00	917.00
2021.00	924.00
2022.00	905.00
2023.00	893.00
2024.00	895.00
2025.00	924.00
2026.00	917.00
2027.00	871.00
2028.00	859.00
2029.00	914.00
2030.00	826.00
2031.00	845.00
2032.00	863.00
2033.00	826.00
2034.00	825.00
2035.00	826.00
2036.00	794.00
2037.00	771.00
2038.00	800.00
2039.00	800.00
2040.00	834.00
2041.00	886.00
2042.00	793.00
2043.00	843.00
2044.00	787.00
2045.00	810.00
2046.00	767.00
2047.00	760.00
2048.00	 0.00
