Date:	2023-09-18		
Time:	19:32		
Sample name:	Pellets		
Position:	130.600011	mm	
Sample surface:	6.227375	cm	
Tube anode:	Mo		
Tube voltage:	30	kV	
Tube current:	50	mA	
Comments	not in position		
Gain	5.810000		
peaking_time	0.300000	m-sec	
trigger_threshold	30.000000	V	
mca_bin_width	2.000000	no:	
number_mca_channels	2048.000000	no:	
gap_time	0.100000	m-sec	
trigger_peaking_time	0.050000	m-sec	
livetime	17.131466	seconds	
runtime	20.000232	seconds	
input_count_rate	123901.248464	cps	
output_count_rate	106129.268900	cps	
triggers	2385582.000000	seconds	
events_in_run	2112025.000000	seconds	
channel	content		
 1.00	 0.00
 2.00	 0.00
 3.00	 0.00
 4.00	 0.00
 5.00	 0.00
 6.00	 0.00
 7.00	 0.00
 8.00	 0.00
 9.00	 0.00
10.00	 0.00
11.00	 0.00
12.00	 0.00
13.00	 0.00
14.00	 0.00
15.00	 0.00
16.00	 0.00
17.00	 0.00
18.00	 0.00
19.00	 0.00
20.00	 0.00
21.00	 0.00
22.00	 0.00
23.00	 0.00
24.00	 0.00
25.00	 0.00
26.00	 0.00
27.00	 0.00
28.00	 0.00
29.00	 0.00
30.00	 0.00
31.00	 1.00
32.00	 2.00
33.00	 2.00
34.00	 4.00
35.00	 6.00
36.00	19.00
37.00	 8.00
38.00	23.00
39.00	33.00
40.00	31.00
41.00	53.00
42.00	61.00
43.00	79.00
44.00	89.00
45.00	118.00
46.00	130.00
47.00	187.00
48.00	176.00
49.00	210.00
50.00	204.00
51.00	235.00
52.00	257.00
53.00	274.00
54.00	305.00
55.00	311.00
56.00	286.00
57.00	320.00
58.00	352.00
59.00	355.00
60.00	327.00
61.00	336.00
62.00	386.00
63.00	351.00
64.00	394.00
65.00	352.00
66.00	367.00
67.00	363.00
68.00	369.00
69.00	401.00
70.00	367.00
71.00	390.00
72.00	373.00
73.00	349.00
74.00	383.00
75.00	396.00
76.00	355.00
77.00	379.00
78.00	360.00
79.00	398.00
80.00	374.00
81.00	361.00
82.00	365.00
83.00	350.00
84.00	374.00
85.00	317.00
86.00	383.00
87.00	347.00
88.00	313.00
89.00	375.00
90.00	359.00
91.00	346.00
92.00	388.00
93.00	302.00
94.00	317.00
95.00	323.00
96.00	332.00
97.00	284.00
98.00	289.00
99.00	300.00
100.00	317.00
101.00	303.00
102.00	304.00
103.00	318.00
104.00	281.00
105.00	308.00
106.00	283.00
107.00	274.00
108.00	282.00
109.00	274.00
110.00	308.00
111.00	271.00
112.00	272.00
113.00	271.00
114.00	288.00
115.00	270.00
116.00	274.00
117.00	315.00
118.00	323.00
119.00	272.00
120.00	277.00
121.00	292.00
122.00	269.00
123.00	248.00
124.00	250.00
125.00	208.00
126.00	230.00
127.00	224.00
128.00	229.00
129.00	234.00
130.00	222.00
131.00	226.00
132.00	220.00
133.00	234.00
134.00	197.00
135.00	255.00
136.00	251.00
137.00	262.00
138.00	381.00
139.00	492.00
140.00	638.00
141.00	764.00
142.00	922.00
143.00	1056.00
144.00	1126.00
145.00	1129.00
146.00	1082.00
147.00	1037.00
148.00	926.00
149.00	833.00
150.00	688.00
151.00	631.00
152.00	585.00
153.00	578.00
154.00	521.00
155.00	478.00
156.00	431.00
157.00	418.00
158.00	423.00
159.00	585.00
160.00	955.00
161.00	1525.00
162.00	2553.00
163.00	4119.00
164.00	6072.00
165.00	8536.00
166.00	11072.00
167.00	13502.00
168.00	15314.00
169.00	15942.00
170.00	15472.00
171.00	13854.00
172.00	11380.00
173.00	8948.00
174.00	6669.00
175.00	4736.00
176.00	3286.00
177.00	2355.00
178.00	1653.00
179.00	1265.00
180.00	1051.00
181.00	831.00
182.00	704.00
183.00	592.00
184.00	569.00
185.00	501.00
186.00	508.00
187.00	544.00
188.00	484.00
189.00	580.00
190.00	561.00
191.00	583.00
192.00	531.00
193.00	517.00
194.00	512.00
195.00	482.00
196.00	452.00
197.00	388.00
198.00	385.00
199.00	342.00
200.00	303.00
201.00	255.00
202.00	281.00
203.00	221.00
204.00	227.00
205.00	186.00
206.00	215.00
207.00	183.00
208.00	201.00
209.00	197.00
210.00	203.00
211.00	164.00
212.00	205.00
213.00	174.00
214.00	206.00
215.00	221.00
216.00	197.00
217.00	222.00
218.00	260.00
219.00	279.00
220.00	283.00
221.00	286.00
222.00	295.00
223.00	264.00
224.00	270.00
225.00	264.00
226.00	251.00
227.00	219.00
228.00	263.00
229.00	201.00
230.00	207.00
231.00	169.00
232.00	185.00
233.00	217.00
234.00	198.00
235.00	174.00
236.00	185.00
237.00	183.00
238.00	177.00
239.00	185.00
240.00	176.00
241.00	186.00
242.00	161.00
243.00	190.00
244.00	175.00
245.00	182.00
246.00	193.00
247.00	197.00
248.00	180.00
249.00	183.00
250.00	203.00
251.00	248.00
252.00	210.00
253.00	265.00
254.00	253.00
255.00	256.00
256.00	221.00
257.00	253.00
258.00	240.00
259.00	251.00
260.00	226.00
261.00	233.00
262.00	241.00
263.00	256.00
264.00	241.00
265.00	276.00
266.00	323.00
267.00	298.00
268.00	324.00
269.00	299.00
270.00	285.00
271.00	334.00
272.00	272.00
273.00	270.00
274.00	266.00
275.00	251.00
276.00	266.00
277.00	313.00
278.00	432.00
279.00	581.00
280.00	735.00
281.00	997.00
282.00	1241.00
283.00	1577.00
284.00	1843.00
285.00	2003.00
286.00	2177.00
287.00	2288.00
288.00	2189.00
289.00	1890.00
290.00	1690.00
291.00	1392.00
292.00	1101.00
293.00	842.00
294.00	662.00
295.00	509.00
296.00	346.00
297.00	320.00
298.00	254.00
299.00	241.00
300.00	262.00
301.00	289.00
302.00	261.00
303.00	310.00
304.00	385.00
305.00	434.00
306.00	499.00
307.00	604.00
308.00	762.00
309.00	1022.00
310.00	1401.00
311.00	2024.00
312.00	2940.00
313.00	4257.00
314.00	6254.00
315.00	8424.00
316.00	11135.00
317.00	14008.00
318.00	16617.00
319.00	19323.00
320.00	20987.00
321.00	21777.00
322.00	21069.00
323.00	19768.00
324.00	17609.00
325.00	14869.00
326.00	11947.00
327.00	9010.00
328.00	6646.00
329.00	4682.00
330.00	3148.00
331.00	2002.00
332.00	1351.00
333.00	918.00
334.00	627.00
335.00	524.00
336.00	509.00
337.00	544.00
338.00	652.00
339.00	870.00
340.00	1065.00
341.00	1409.00
342.00	1707.00
343.00	2275.00
344.00	2813.00
345.00	3358.00
346.00	4214.00
347.00	5205.00
348.00	6334.00
349.00	7933.00
350.00	9795.00
351.00	12060.00
352.00	14839.00
353.00	17936.00
354.00	21168.00
355.00	23452.00
356.00	25708.00
357.00	26814.00
358.00	26770.00
359.00	25493.00
360.00	22861.00
361.00	19837.00
362.00	16428.00
363.00	12844.00
364.00	9911.00
365.00	6995.00
366.00	4900.00
367.00	3330.00
368.00	2067.00
369.00	1438.00
370.00	952.00
371.00	664.00
372.00	535.00
373.00	431.00
374.00	398.00
375.00	405.00
376.00	500.00
377.00	598.00
378.00	689.00
379.00	949.00
380.00	1109.00
381.00	1490.00
382.00	1844.00
383.00	2312.00
384.00	2797.00
385.00	3167.00
386.00	3606.00
387.00	3807.00
388.00	4104.00
389.00	4186.00
390.00	4031.00
391.00	3726.00
392.00	3328.00
393.00	2769.00
394.00	2395.00
395.00	1855.00
396.00	1544.00
397.00	1210.00
398.00	947.00
399.00	779.00
400.00	608.00
401.00	545.00
402.00	457.00
403.00	416.00
404.00	374.00
405.00	318.00
406.00	374.00
407.00	342.00
408.00	346.00
409.00	330.00
410.00	312.00
411.00	359.00
412.00	332.00
413.00	324.00
414.00	387.00
415.00	382.00
416.00	392.00
417.00	433.00
418.00	452.00
419.00	496.00
420.00	639.00
421.00	697.00
422.00	871.00
423.00	1118.00
424.00	1515.00
425.00	2020.00
426.00	2867.00
427.00	3956.00
428.00	5262.00
429.00	6932.00
430.00	8708.00
431.00	10845.00
432.00	12904.00
433.00	14844.00
434.00	16247.00
435.00	17452.00
436.00	17827.00
437.00	17552.00
438.00	16603.00
439.00	15292.00
440.00	13483.00
441.00	11634.00
442.00	9682.00
443.00	8034.00
444.00	6484.00
445.00	5239.00
446.00	4333.00
447.00	3745.00
448.00	3362.00
449.00	2982.00
450.00	2934.00
451.00	2644.00
452.00	2536.00
453.00	2212.00
454.00	2115.00
455.00	1869.00
456.00	1689.00
457.00	1581.00
458.00	1472.00
459.00	1390.00
460.00	1355.00
461.00	1405.00
462.00	1538.00
463.00	1662.00
464.00	1874.00
465.00	2022.00
466.00	2326.00
467.00	2416.00
468.00	2701.00
469.00	2965.00
470.00	3185.00
471.00	3487.00
472.00	3839.00
473.00	4024.00
474.00	4244.00
475.00	4418.00
476.00	4543.00
477.00	4516.00
478.00	4577.00
479.00	4200.00
480.00	3975.00
481.00	3647.00
482.00	3372.00
483.00	2763.00
484.00	2413.00
485.00	2096.00
486.00	1717.00
487.00	1476.00
488.00	1249.00
489.00	1154.00
490.00	996.00
491.00	1026.00
492.00	968.00
493.00	1035.00
494.00	1035.00
495.00	1047.00
496.00	1101.00
497.00	1126.00
498.00	1188.00
499.00	1266.00
500.00	1296.00
501.00	1319.00
502.00	1349.00
503.00	1355.00
504.00	1383.00
505.00	1404.00
506.00	1472.00
507.00	1474.00
508.00	1553.00
509.00	1537.00
510.00	1572.00
511.00	1612.00
512.00	1600.00
513.00	1747.00
514.00	1815.00
515.00	1886.00
516.00	1984.00
517.00	2128.00
518.00	2236.00
519.00	2301.00
520.00	2437.00
521.00	2567.00
522.00	2584.00
523.00	2690.00
524.00	2746.00
525.00	2731.00
526.00	2707.00
527.00	2460.00
528.00	2430.00
529.00	2262.00
530.00	2200.00
531.00	2097.00
532.00	2061.00
533.00	1922.00
534.00	1908.00
535.00	1914.00
536.00	2002.00
537.00	1979.00
538.00	2042.00
539.00	1933.00
540.00	1922.00
541.00	2008.00
542.00	1941.00
543.00	1975.00
544.00	1995.00
545.00	2007.00
546.00	1977.00
547.00	1966.00
548.00	1927.00
549.00	2104.00
550.00	2163.00
551.00	2039.00
552.00	2139.00
553.00	2233.00
554.00	2422.00
555.00	2728.00
556.00	3209.00
557.00	3858.00
558.00	4751.00
559.00	6004.00
560.00	7750.00
561.00	9599.00
562.00	12014.00
563.00	14725.00
564.00	17770.00
565.00	20726.00
566.00	23813.00
567.00	26273.00
568.00	28419.00
569.00	29572.00
570.00	29561.00
571.00	28986.00
572.00	27732.00
573.00	25347.00
574.00	22832.00
575.00	19693.00
576.00	16700.00
577.00	13990.00
578.00	11366.00
579.00	8839.00
580.00	6853.00
581.00	5594.00
582.00	4517.00
583.00	3742.00
584.00	3093.00
585.00	2760.00
586.00	2605.00
587.00	2504.00
588.00	2476.00
589.00	2578.00
590.00	2547.00
591.00	2633.00
592.00	2880.00
593.00	2901.00
594.00	3081.00
595.00	3376.00
596.00	3593.00
597.00	4119.00
598.00	4772.00
599.00	5895.00
600.00	7410.00
601.00	9817.00
602.00	13887.00
603.00	19276.00
604.00	27407.00
605.00	39256.00
606.00	54999.00
607.00	76241.00
608.00	103586.00
609.00	138135.00
610.00	178870.00
611.00	225914.00
612.00	278460.00
613.00	332405.00
614.00	385778.00
615.00	432528.00
616.00	472673.00
617.00	501589.00
618.00	515360.00
619.00	515077.00
620.00	497711.00
621.00	468667.00
622.00	427071.00
623.00	376666.00
624.00	325210.00
625.00	270962.00
626.00	218865.00
627.00	172849.00
628.00	133032.00
629.00	99651.00
630.00	72342.00
631.00	51908.00
632.00	36960.00
633.00	25807.00
634.00	18358.00
635.00	12967.00
636.00	9461.00
637.00	7265.00
638.00	5639.00
639.00	4826.00
640.00	4328.00
641.00	4006.00
642.00	3723.00
643.00	3656.00
644.00	3560.00
645.00	3639.00
646.00	3613.00
647.00	3648.00
648.00	3472.00
649.00	3746.00
650.00	3692.00
651.00	3838.00
652.00	3951.00
653.00	3948.00
654.00	4133.00
655.00	4166.00
656.00	4323.00
657.00	4463.00
658.00	4663.00
659.00	4811.00
660.00	4963.00
661.00	5342.00
662.00	5604.00
663.00	6176.00
664.00	6849.00
665.00	7767.00
666.00	8901.00
667.00	10429.00
668.00	12563.00
669.00	15386.00
670.00	18784.00
671.00	23251.00
672.00	28389.00
673.00	34693.00
674.00	41386.00
675.00	48928.00
676.00	55973.00
677.00	63691.00
678.00	70471.00
679.00	76097.00
680.00	80058.00
681.00	82016.00
682.00	82405.00
683.00	79892.00
684.00	75902.00
685.00	70023.00
686.00	63810.00
687.00	55617.00
688.00	47556.00
689.00	39951.00
690.00	33081.00
691.00	25876.00
692.00	20600.00
693.00	16364.00
694.00	12580.00
695.00	9584.00
696.00	7514.00
697.00	6029.00
698.00	5187.00
699.00	4364.00
700.00	3859.00
701.00	3702.00
702.00	3543.00
703.00	3365.00
704.00	3396.00
705.00	3341.00
706.00	3473.00
707.00	3512.00
708.00	3645.00
709.00	3706.00
710.00	3939.00
711.00	4044.00
712.00	4200.00
713.00	4227.00
714.00	4503.00
715.00	4653.00
716.00	4861.00
717.00	5057.00
718.00	5172.00
719.00	5419.00
720.00	5431.00
721.00	5602.00
722.00	5720.00
723.00	5451.00
724.00	5270.00
725.00	5157.00
726.00	4829.00
727.00	4806.00
728.00	4491.00
729.00	4386.00
730.00	4210.00
731.00	4004.00
732.00	3740.00
733.00	3718.00
734.00	3612.00
735.00	3514.00
736.00	3436.00
737.00	3440.00
738.00	3356.00
739.00	3332.00
740.00	3325.00
741.00	3289.00
742.00	3273.00
743.00	3265.00
744.00	3257.00
745.00	3320.00
746.00	3137.00
747.00	3212.00
748.00	3123.00
749.00	3258.00
750.00	3236.00
751.00	3295.00
752.00	3250.00
753.00	3242.00
754.00	3210.00
755.00	3274.00
756.00	3232.00
757.00	3334.00
758.00	3384.00
759.00	3410.00
760.00	3421.00
761.00	3571.00
762.00	3705.00
763.00	3783.00
764.00	3846.00
765.00	3979.00
766.00	4100.00
767.00	4257.00
768.00	4441.00
769.00	4534.00
770.00	4765.00
771.00	4876.00
772.00	5085.00
773.00	5328.00
774.00	5535.00
775.00	5533.00
776.00	5723.00
777.00	5844.00
778.00	5899.00
779.00	5751.00
780.00	5808.00
781.00	5822.00
782.00	5701.00
783.00	5696.00
784.00	5544.00
785.00	5565.00
786.00	5464.00
787.00	5353.00
788.00	5352.00
789.00	5198.00
790.00	5407.00
791.00	5488.00
792.00	5386.00
793.00	5531.00
794.00	5568.00
795.00	5601.00
796.00	5589.00
797.00	5595.00
798.00	5718.00
799.00	5675.00
800.00	5699.00
801.00	5736.00
802.00	5714.00
803.00	5900.00
804.00	5680.00
805.00	5834.00
806.00	5752.00
807.00	5799.00
808.00	5913.00
809.00	5827.00
810.00	5690.00
811.00	5870.00
812.00	5759.00
813.00	5789.00
814.00	5829.00
815.00	5729.00
816.00	5735.00
817.00	5774.00
818.00	5942.00
819.00	6078.00
820.00	6165.00
821.00	6445.00
822.00	6879.00
823.00	7228.00
824.00	7566.00
825.00	8194.00
826.00	8721.00
827.00	9414.00
828.00	9975.00
829.00	10329.00
830.00	10987.00
831.00	11208.00
832.00	11437.00
833.00	11757.00
834.00	11851.00
835.00	11592.00
836.00	11279.00
837.00	10884.00
838.00	10221.00
839.00	9767.00
840.00	9095.00
841.00	8654.00
842.00	8070.00
843.00	7554.00
844.00	7207.00
845.00	6688.00
846.00	6359.00
847.00	6115.00
848.00	6044.00
849.00	5907.00
850.00	5744.00
851.00	5774.00
852.00	5700.00
853.00	5886.00
854.00	5709.00
855.00	5776.00
856.00	5675.00
857.00	5810.00
858.00	5919.00
859.00	5742.00
860.00	5820.00
861.00	5889.00
862.00	5913.00
863.00	5894.00
864.00	5957.00
865.00	5829.00
866.00	6024.00
867.00	5966.00
868.00	5865.00
869.00	5861.00
870.00	6026.00
871.00	5999.00
872.00	5960.00
873.00	6254.00
874.00	6143.00
875.00	6117.00
876.00	6139.00
877.00	6100.00
878.00	6319.00
879.00	6291.00
880.00	6440.00
881.00	6349.00
882.00	6500.00
883.00	6645.00
884.00	6682.00
885.00	6714.00
886.00	6779.00
887.00	6756.00
888.00	6792.00
889.00	6905.00
890.00	7073.00
891.00	6903.00
892.00	7108.00
893.00	7090.00
894.00	7008.00
895.00	7070.00
896.00	6938.00
897.00	6968.00
898.00	7120.00
899.00	6972.00
900.00	7018.00
901.00	7025.00
902.00	6957.00
903.00	6953.00
904.00	6977.00
905.00	7012.00
906.00	6932.00
907.00	6862.00
908.00	7105.00
909.00	7059.00
910.00	7083.00
911.00	7090.00
912.00	7104.00
913.00	7236.00
914.00	7257.00
915.00	7465.00
916.00	7611.00
917.00	7677.00
918.00	7850.00
919.00	7946.00
920.00	7978.00
921.00	8036.00
922.00	8147.00
923.00	8098.00
924.00	8242.00
925.00	8298.00
926.00	8162.00
927.00	8133.00
928.00	8197.00
929.00	7852.00
930.00	7929.00
931.00	7896.00
932.00	7779.00
933.00	7915.00
934.00	7753.00
935.00	7641.00
936.00	7556.00
937.00	7336.00
938.00	7315.00
939.00	7335.00
940.00	7409.00
941.00	7313.00
942.00	7235.00
943.00	7363.00
944.00	7245.00
945.00	7159.00
946.00	7115.00
947.00	7194.00
948.00	7174.00
949.00	7195.00
950.00	7063.00
951.00	7122.00
952.00	7300.00
953.00	7126.00
954.00	7080.00
955.00	7037.00
956.00	6980.00
957.00	7163.00
958.00	7183.00
959.00	7227.00
960.00	7020.00
961.00	7161.00
962.00	7116.00
963.00	7184.00
964.00	7129.00
965.00	7212.00
966.00	7162.00
967.00	7260.00
968.00	7284.00
969.00	7190.00
970.00	7164.00
971.00	7277.00
972.00	7221.00
973.00	7320.00
974.00	7323.00
975.00	7127.00
976.00	7164.00
977.00	7335.00
978.00	7352.00
979.00	7173.00
980.00	7199.00
981.00	7321.00
982.00	7367.00
983.00	7461.00
984.00	7317.00
985.00	7307.00
986.00	7372.00
987.00	7346.00
988.00	7247.00
989.00	7518.00
990.00	7252.00
991.00	7424.00
992.00	7224.00
993.00	7506.00
994.00	7341.00
995.00	7494.00
996.00	7456.00
997.00	7333.00
998.00	7550.00
999.00	7285.00
1000.00	7368.00
1001.00	7345.00
1002.00	7441.00
1003.00	7441.00
1004.00	7547.00
1005.00	7478.00
1006.00	7635.00
1007.00	7645.00
1008.00	7880.00
1009.00	7817.00
1010.00	7849.00
1011.00	8041.00
1012.00	8078.00
1013.00	7992.00
1014.00	8369.00
1015.00	8249.00
1016.00	8214.00
1017.00	8343.00
1018.00	8118.00
1019.00	8117.00
1020.00	8206.00
1021.00	8096.00
1022.00	7881.00
1023.00	8136.00
1024.00	7920.00
1025.00	7940.00
1026.00	7658.00
1027.00	7702.00
1028.00	7567.00
1029.00	7561.00
1030.00	7500.00
1031.00	7324.00
1032.00	7431.00
1033.00	7360.00
1034.00	7345.00
1035.00	7352.00
1036.00	7408.00
1037.00	7472.00
1038.00	7338.00
1039.00	7368.00
1040.00	7189.00
1041.00	7375.00
1042.00	7341.00
1043.00	7626.00
1044.00	7603.00
1045.00	7438.00
1046.00	7371.00
1047.00	7418.00
1048.00	7649.00
1049.00	7626.00
1050.00	7636.00
1051.00	7612.00
1052.00	7570.00
1053.00	7633.00
1054.00	7466.00
1055.00	7813.00
1056.00	7567.00
1057.00	7517.00
1058.00	7585.00
1059.00	7617.00
1060.00	7695.00
1061.00	7664.00
1062.00	7818.00
1063.00	7585.00
1064.00	7688.00
1065.00	7717.00
1066.00	7801.00
1067.00	7664.00
1068.00	7824.00
1069.00	7744.00
1070.00	7818.00
1071.00	7743.00
1072.00	7616.00
1073.00	7808.00
1074.00	7669.00
1075.00	7778.00
1076.00	7836.00
1077.00	7877.00
1078.00	7924.00
1079.00	7849.00
1080.00	7861.00
1081.00	7907.00
1082.00	7927.00
1083.00	7821.00
1084.00	7961.00
1085.00	7942.00
1086.00	7781.00
1087.00	7918.00
1088.00	7934.00
1089.00	7987.00
1090.00	8058.00
1091.00	7654.00
1092.00	8016.00
1093.00	7866.00
1094.00	7920.00
1095.00	7910.00
1096.00	8005.00
1097.00	8027.00
1098.00	8051.00
1099.00	7816.00
1100.00	8075.00
1101.00	8036.00
1102.00	8015.00
1103.00	7901.00
1104.00	7921.00
1105.00	8098.00
1106.00	8123.00
1107.00	7958.00
1108.00	8021.00
1109.00	8083.00
1110.00	7926.00
1111.00	7975.00
1112.00	8042.00
1113.00	7840.00
1114.00	7858.00
1115.00	7893.00
1116.00	8120.00
1117.00	8166.00
1118.00	7968.00
1119.00	7811.00
1120.00	7837.00
1121.00	8045.00
1122.00	7949.00
1123.00	8047.00
1124.00	8004.00
1125.00	7855.00
1126.00	7929.00
1127.00	8075.00
1128.00	8072.00
1129.00	7913.00
1130.00	8051.00
1131.00	7759.00
1132.00	7945.00
1133.00	8064.00
1134.00	8057.00
1135.00	7851.00
1136.00	8060.00
1137.00	8015.00
1138.00	8051.00
1139.00	8068.00
1140.00	8140.00
1141.00	7916.00
1142.00	8051.00
1143.00	8074.00
1144.00	8089.00
1145.00	8072.00
1146.00	8188.00
1147.00	8185.00
1148.00	8070.00
1149.00	8010.00
1150.00	8164.00
1151.00	7969.00
1152.00	7953.00
1153.00	7965.00
1154.00	8111.00
1155.00	7943.00
1156.00	8010.00
1157.00	8014.00
1158.00	7913.00
1159.00	7950.00
1160.00	8013.00
1161.00	7870.00
1162.00	8039.00
1163.00	7871.00
1164.00	7869.00
1165.00	7823.00
1166.00	7763.00
1167.00	7749.00
1168.00	7786.00
1169.00	7881.00
1170.00	7866.00
1171.00	7911.00
1172.00	7889.00
1173.00	7868.00
1174.00	7816.00
1175.00	7828.00
1176.00	7867.00
1177.00	7925.00
1178.00	7924.00
1179.00	7950.00
1180.00	8041.00
1181.00	8141.00
1182.00	7913.00
1183.00	7877.00
1184.00	7975.00
1185.00	7969.00
1186.00	7929.00
1187.00	7918.00
1188.00	8004.00
1189.00	7873.00
1190.00	8073.00
1191.00	8057.00
1192.00	7915.00
1193.00	7918.00
1194.00	8020.00
1195.00	7933.00
1196.00	7950.00
1197.00	7968.00
1198.00	7925.00
1199.00	7997.00
1200.00	7914.00
1201.00	8000.00
1202.00	7936.00
1203.00	7901.00
1204.00	8177.00
1205.00	8332.00
1206.00	8158.00
1207.00	8197.00
1208.00	8295.00
1209.00	8273.00
1210.00	8321.00
1211.00	8174.00
1212.00	8400.00
1213.00	8445.00
1214.00	8497.00
1215.00	8477.00
1216.00	8545.00
1217.00	8541.00
1218.00	8788.00
1219.00	8709.00
1220.00	8551.00
1221.00	8740.00
1222.00	8679.00
1223.00	8903.00
1224.00	8699.00
1225.00	8928.00
1226.00	8919.00
1227.00	8959.00
1228.00	8969.00
1229.00	8852.00
1230.00	9038.00
1231.00	9099.00
1232.00	9178.00
1233.00	8923.00
1234.00	9153.00
1235.00	9062.00
1236.00	9086.00
1237.00	9051.00
1238.00	9000.00
1239.00	9063.00
1240.00	8820.00
1241.00	8894.00
1242.00	8802.00
1243.00	8652.00
1244.00	8535.00
1245.00	8547.00
1246.00	8508.00
1247.00	8333.00
1248.00	8183.00
1249.00	8222.00
1250.00	8297.00
1251.00	8282.00
1252.00	8263.00
1253.00	8334.00
1254.00	8280.00
1255.00	8075.00
1256.00	7928.00
1257.00	8107.00
1258.00	8086.00
1259.00	8093.00
1260.00	8132.00
1261.00	8063.00
1262.00	8148.00
1263.00	8015.00
1264.00	8190.00
1265.00	8030.00
1266.00	8105.00
1267.00	8083.00
1268.00	8205.00
1269.00	8220.00
1270.00	8183.00
1271.00	8143.00
1272.00	8238.00
1273.00	8254.00
1274.00	8374.00
1275.00	8531.00
1276.00	8465.00
1277.00	8679.00
1278.00	8693.00
1279.00	8746.00
1280.00	8909.00
1281.00	9169.00
1282.00	9123.00
1283.00	9507.00
1284.00	9610.00
1285.00	9554.00
1286.00	9763.00
1287.00	9798.00
1288.00	10042.00
1289.00	10115.00
1290.00	9818.00
1291.00	10160.00
1292.00	10053.00
1293.00	9892.00
1294.00	9965.00
1295.00	9724.00
1296.00	9641.00
1297.00	9448.00
1298.00	9506.00
1299.00	9232.00
1300.00	9189.00
1301.00	9004.00
1302.00	8884.00
1303.00	8718.00
1304.00	8605.00
1305.00	8408.00
1306.00	8417.00
1307.00	8061.00
1308.00	8123.00
1309.00	8101.00
1310.00	8160.00
1311.00	8163.00
1312.00	8040.00
1313.00	7914.00
1314.00	7886.00
1315.00	7890.00
1316.00	7907.00
1317.00	7963.00
1318.00	7850.00
1319.00	7828.00
1320.00	7949.00
1321.00	7810.00
1322.00	7712.00
1323.00	7861.00
1324.00	7964.00
1325.00	7901.00
1326.00	7859.00
1327.00	7644.00
1328.00	7767.00
1329.00	7780.00
1330.00	7766.00
1331.00	7723.00
1332.00	7747.00
1333.00	7759.00
1334.00	7669.00
1335.00	7614.00
1336.00	7802.00
1337.00	7735.00
1338.00	7597.00
1339.00	7598.00
1340.00	7766.00
1341.00	7887.00
1342.00	7871.00
1343.00	7682.00
1344.00	7655.00
1345.00	7831.00
1346.00	8040.00
1347.00	7808.00
1348.00	7859.00
1349.00	7932.00
1350.00	7928.00
1351.00	8127.00
1352.00	8356.00
1353.00	8262.00
1354.00	8481.00
1355.00	8602.00
1356.00	8706.00
1357.00	8709.00
1358.00	8802.00
1359.00	8797.00
1360.00	8932.00
1361.00	8991.00
1362.00	9028.00
1363.00	9313.00
1364.00	8972.00
1365.00	9005.00
1366.00	8956.00
1367.00	9017.00
1368.00	8878.00
1369.00	8801.00
1370.00	8650.00
1371.00	8493.00
1372.00	8145.00
1373.00	8206.00
1374.00	8053.00
1375.00	8082.00
1376.00	7773.00
1377.00	7705.00
1378.00	7713.00
1379.00	7534.00
1380.00	7348.00
1381.00	7307.00
1382.00	7421.00
1383.00	7185.00
1384.00	7115.00
1385.00	7255.00
1386.00	7112.00
1387.00	7122.00
1388.00	7130.00
1389.00	7141.00
1390.00	7080.00
1391.00	7151.00
1392.00	7090.00
1393.00	7038.00
1394.00	6909.00
1395.00	6922.00
1396.00	6989.00
1397.00	6969.00
1398.00	6706.00
1399.00	6733.00
1400.00	6981.00
1401.00	6881.00
1402.00	6838.00
1403.00	6701.00
1404.00	6933.00
1405.00	6800.00
1406.00	6839.00
1407.00	6880.00
1408.00	6795.00
1409.00	6846.00
1410.00	6872.00
1411.00	6754.00
1412.00	6795.00
1413.00	6892.00
1414.00	6891.00
1415.00	6914.00
1416.00	6815.00
1417.00	6705.00
1418.00	6763.00
1419.00	6887.00
1420.00	6801.00
1421.00	6846.00
1422.00	6885.00
1423.00	6731.00
1424.00	6965.00
1425.00	6848.00
1426.00	6953.00
1427.00	6952.00
1428.00	7053.00
1429.00	6985.00
1430.00	6970.00
1431.00	7086.00
1432.00	7120.00
1433.00	7188.00
1434.00	7250.00
1435.00	7316.00
1436.00	7262.00
1437.00	7320.00
1438.00	7276.00
1439.00	7285.00
1440.00	7380.00
1441.00	7504.00
1442.00	7250.00
1443.00	7231.00
1444.00	7218.00
1445.00	7180.00
1446.00	7316.00
1447.00	7354.00
1448.00	7253.00
1449.00	6996.00
1450.00	7076.00
1451.00	6811.00
1452.00	6974.00
1453.00	6777.00
1454.00	6814.00
1455.00	6735.00
1456.00	6794.00
1457.00	6739.00
1458.00	6745.00
1459.00	6640.00
1460.00	6779.00
1461.00	6713.00
1462.00	6506.00
1463.00	6634.00
1464.00	6427.00
1465.00	6563.00
1466.00	6498.00
1467.00	6656.00
1468.00	6531.00
1469.00	6443.00
1470.00	6421.00
1471.00	6543.00
1472.00	6521.00
1473.00	6545.00
1474.00	6387.00
1475.00	6395.00
1476.00	6533.00
1477.00	6296.00
1478.00	6465.00
1479.00	6500.00
1480.00	6428.00
1481.00	6400.00
1482.00	6498.00
1483.00	6392.00
1484.00	6370.00
1485.00	6441.00
1486.00	6369.00
1487.00	6482.00
1488.00	6454.00
1489.00	6335.00
1490.00	6374.00
1491.00	6288.00
1492.00	6358.00
1493.00	6398.00
1494.00	6420.00
1495.00	6480.00
1496.00	6337.00
1497.00	6434.00
1498.00	6462.00
1499.00	6375.00
1500.00	6811.00
1501.00	6694.00
1502.00	6613.00
1503.00	6799.00
1504.00	6749.00
1505.00	6846.00
1506.00	6855.00
1507.00	7112.00
1508.00	6840.00
1509.00	7151.00
1510.00	7131.00
1511.00	7330.00
1512.00	7359.00
1513.00	7609.00
1514.00	7464.00
1515.00	7543.00
1516.00	7668.00
1517.00	7687.00
1518.00	7702.00
1519.00	7709.00
1520.00	7677.00
1521.00	7742.00
1522.00	7780.00
1523.00	7868.00
1524.00	7668.00
1525.00	7640.00
1526.00	7613.00
1527.00	7448.00
1528.00	7483.00
1529.00	7438.00
1530.00	7310.00
1531.00	7309.00
1532.00	7423.00
1533.00	7232.00
1534.00	7201.00
1535.00	7121.00
1536.00	7026.00
1537.00	7080.00
1538.00	7176.00
1539.00	7113.00
1540.00	7180.00
1541.00	7082.00
1542.00	7105.00
1543.00	7051.00
1544.00	7036.00
1545.00	7173.00
1546.00	7317.00
1547.00	7200.00
1548.00	7122.00
1549.00	7322.00
1550.00	7511.00
1551.00	7583.00
1552.00	7434.00
1553.00	7649.00
1554.00	7862.00
1555.00	7828.00
1556.00	7959.00
1557.00	8119.00
1558.00	8189.00
1559.00	8278.00
1560.00	8320.00
1561.00	8235.00
1562.00	8540.00
1563.00	8763.00
1564.00	8799.00
1565.00	9051.00
1566.00	9202.00
1567.00	9225.00
1568.00	9524.00
1569.00	9503.00
1570.00	9810.00
1571.00	9799.00
1572.00	9942.00
1573.00	10174.00
1574.00	10376.00
1575.00	10249.00
1576.00	10649.00
1577.00	10582.00
1578.00	10659.00
1579.00	10778.00
1580.00	10950.00
1581.00	10861.00
1582.00	11197.00
1583.00	11168.00
1584.00	11149.00
1585.00	11339.00
1586.00	11295.00
1587.00	11452.00
1588.00	11286.00
1589.00	11389.00
1590.00	11262.00
1591.00	11427.00
1592.00	11186.00
1593.00	11097.00
1594.00	11033.00
1595.00	11069.00
1596.00	11179.00
1597.00	10828.00
1598.00	10684.00
1599.00	10648.00
1600.00	10479.00
1601.00	10623.00
1602.00	10436.00
1603.00	10379.00
1604.00	10197.00
1605.00	10081.00
1606.00	9710.00
1607.00	9809.00
1608.00	9568.00
1609.00	9202.00
1610.00	9086.00
1611.00	9065.00
1612.00	8859.00
1613.00	8563.00
1614.00	8579.00
1615.00	8502.00
1616.00	8353.00
1617.00	8033.00
1618.00	7960.00
1619.00	7859.00
1620.00	7746.00
1621.00	7470.00
1622.00	7498.00
1623.00	7347.00
1624.00	7123.00
1625.00	6938.00
1626.00	6818.00
1627.00	6823.00
1628.00	6544.00
1629.00	6587.00
1630.00	6458.00
1631.00	6448.00
1632.00	6441.00
1633.00	6316.00
1634.00	6292.00
1635.00	5905.00
1636.00	5926.00
1637.00	6060.00
1638.00	5903.00
1639.00	5774.00
1640.00	5809.00
1641.00	5646.00
1642.00	5753.00
1643.00	5630.00
1644.00	5549.00
1645.00	5531.00
1646.00	5486.00
1647.00	5449.00
1648.00	5261.00
1649.00	5488.00
1650.00	5217.00
1651.00	5284.00
1652.00	5393.00
1653.00	5254.00
1654.00	5190.00
1655.00	5387.00
1656.00	5349.00
1657.00	5359.00
1658.00	5367.00
1659.00	5513.00
1660.00	5740.00
1661.00	5560.00
1662.00	5741.00
1663.00	5876.00
1664.00	6113.00
1665.00	6241.00
1666.00	6366.00
1667.00	6484.00
1668.00	7025.00
1669.00	7037.00
1670.00	7354.00
1671.00	7700.00
1672.00	7864.00
1673.00	8234.00
1674.00	8337.00
1675.00	8708.00
1676.00	8930.00
1677.00	9066.00
1678.00	9106.00
1679.00	9326.00
1680.00	9448.00
1681.00	9609.00
1682.00	9541.00
1683.00	9489.00
1684.00	9699.00
1685.00	9402.00
1686.00	9377.00
1687.00	9087.00
1688.00	8821.00
1689.00	8721.00
1690.00	8334.00
1691.00	7923.00
1692.00	7733.00
1693.00	7323.00
1694.00	6944.00
1695.00	6748.00
1696.00	6473.00
1697.00	6167.00
1698.00	5966.00
1699.00	5566.00
1700.00	5308.00
1701.00	5296.00
1702.00	5056.00
1703.00	4901.00
1704.00	4884.00
1705.00	4626.00
1706.00	4702.00
1707.00	4605.00
1708.00	4452.00
1709.00	4452.00
1710.00	4359.00
1711.00	4382.00
1712.00	4344.00
1713.00	4240.00
1714.00	4071.00
1715.00	4249.00
1716.00	4237.00
1717.00	4102.00
1718.00	4203.00
1719.00	4070.00
1720.00	4131.00
1721.00	4090.00
1722.00	4037.00
1723.00	4081.00
1724.00	4047.00
1725.00	4002.00
1726.00	4166.00
1727.00	4138.00
1728.00	4055.00
1729.00	4029.00
1730.00	4109.00
1731.00	4087.00
1732.00	4001.00
1733.00	4140.00
1734.00	4187.00
1735.00	4081.00
1736.00	4096.00
1737.00	4047.00
1738.00	4069.00
1739.00	4100.00
1740.00	4070.00
1741.00	4075.00
1742.00	4098.00
1743.00	3885.00
1744.00	4117.00
1745.00	4206.00
1746.00	4108.00
1747.00	4045.00
1748.00	4173.00
1749.00	4252.00
1750.00	4120.00
1751.00	4181.00
1752.00	4192.00
1753.00	4133.00
1754.00	4259.00
1755.00	4181.00
1756.00	4127.00
1757.00	4270.00
1758.00	4332.00
1759.00	4321.00
1760.00	4170.00
1761.00	4175.00
1762.00	4178.00
1763.00	4270.00
1764.00	4230.00
1765.00	4265.00
1766.00	4339.00
1767.00	4303.00
1768.00	4278.00
1769.00	4252.00
1770.00	4306.00
1771.00	4250.00
1772.00	4276.00
1773.00	4210.00
1774.00	4355.00
1775.00	4206.00
1776.00	4204.00
1777.00	4191.00
1778.00	4218.00
1779.00	4186.00
1780.00	4078.00
1781.00	4078.00
1782.00	4091.00
1783.00	4051.00
1784.00	4005.00
1785.00	4163.00
1786.00	3955.00
1787.00	3928.00
1788.00	3991.00
1789.00	3970.00
1790.00	3734.00
1791.00	3798.00
1792.00	3851.00
1793.00	3779.00
1794.00	3758.00
1795.00	3613.00
1796.00	3655.00
1797.00	3745.00
1798.00	3601.00
1799.00	3482.00
1800.00	3419.00
1801.00	3423.00
1802.00	3434.00
1803.00	3457.00
1804.00	3268.00
1805.00	3254.00
1806.00	3297.00
1807.00	3227.00
1808.00	3166.00
1809.00	3121.00
1810.00	3131.00
1811.00	3102.00
1812.00	3062.00
1813.00	3117.00
1814.00	3037.00
1815.00	2982.00
1816.00	2932.00
1817.00	3005.00
1818.00	2907.00
1819.00	2833.00
1820.00	2826.00
1821.00	2853.00
1822.00	2750.00
1823.00	2741.00
1824.00	2736.00
1825.00	2639.00
1826.00	2718.00
1827.00	2703.00
1828.00	2571.00
1829.00	2693.00
1830.00	2637.00
1831.00	2536.00
1832.00	2631.00
1833.00	2550.00
1834.00	2485.00
1835.00	2530.00
1836.00	2526.00
1837.00	2437.00
1838.00	2448.00
1839.00	2335.00
1840.00	2388.00
1841.00	2402.00
1842.00	2403.00
1843.00	2387.00
1844.00	2380.00
1845.00	2310.00
1846.00	2230.00
1847.00	2239.00
1848.00	2320.00
1849.00	2266.00
1850.00	2233.00
1851.00	2262.00
1852.00	2253.00
1853.00	2225.00
1854.00	2171.00
1855.00	2212.00
1856.00	2244.00
1857.00	2187.00
1858.00	2216.00
1859.00	2064.00
1860.00	2161.00
1861.00	2003.00
1862.00	2172.00
1863.00	2143.00
1864.00	2149.00
1865.00	2103.00
1866.00	2184.00
1867.00	2143.00
1868.00	2058.00
1869.00	2042.00
1870.00	2149.00
1871.00	2189.00
1872.00	2113.00
1873.00	2076.00
1874.00	2225.00
1875.00	2186.00
1876.00	2251.00
1877.00	2223.00
1878.00	2233.00
1879.00	2244.00
1880.00	2343.00
1881.00	2382.00
1882.00	2406.00
1883.00	2407.00
1884.00	2457.00
1885.00	2451.00
1886.00	2522.00
1887.00	2496.00
1888.00	2528.00
1889.00	2515.00
1890.00	2565.00
1891.00	2575.00
1892.00	2625.00
1893.00	2502.00
1894.00	2499.00
1895.00	2470.00
1896.00	2264.00
1897.00	2277.00
1898.00	2247.00
1899.00	2246.00
1900.00	2148.00
1901.00	2134.00
1902.00	2084.00
1903.00	1938.00
1904.00	1951.00
1905.00	1970.00
1906.00	1868.00
1907.00	1857.00
1908.00	1842.00
1909.00	1835.00
1910.00	1736.00
1911.00	1858.00
1912.00	1758.00
1913.00	1815.00
1914.00	1818.00
1915.00	1714.00
1916.00	1724.00
1917.00	1733.00
1918.00	1772.00
1919.00	1706.00
1920.00	1632.00
1921.00	1725.00
1922.00	1710.00
1923.00	1749.00
1924.00	1720.00
1925.00	1682.00
1926.00	1700.00
1927.00	1743.00
1928.00	1670.00
1929.00	1594.00
1930.00	1587.00
1931.00	1601.00
1932.00	1447.00
1933.00	1489.00
1934.00	1566.00
1935.00	1501.00
1936.00	1492.00
1937.00	1489.00
1938.00	1506.00
1939.00	1453.00
1940.00	1357.00
1941.00	1395.00
1942.00	1408.00
1943.00	1453.00
1944.00	1383.00
1945.00	1423.00
1946.00	1383.00
1947.00	1375.00
1948.00	1409.00
1949.00	1330.00
1950.00	1320.00
1951.00	1371.00
1952.00	1338.00
1953.00	1329.00
1954.00	1354.00
1955.00	1282.00
1956.00	1335.00
1957.00	1336.00
1958.00	1318.00
1959.00	1348.00
1960.00	1210.00
1961.00	1308.00
1962.00	1264.00
1963.00	1258.00
1964.00	1280.00
1965.00	1316.00
1966.00	1175.00
1967.00	1281.00
1968.00	1207.00
1969.00	1284.00
1970.00	1200.00
1971.00	1222.00
1972.00	1232.00
1973.00	1198.00
1974.00	1235.00
1975.00	1229.00
1976.00	1259.00
1977.00	1208.00
1978.00	1167.00
1979.00	1191.00
1980.00	1216.00
1981.00	1156.00
1982.00	1095.00
1983.00	1103.00
1984.00	1161.00
1985.00	1091.00
1986.00	1111.00
1987.00	1118.00
1988.00	1186.00
1989.00	1112.00
1990.00	1148.00
1991.00	1065.00
1992.00	1052.00
1993.00	1110.00
1994.00	1077.00
1995.00	1148.00
1996.00	1136.00
1997.00	1045.00
1998.00	1082.00
1999.00	1111.00
2000.00	1094.00
2001.00	1105.00
2002.00	1058.00
2003.00	1031.00
2004.00	986.00
2005.00	956.00
2006.00	1030.00
2007.00	919.00
2008.00	1075.00
2009.00	997.00
2010.00	1038.00
2011.00	1015.00
2012.00	964.00
2013.00	995.00
2014.00	988.00
2015.00	941.00
2016.00	938.00
2017.00	952.00
2018.00	927.00
2019.00	959.00
2020.00	908.00
2021.00	940.00
2022.00	875.00
2023.00	948.00
2024.00	956.00
2025.00	895.00
2026.00	932.00
2027.00	924.00
2028.00	908.00
2029.00	892.00
2030.00	867.00
2031.00	863.00
2032.00	906.00
2033.00	846.00
2034.00	842.00
2035.00	880.00
2036.00	870.00
2037.00	856.00
2038.00	778.00
2039.00	798.00
2040.00	839.00
2041.00	831.00
2042.00	780.00
2043.00	810.00
2044.00	806.00
2045.00	748.00
2046.00	830.00
2047.00	798.00
2048.00	 0.00
