Date:	2023-09-20		
Time:	17:47		
Sample name:	Pellets		
Position:	93.600011	mm	
Sample surface:	5.914145	cm	
Tube anode:	Mo		
Tube voltage:	30	kV	
Tube current:	50	mA	
Comments	not in position		
Gain	5.810000		
peaking_time	0.300000	m-sec	
trigger_threshold	30.000000	V	
mca_bin_width	2.000000	no:	
number_mca_channels	2048.000000	no:	
gap_time	0.100000	m-sec	
trigger_peaking_time	0.050000	m-sec	
livetime	17.454120	seconds	
runtime	20.000371	seconds	
input_count_rate	112867.449893	cps	
output_count_rate	98498.270395	cps	
triggers	2186460.000000	seconds	
events_in_run	1962316.000000	seconds	
channel	content		
 1.00	 0.00
 2.00	 0.00
 3.00	 0.00
 4.00	 0.00
 5.00	 0.00
 6.00	 0.00
 7.00	 0.00
 8.00	 0.00
 9.00	 0.00
10.00	 0.00
11.00	 0.00
12.00	 0.00
13.00	 0.00
14.00	 0.00
15.00	 0.00
16.00	 0.00
17.00	 0.00
18.00	 0.00
19.00	 0.00
20.00	 0.00
21.00	 0.00
22.00	 0.00
23.00	 0.00
24.00	 0.00
25.00	 0.00
26.00	 0.00
27.00	 0.00
28.00	 0.00
29.00	 0.00
30.00	 0.00
31.00	 2.00
32.00	 0.00
33.00	 1.00
34.00	 1.00
35.00	 8.00
36.00	10.00
37.00	11.00
38.00	16.00
39.00	29.00
40.00	39.00
41.00	55.00
42.00	53.00
43.00	66.00
44.00	86.00
45.00	110.00
46.00	124.00
47.00	153.00
48.00	153.00
49.00	176.00
50.00	227.00
51.00	209.00
52.00	234.00
53.00	233.00
54.00	251.00
55.00	279.00
56.00	259.00
57.00	281.00
58.00	264.00
59.00	321.00
60.00	330.00
61.00	326.00
62.00	317.00
63.00	338.00
64.00	325.00
65.00	340.00
66.00	337.00
67.00	310.00
68.00	319.00
69.00	337.00
70.00	288.00
71.00	297.00
72.00	361.00
73.00	295.00
74.00	318.00
75.00	339.00
76.00	309.00
77.00	339.00
78.00	347.00
79.00	322.00
80.00	334.00
81.00	310.00
82.00	314.00
83.00	342.00
84.00	330.00
85.00	319.00
86.00	313.00
87.00	348.00
88.00	300.00
89.00	315.00
90.00	327.00
91.00	334.00
92.00	297.00
93.00	312.00
94.00	309.00
95.00	278.00
96.00	322.00
97.00	278.00
98.00	306.00
99.00	284.00
100.00	297.00
101.00	246.00
102.00	297.00
103.00	293.00
104.00	271.00
105.00	292.00
106.00	277.00
107.00	271.00
108.00	262.00
109.00	252.00
110.00	310.00
111.00	263.00
112.00	262.00
113.00	234.00
114.00	260.00
115.00	269.00
116.00	277.00
117.00	272.00
118.00	247.00
119.00	280.00
120.00	275.00
121.00	264.00
122.00	247.00
123.00	294.00
124.00	277.00
125.00	242.00
126.00	228.00
127.00	223.00
128.00	210.00
129.00	211.00
130.00	223.00
131.00	205.00
132.00	220.00
133.00	224.00
134.00	231.00
135.00	209.00
136.00	254.00
137.00	295.00
138.00	379.00
139.00	478.00
140.00	596.00
141.00	701.00
142.00	883.00
143.00	1056.00
144.00	1053.00
145.00	1061.00
146.00	1031.00
147.00	943.00
148.00	853.00
149.00	732.00
150.00	671.00
151.00	614.00
152.00	606.00
153.00	569.00
154.00	493.00
155.00	445.00
156.00	441.00
157.00	390.00
158.00	368.00
159.00	486.00
160.00	673.00
161.00	1106.00
162.00	1685.00
163.00	2601.00
164.00	3971.00
165.00	5627.00
166.00	7311.00
167.00	8749.00
168.00	9803.00
169.00	10154.00
170.00	10056.00
171.00	8857.00
172.00	7423.00
173.00	5896.00
174.00	4280.00
175.00	3224.00
176.00	2274.00
177.00	1739.00
178.00	1334.00
179.00	1162.00
180.00	1109.00
181.00	1108.00
182.00	1231.00
183.00	1497.00
184.00	1882.00
185.00	2334.00
186.00	2781.00
187.00	3267.00
188.00	3481.00
189.00	3687.00
190.00	3429.00
191.00	3237.00
192.00	2845.00
193.00	2285.00
194.00	1703.00
195.00	1220.00
196.00	906.00
197.00	636.00
198.00	476.00
199.00	405.00
200.00	287.00
201.00	324.00
202.00	257.00
203.00	259.00
204.00	255.00
205.00	275.00
206.00	271.00
207.00	265.00
208.00	272.00
209.00	298.00
210.00	270.00
211.00	291.00
212.00	312.00
213.00	339.00
214.00	424.00
215.00	452.00
216.00	510.00
217.00	554.00
218.00	645.00
219.00	668.00
220.00	730.00
221.00	705.00
222.00	697.00
223.00	611.00
224.00	536.00
225.00	442.00
226.00	441.00
227.00	370.00
228.00	341.00
229.00	302.00
230.00	259.00
231.00	254.00
232.00	239.00
233.00	235.00
234.00	222.00
235.00	244.00
236.00	221.00
237.00	270.00
238.00	229.00
239.00	229.00
240.00	246.00
241.00	219.00
242.00	236.00
243.00	256.00
244.00	282.00
245.00	207.00
246.00	228.00
247.00	238.00
248.00	231.00
249.00	226.00
250.00	247.00
251.00	215.00
252.00	226.00
253.00	236.00
254.00	243.00
255.00	260.00
256.00	261.00
257.00	254.00
258.00	261.00
259.00	270.00
260.00	273.00
261.00	275.00
262.00	255.00
263.00	269.00
264.00	313.00
265.00	308.00
266.00	323.00
267.00	345.00
268.00	360.00
269.00	326.00
270.00	321.00
271.00	332.00
272.00	363.00
273.00	318.00
274.00	308.00
275.00	366.00
276.00	356.00
277.00	459.00
278.00	544.00
279.00	650.00
280.00	901.00
281.00	1124.00
282.00	1401.00
283.00	1701.00
284.00	2032.00
285.00	2319.00
286.00	2450.00
287.00	2401.00
288.00	2312.00
289.00	2147.00
290.00	1954.00
291.00	1656.00
292.00	1340.00
293.00	1037.00
294.00	861.00
295.00	677.00
296.00	537.00
297.00	479.00
298.00	432.00
299.00	423.00
300.00	420.00
301.00	467.00
302.00	500.00
303.00	565.00
304.00	606.00
305.00	657.00
306.00	747.00
307.00	849.00
308.00	1050.00
309.00	1219.00
310.00	1652.00
311.00	2106.00
312.00	3123.00
313.00	4324.00
314.00	6168.00
315.00	8289.00
316.00	10897.00
317.00	13657.00
318.00	16510.00
319.00	18656.00
320.00	20508.00
321.00	21093.00
322.00	20904.00
323.00	19204.00
324.00	17194.00
325.00	14579.00
326.00	11593.00
327.00	8649.00
328.00	6647.00
329.00	4724.00
330.00	3218.00
331.00	2189.00
332.00	1490.00
333.00	1188.00
334.00	958.00
335.00	876.00
336.00	950.00
337.00	1114.00
338.00	1226.00
339.00	1704.00
340.00	2086.00
341.00	2833.00
342.00	3794.00
343.00	5267.00
344.00	7700.00
345.00	11318.00
346.00	17411.00
347.00	25878.00
348.00	38784.00
349.00	57167.00
350.00	80710.00
351.00	110316.00
352.00	145842.00
353.00	184859.00
354.00	222612.00
355.00	256305.00
356.00	282823.00
357.00	296432.00
358.00	295147.00
359.00	283337.00
360.00	256336.00
361.00	223944.00
362.00	184776.00
363.00	146091.00
364.00	109544.00
365.00	79659.00
366.00	54439.00
367.00	36029.00
368.00	23129.00
369.00	14150.00
370.00	8847.00
371.00	5296.00
372.00	3707.00
373.00	2830.00
374.00	2593.00
375.00	2669.00
376.00	3327.00
377.00	4243.00
378.00	5633.00
379.00	7648.00
380.00	10443.00
381.00	14143.00
382.00	18165.00
383.00	23067.00
384.00	28712.00
385.00	33873.00
386.00	38705.00
387.00	42066.00
388.00	44091.00
389.00	44643.00
390.00	42503.00
391.00	39257.00
392.00	34890.00
393.00	29457.00
394.00	23706.00
395.00	18487.00
396.00	13802.00
397.00	9801.00
398.00	6791.00
399.00	4645.00
400.00	3116.00
401.00	1937.00
402.00	1295.00
403.00	846.00
404.00	594.00
405.00	472.00
406.00	361.00
407.00	300.00
408.00	306.00
409.00	305.00
410.00	287.00
411.00	314.00
412.00	293.00
413.00	317.00
414.00	313.00
415.00	306.00
416.00	315.00
417.00	339.00
418.00	341.00
419.00	366.00
420.00	408.00
421.00	512.00
422.00	534.00
423.00	746.00
424.00	886.00
425.00	1269.00
426.00	1857.00
427.00	2312.00
428.00	3122.00
429.00	4163.00
430.00	5312.00
431.00	6590.00
432.00	7954.00
433.00	9265.00
434.00	10192.00
435.00	11112.00
436.00	11162.00
437.00	11297.00
438.00	10641.00
439.00	9939.00
440.00	8707.00
441.00	7484.00
442.00	6154.00
443.00	5245.00
444.00	4288.00
445.00	3494.00
446.00	2886.00
447.00	2414.00
448.00	2242.00
449.00	2094.00
450.00	1868.00
451.00	1796.00
452.00	1751.00
453.00	1487.00
454.00	1411.00
455.00	1230.00
456.00	1124.00
457.00	978.00
458.00	963.00
459.00	836.00
460.00	795.00
461.00	786.00
462.00	883.00
463.00	900.00
464.00	968.00
465.00	1040.00
466.00	1212.00
467.00	1286.00
468.00	1469.00
469.00	1594.00
470.00	1728.00
471.00	2012.00
472.00	2193.00
473.00	2477.00
474.00	2688.00
475.00	2831.00
476.00	2925.00
477.00	2904.00
478.00	2907.00
479.00	2662.00
480.00	2645.00
481.00	2356.00
482.00	2199.00
483.00	1925.00
484.00	1563.00
485.00	1340.00
486.00	1220.00
487.00	980.00
488.00	868.00
489.00	792.00
490.00	750.00
491.00	650.00
492.00	622.00
493.00	668.00
494.00	707.00
495.00	702.00
496.00	670.00
497.00	761.00
498.00	776.00
499.00	774.00
500.00	836.00
501.00	870.00
502.00	834.00
503.00	866.00
504.00	902.00
505.00	918.00
506.00	896.00
507.00	943.00
508.00	944.00
509.00	1046.00
510.00	1134.00
511.00	1062.00
512.00	1069.00
513.00	1206.00
514.00	1211.00
515.00	1255.00
516.00	1261.00
517.00	1278.00
518.00	1423.00
519.00	1489.00
520.00	1539.00
521.00	1616.00
522.00	1713.00
523.00	1680.00
524.00	1709.00
525.00	1614.00
526.00	1666.00
527.00	1586.00
528.00	1481.00
529.00	1442.00
530.00	1441.00
531.00	1358.00
532.00	1257.00
533.00	1286.00
534.00	1223.00
535.00	1315.00
536.00	1217.00
537.00	1178.00
538.00	1188.00
539.00	1184.00
540.00	1148.00
541.00	1347.00
542.00	1241.00
543.00	1195.00
544.00	1258.00
545.00	1276.00
546.00	1351.00
547.00	1319.00
548.00	1286.00
549.00	1362.00
550.00	1397.00
551.00	1430.00
552.00	1481.00
553.00	1612.00
554.00	1699.00
555.00	1866.00
556.00	2202.00
557.00	2696.00
558.00	3242.00
559.00	4106.00
560.00	5104.00
561.00	6549.00
562.00	8210.00
563.00	10002.00
564.00	12012.00
565.00	14082.00
566.00	15870.00
567.00	17598.00
568.00	18998.00
569.00	19664.00
570.00	20051.00
571.00	19635.00
572.00	18823.00
573.00	17419.00
574.00	15442.00
575.00	13346.00
576.00	11266.00
577.00	9231.00
578.00	7776.00
579.00	5949.00
580.00	4768.00
581.00	3877.00
582.00	2995.00
583.00	2373.00
584.00	2067.00
585.00	1873.00
586.00	1696.00
587.00	1621.00
588.00	1674.00
589.00	1673.00
590.00	1649.00
591.00	1738.00
592.00	1782.00
593.00	1995.00
594.00	1991.00
595.00	2278.00
596.00	2355.00
597.00	2725.00
598.00	3056.00
599.00	3722.00
600.00	4750.00
601.00	6128.00
602.00	8532.00
603.00	12175.00
604.00	17177.00
605.00	24499.00
606.00	34356.00
607.00	47377.00
608.00	64852.00
609.00	85838.00
610.00	112439.00
611.00	141734.00
612.00	173480.00
613.00	207257.00
614.00	240979.00
615.00	271142.00
616.00	297011.00
617.00	315214.00
618.00	324724.00
619.00	326344.00
620.00	313074.00
621.00	296054.00
622.00	270511.00
623.00	238139.00
624.00	206615.00
625.00	172402.00
626.00	140172.00
627.00	110370.00
628.00	84859.00
629.00	63764.00
630.00	46824.00
631.00	34171.00
632.00	24156.00
633.00	17107.00
634.00	12042.00
635.00	8769.00
636.00	6685.00
637.00	5110.00
638.00	4042.00
639.00	3481.00
640.00	3163.00
641.00	3022.00
642.00	2831.00
643.00	2641.00
644.00	2654.00
645.00	2726.00
646.00	2586.00
647.00	2535.00
648.00	2588.00
649.00	2638.00
650.00	2737.00
651.00	2773.00
652.00	2824.00
653.00	2814.00
654.00	3040.00
655.00	3003.00
656.00	3014.00
657.00	3190.00
658.00	3297.00
659.00	3317.00
660.00	3519.00
661.00	3822.00
662.00	4030.00
663.00	4210.00
664.00	4785.00
665.00	5333.00
666.00	5930.00
667.00	6897.00
668.00	8302.00
669.00	9944.00
670.00	12027.00
671.00	14872.00
672.00	18202.00
673.00	21929.00
674.00	26247.00
675.00	30811.00
676.00	35770.00
677.00	40402.00
678.00	44281.00
679.00	47686.00
680.00	50246.00
681.00	51694.00
682.00	52225.00
683.00	50554.00
684.00	48297.00
685.00	44736.00
686.00	40245.00
687.00	35673.00
688.00	30734.00
689.00	25375.00
690.00	21057.00
691.00	16970.00
692.00	13528.00
693.00	10708.00
694.00	8383.00
695.00	6639.00
696.00	5354.00
697.00	4383.00
698.00	3693.00
699.00	3317.00
700.00	2943.00
701.00	2924.00
702.00	2724.00
703.00	2748.00
704.00	2712.00
705.00	2745.00
706.00	2734.00
707.00	2828.00
708.00	2860.00
709.00	2945.00
710.00	3011.00
711.00	3272.00
712.00	3306.00
713.00	3436.00
714.00	3668.00
715.00	3725.00
716.00	3877.00
717.00	3898.00
718.00	4136.00
719.00	4233.00
720.00	4288.00
721.00	4238.00
722.00	4199.00
723.00	4218.00
724.00	4053.00
725.00	3869.00
726.00	3856.00
727.00	3691.00
728.00	3529.00
729.00	3458.00
730.00	3245.00
731.00	3119.00
732.00	3144.00
733.00	2925.00
734.00	2866.00
735.00	2800.00
736.00	2701.00
737.00	2686.00
738.00	2628.00
739.00	2707.00
740.00	2525.00
741.00	2633.00
742.00	2619.00
743.00	2616.00
744.00	2646.00
745.00	2567.00
746.00	2614.00
747.00	2693.00
748.00	2577.00
749.00	2601.00
750.00	2594.00
751.00	2649.00
752.00	2621.00
753.00	2672.00
754.00	2776.00
755.00	2642.00
756.00	2619.00
757.00	2693.00
758.00	2837.00
759.00	2803.00
760.00	2791.00
761.00	2799.00
762.00	2902.00
763.00	2912.00
764.00	2896.00
765.00	3029.00
766.00	3267.00
767.00	3263.00
768.00	3287.00
769.00	3367.00
770.00	3504.00
771.00	3662.00
772.00	3715.00
773.00	3870.00
774.00	3983.00
775.00	4013.00
776.00	4025.00
777.00	4168.00
778.00	4102.00
779.00	4291.00
780.00	4153.00
781.00	4109.00
782.00	4066.00
783.00	4056.00
784.00	4135.00
785.00	4020.00
786.00	4016.00
787.00	3951.00
788.00	3948.00
789.00	4035.00
790.00	4011.00
791.00	3976.00
792.00	3978.00
793.00	4180.00
794.00	4114.00
795.00	4210.00
796.00	4205.00
797.00	4286.00
798.00	4259.00
799.00	4370.00
800.00	4357.00
801.00	4358.00
802.00	4364.00
803.00	4499.00
804.00	4501.00
805.00	4605.00
806.00	4642.00
807.00	4635.00
808.00	4494.00
809.00	4604.00
810.00	4682.00
811.00	4566.00
812.00	4505.00
813.00	4590.00
814.00	4589.00
815.00	4537.00
816.00	4509.00
817.00	4547.00
818.00	4572.00
819.00	4574.00
820.00	4713.00
821.00	4741.00
822.00	4734.00
823.00	5054.00
824.00	4986.00
825.00	5291.00
826.00	5447.00
827.00	5715.00
828.00	5900.00
829.00	6046.00
830.00	6105.00
831.00	6262.00
832.00	6450.00
833.00	6365.00
834.00	6579.00
835.00	6534.00
836.00	6347.00
837.00	6129.00
838.00	6006.00
839.00	5734.00
840.00	5668.00
841.00	5418.00
842.00	5278.00
843.00	5124.00
844.00	4952.00
845.00	4771.00
846.00	4743.00
847.00	4764.00
848.00	4687.00
849.00	4576.00
850.00	4518.00
851.00	4641.00
852.00	4644.00
853.00	4726.00
854.00	4534.00
855.00	4626.00
856.00	4640.00
857.00	4701.00
858.00	4555.00
859.00	4638.00
860.00	4678.00
861.00	4624.00
862.00	4535.00
863.00	4643.00
864.00	4615.00
865.00	4495.00
866.00	4480.00
867.00	4570.00
868.00	4600.00
869.00	4491.00
870.00	4543.00
871.00	4489.00
872.00	4536.00
873.00	4676.00
874.00	4565.00
875.00	4620.00
876.00	4531.00
877.00	4668.00
878.00	4756.00
879.00	4717.00
880.00	4849.00
881.00	4849.00
882.00	4952.00
883.00	4744.00
884.00	4904.00
885.00	4850.00
886.00	5038.00
887.00	5047.00
888.00	5187.00
889.00	4995.00
890.00	5268.00
891.00	5276.00
892.00	5264.00
893.00	5182.00
894.00	5267.00
895.00	5341.00
896.00	5241.00
897.00	5242.00
898.00	5301.00
899.00	5179.00
900.00	5304.00
901.00	5234.00
902.00	5360.00
903.00	5257.00
904.00	5200.00
905.00	5287.00
906.00	5388.00
907.00	5286.00
908.00	5323.00
909.00	5366.00
910.00	5346.00
911.00	5404.00
912.00	5347.00
913.00	5370.00
914.00	5457.00
915.00	5556.00
916.00	5638.00
917.00	5648.00
918.00	5679.00
919.00	5666.00
920.00	5848.00
921.00	5902.00
922.00	5858.00
923.00	5862.00
924.00	5954.00
925.00	5915.00
926.00	5873.00
927.00	5963.00
928.00	5890.00
929.00	5977.00
930.00	5906.00
931.00	5957.00
932.00	5809.00
933.00	5893.00
934.00	5805.00
935.00	5834.00
936.00	5900.00
937.00	5711.00
938.00	5792.00
939.00	5730.00
940.00	5582.00
941.00	5679.00
942.00	5746.00
943.00	5645.00
944.00	5772.00
945.00	5733.00
946.00	5699.00
947.00	5637.00
948.00	5755.00
949.00	5653.00
950.00	5693.00
951.00	5757.00
952.00	5567.00
953.00	5709.00
954.00	5662.00
955.00	5772.00
956.00	5740.00
957.00	5913.00
958.00	5791.00
959.00	5762.00
960.00	6000.00
961.00	6039.00
962.00	6116.00
963.00	5861.00
964.00	6153.00
965.00	6068.00
966.00	6270.00
967.00	6394.00
968.00	6276.00
969.00	6333.00
970.00	6316.00
971.00	6331.00
972.00	6570.00
973.00	6491.00
974.00	6451.00
975.00	6353.00
976.00	6316.00
977.00	6431.00
978.00	6272.00
979.00	6097.00
980.00	6237.00
981.00	6154.00
982.00	6006.00
983.00	6081.00
984.00	6079.00
985.00	6080.00
986.00	5871.00
987.00	5787.00
988.00	5906.00
989.00	5779.00
990.00	5907.00
991.00	5839.00
992.00	5857.00
993.00	5817.00
994.00	5888.00
995.00	5893.00
996.00	5797.00
997.00	5952.00
998.00	6008.00
999.00	5854.00
1000.00	5795.00
1001.00	5877.00
1002.00	6094.00
1003.00	5766.00
1004.00	6046.00
1005.00	6009.00
1006.00	6134.00
1007.00	6024.00
1008.00	6068.00
1009.00	6008.00
1010.00	6000.00
1011.00	6021.00
1012.00	6013.00
1013.00	6054.00
1014.00	6176.00
1015.00	6172.00
1016.00	6234.00
1017.00	6213.00
1018.00	6117.00
1019.00	6073.00
1020.00	6043.00
1021.00	6078.00
1022.00	6102.00
1023.00	6130.00
1024.00	5938.00
1025.00	6132.00
1026.00	5929.00
1027.00	6050.00
1028.00	6127.00
1029.00	5901.00
1030.00	6004.00
1031.00	6065.00
1032.00	5969.00
1033.00	5993.00
1034.00	5920.00
1035.00	6029.00
1036.00	5995.00
1037.00	5896.00
1038.00	6113.00
1039.00	6181.00
1040.00	6135.00
1041.00	6045.00
1042.00	6110.00
1043.00	6032.00
1044.00	6133.00
1045.00	6088.00
1046.00	6238.00
1047.00	6098.00
1048.00	6090.00
1049.00	6219.00
1050.00	6057.00
1051.00	6145.00
1052.00	6025.00
1053.00	6056.00
1054.00	6112.00
1055.00	6192.00
1056.00	6139.00
1057.00	6247.00
1058.00	6121.00
1059.00	6164.00
1060.00	6224.00
1061.00	6142.00
1062.00	6312.00
1063.00	6227.00
1064.00	6148.00
1065.00	6207.00
1066.00	6172.00
1067.00	6093.00
1068.00	6312.00
1069.00	6201.00
1070.00	6049.00
1071.00	6310.00
1072.00	6257.00
1073.00	6231.00
1074.00	6278.00
1075.00	6060.00
1076.00	6253.00
1077.00	6334.00
1078.00	6282.00
1079.00	6162.00
1080.00	6264.00
1081.00	6382.00
1082.00	6428.00
1083.00	6380.00
1084.00	6192.00
1085.00	6286.00
1086.00	6414.00
1087.00	6365.00
1088.00	6397.00
1089.00	6298.00
1090.00	6383.00
1091.00	6325.00
1092.00	6424.00
1093.00	6347.00
1094.00	6411.00
1095.00	6327.00
1096.00	6423.00
1097.00	6554.00
1098.00	6297.00
1099.00	6378.00
1100.00	6384.00
1101.00	6356.00
1102.00	6349.00
1103.00	6323.00
1104.00	6389.00
1105.00	6390.00
1106.00	6535.00
1107.00	6561.00
1108.00	6589.00
1109.00	6394.00
1110.00	6440.00
1111.00	6470.00
1112.00	6495.00
1113.00	6377.00
1114.00	6431.00
1115.00	6509.00
1116.00	6492.00
1117.00	6447.00
1118.00	6358.00
1119.00	6487.00
1120.00	6425.00
1121.00	6643.00
1122.00	6489.00
1123.00	6417.00
1124.00	6571.00
1125.00	6507.00
1126.00	6596.00
1127.00	6426.00
1128.00	6491.00
1129.00	6699.00
1130.00	6533.00
1131.00	6633.00
1132.00	6373.00
1133.00	6433.00
1134.00	6393.00
1135.00	6424.00
1136.00	6636.00
1137.00	6550.00
1138.00	6525.00
1139.00	6555.00
1140.00	6600.00
1141.00	6462.00
1142.00	6517.00
1143.00	6588.00
1144.00	6448.00
1145.00	6495.00
1146.00	6432.00
1147.00	6477.00
1148.00	6597.00
1149.00	6298.00
1150.00	6360.00
1151.00	6527.00
1152.00	6449.00
1153.00	6597.00
1154.00	6398.00
1155.00	6535.00
1156.00	6364.00
1157.00	6379.00
1158.00	6373.00
1159.00	6315.00
1160.00	6350.00
1161.00	6346.00
1162.00	6215.00
1163.00	6321.00
1164.00	6324.00
1165.00	6212.00
1166.00	6255.00
1167.00	6446.00
1168.00	6412.00
1169.00	6400.00
1170.00	6272.00
1171.00	6195.00
1172.00	6219.00
1173.00	6307.00
1174.00	6553.00
1175.00	6310.00
1176.00	6365.00
1177.00	6319.00
1178.00	6326.00
1179.00	6485.00
1180.00	6397.00
1181.00	6493.00
1182.00	6580.00
1183.00	6438.00
1184.00	6427.00
1185.00	6322.00
1186.00	6382.00
1187.00	6475.00
1188.00	6532.00
1189.00	6483.00
1190.00	6496.00
1191.00	6422.00
1192.00	6445.00
1193.00	6508.00
1194.00	6508.00
1195.00	6393.00
1196.00	6564.00
1197.00	6361.00
1198.00	6372.00
1199.00	6544.00
1200.00	6498.00
1201.00	6528.00
1202.00	6451.00
1203.00	6489.00
1204.00	6513.00
1205.00	6448.00
1206.00	6765.00
1207.00	6598.00
1208.00	6688.00
1209.00	6577.00
1210.00	6595.00
1211.00	6572.00
1212.00	6710.00
1213.00	6707.00
1214.00	6705.00
1215.00	6764.00
1216.00	6847.00
1217.00	6691.00
1218.00	6679.00
1219.00	6702.00
1220.00	6604.00
1221.00	6765.00
1222.00	6841.00
1223.00	6745.00
1224.00	6705.00
1225.00	6726.00
1226.00	6858.00
1227.00	6870.00
1228.00	6941.00
1229.00	6835.00
1230.00	6732.00
1231.00	6868.00
1232.00	6795.00
1233.00	6820.00
1234.00	6894.00
1235.00	6864.00
1236.00	6916.00
1237.00	6739.00
1238.00	6881.00
1239.00	6786.00
1240.00	6816.00
1241.00	6722.00
1242.00	6718.00
1243.00	6662.00
1244.00	6615.00
1245.00	6524.00
1246.00	6481.00
1247.00	6611.00
1248.00	6513.00
1249.00	6515.00
1250.00	6362.00
1251.00	6381.00
1252.00	6396.00
1253.00	6406.00
1254.00	6338.00
1255.00	6357.00
1256.00	6298.00
1257.00	6394.00
1258.00	6327.00
1259.00	6370.00
1260.00	6283.00
1261.00	6281.00
1262.00	6279.00
1263.00	6397.00
1264.00	6372.00
1265.00	6218.00
1266.00	6323.00
1267.00	6318.00
1268.00	6328.00
1269.00	6343.00
1270.00	6364.00
1271.00	6375.00
1272.00	6551.00
1273.00	6382.00
1274.00	6483.00
1275.00	6581.00
1276.00	6479.00
1277.00	6598.00
1278.00	6672.00
1279.00	6611.00
1280.00	6981.00
1281.00	6818.00
1282.00	7007.00
1283.00	6959.00
1284.00	7022.00
1285.00	6984.00
1286.00	7190.00
1287.00	7151.00
1288.00	7339.00
1289.00	7418.00
1290.00	7455.00
1291.00	7291.00
1292.00	7530.00
1293.00	7367.00
1294.00	7185.00
1295.00	7172.00
1296.00	7185.00
1297.00	7029.00
1298.00	7082.00
1299.00	7018.00
1300.00	6898.00
1301.00	6912.00
1302.00	6667.00
1303.00	6812.00
1304.00	6592.00
1305.00	6494.00
1306.00	6326.00
1307.00	6445.00
1308.00	6425.00
1309.00	6323.00
1310.00	6209.00
1311.00	6278.00
1312.00	6292.00
1313.00	6271.00
1314.00	6232.00
1315.00	6317.00
1316.00	6271.00
1317.00	6232.00
1318.00	6310.00
1319.00	6374.00
1320.00	6261.00
1321.00	6162.00
1322.00	5977.00
1323.00	6175.00
1324.00	6046.00
1325.00	6188.00
1326.00	6095.00
1327.00	6191.00
1328.00	6054.00
1329.00	6095.00
1330.00	5950.00
1331.00	5994.00
1332.00	6154.00
1333.00	6189.00
1334.00	6073.00
1335.00	6217.00
1336.00	6096.00
1337.00	6248.00
1338.00	6164.00
1339.00	6145.00
1340.00	6391.00
1341.00	6309.00
1342.00	6331.00
1343.00	6284.00
1344.00	6421.00
1345.00	6532.00
1346.00	6725.00
1347.00	6825.00
1348.00	7049.00
1349.00	7453.00
1350.00	7452.00
1351.00	7864.00
1352.00	7990.00
1353.00	8330.00
1354.00	8672.00
1355.00	9003.00
1356.00	9507.00
1357.00	9847.00
1358.00	10126.00
1359.00	10464.00
1360.00	10729.00
1361.00	10845.00
1362.00	11113.00
1363.00	11239.00
1364.00	11370.00
1365.00	11262.00
1366.00	11323.00
1367.00	11077.00
1368.00	10879.00
1369.00	10449.00
1370.00	10290.00
1371.00	9958.00
1372.00	9391.00
1373.00	8968.00
1374.00	8640.00
1375.00	8275.00
1376.00	7820.00
1377.00	7586.00
1378.00	7192.00
1379.00	7047.00
1380.00	6813.00
1381.00	6436.00
1382.00	6402.00
1383.00	6208.00
1384.00	6109.00
1385.00	5873.00
1386.00	5923.00
1387.00	5844.00
1388.00	5637.00
1389.00	5698.00
1390.00	5710.00
1391.00	5666.00
1392.00	5472.00
1393.00	5521.00
1394.00	5525.00
1395.00	5606.00
1396.00	5500.00
1397.00	5610.00
1398.00	5537.00
1399.00	5495.00
1400.00	5587.00
1401.00	5443.00
1402.00	5479.00
1403.00	5427.00
1404.00	5524.00
1405.00	5513.00
1406.00	5429.00
1407.00	5541.00
1408.00	5411.00
1409.00	5425.00
1410.00	5383.00
1411.00	5574.00
1412.00	5478.00
1413.00	5402.00
1414.00	5460.00
1415.00	5521.00
1416.00	5414.00
1417.00	5377.00
1418.00	5436.00
1419.00	5547.00
1420.00	5404.00
1421.00	5553.00
1422.00	5442.00
1423.00	5564.00
1424.00	5497.00
1425.00	5448.00
1426.00	5532.00
1427.00	5554.00
1428.00	5558.00
1429.00	5603.00
1430.00	5431.00
1431.00	5634.00
1432.00	5599.00
1433.00	5710.00
1434.00	5625.00
1435.00	5556.00
1436.00	5724.00
1437.00	5567.00
1438.00	5825.00
1439.00	5683.00
1440.00	5746.00
1441.00	5665.00
1442.00	5722.00
1443.00	5661.00
1444.00	5624.00
1445.00	5669.00
1446.00	5692.00
1447.00	5614.00
1448.00	5631.00
1449.00	5516.00
1450.00	5511.00
1451.00	5392.00
1452.00	5427.00
1453.00	5436.00
1454.00	5557.00
1455.00	5278.00
1456.00	5396.00
1457.00	5525.00
1458.00	5369.00
1459.00	5322.00
1460.00	5332.00
1461.00	5359.00
1462.00	5355.00
1463.00	5299.00
1464.00	5277.00
1465.00	5196.00
1466.00	5149.00
1467.00	5264.00
1468.00	5303.00
1469.00	5100.00
1470.00	5223.00
1471.00	5182.00
1472.00	5189.00
1473.00	5102.00
1474.00	5219.00
1475.00	5205.00
1476.00	5242.00
1477.00	5233.00
1478.00	5178.00
1479.00	5149.00
1480.00	5144.00
1481.00	5152.00
1482.00	5174.00
1483.00	5041.00
1484.00	5061.00
1485.00	5029.00
1486.00	5036.00
1487.00	5083.00
1488.00	5092.00
1489.00	5154.00
1490.00	5109.00
1491.00	5225.00
1492.00	5033.00
1493.00	5090.00
1494.00	5270.00
1495.00	5094.00
1496.00	5230.00
1497.00	5280.00
1498.00	5137.00
1499.00	5196.00
1500.00	5270.00
1501.00	5235.00
1502.00	5287.00
1503.00	5474.00
1504.00	5251.00
1505.00	5439.00
1506.00	5419.00
1507.00	5424.00
1508.00	5479.00
1509.00	5578.00
1510.00	5682.00
1511.00	5741.00
1512.00	5868.00
1513.00	5962.00
1514.00	5833.00
1515.00	6076.00
1516.00	6031.00
1517.00	6342.00
1518.00	6243.00
1519.00	6405.00
1520.00	6522.00
1521.00	6412.00
1522.00	6496.00
1523.00	6662.00
1524.00	6716.00
1525.00	6606.00
1526.00	6556.00
1527.00	6586.00
1528.00	6447.00
1529.00	6441.00
1530.00	6349.00
1531.00	6299.00
1532.00	6107.00
1533.00	6148.00
1534.00	6010.00
1535.00	5894.00
1536.00	6037.00
1537.00	5898.00
1538.00	5831.00
1539.00	5792.00
1540.00	5801.00
1541.00	5879.00
1542.00	5755.00
1543.00	5812.00
1544.00	5649.00
1545.00	5764.00
1546.00	5806.00
1547.00	5809.00
1548.00	5823.00
1549.00	5853.00
1550.00	5921.00
1551.00	5993.00
1552.00	5951.00
1553.00	5964.00
1554.00	6101.00
1555.00	6260.00
1556.00	6189.00
1557.00	6150.00
1558.00	6357.00
1559.00	6391.00
1560.00	6482.00
1561.00	6512.00
1562.00	6628.00
1563.00	6794.00
1564.00	6826.00
1565.00	6852.00
1566.00	7102.00
1567.00	7090.00
1568.00	7418.00
1569.00	7273.00
1570.00	7411.00
1571.00	7564.00
1572.00	7478.00
1573.00	7651.00
1574.00	7933.00
1575.00	7781.00
1576.00	7947.00
1577.00	7960.00
1578.00	8271.00
1579.00	8294.00
1580.00	8312.00
1581.00	8429.00
1582.00	8273.00
1583.00	8658.00
1584.00	8548.00
1585.00	8487.00
1586.00	8735.00
1587.00	8636.00
1588.00	8657.00
1589.00	8665.00
1590.00	8608.00
1591.00	8712.00
1592.00	8710.00
1593.00	8748.00
1594.00	8752.00
1595.00	8699.00
1596.00	8455.00
1597.00	8477.00
1598.00	8248.00
1599.00	8346.00
1600.00	8228.00
1601.00	8149.00
1602.00	7941.00
1603.00	7921.00
1604.00	7827.00
1605.00	7605.00
1606.00	7679.00
1607.00	7404.00
1608.00	7502.00
1609.00	7169.00
1610.00	7123.00
1611.00	7106.00
1612.00	6930.00
1613.00	6735.00
1614.00	6622.00
1615.00	6542.00
1616.00	6486.00
1617.00	6344.00
1618.00	6068.00
1619.00	6233.00
1620.00	5985.00
1621.00	5779.00
1622.00	5947.00
1623.00	5717.00
1624.00	5804.00
1625.00	5384.00
1626.00	5358.00
1627.00	5462.00
1628.00	5269.00
1629.00	5128.00
1630.00	5133.00
1631.00	5010.00
1632.00	5086.00
1633.00	4904.00
1634.00	4890.00
1635.00	4677.00
1636.00	4751.00
1637.00	4663.00
1638.00	4522.00
1639.00	4679.00
1640.00	4645.00
1641.00	4462.00
1642.00	4465.00
1643.00	4358.00
1644.00	4392.00
1645.00	4343.00
1646.00	4403.00
1647.00	4383.00
1648.00	4261.00
1649.00	4160.00
1650.00	4193.00
1651.00	4100.00
1652.00	4176.00
1653.00	4087.00
1654.00	4200.00
1655.00	4205.00
1656.00	4149.00
1657.00	4178.00
1658.00	4339.00
1659.00	4413.00
1660.00	4446.00
1661.00	4511.00
1662.00	4625.00
1663.00	4632.00
1664.00	4757.00
1665.00	5022.00
1666.00	5198.00
1667.00	5391.00
1668.00	5533.00
1669.00	5960.00
1670.00	5954.00
1671.00	6272.00
1672.00	6581.00
1673.00	6763.00
1674.00	6990.00
1675.00	7216.00
1676.00	7407.00
1677.00	7699.00
1678.00	7587.00
1679.00	7814.00
1680.00	7966.00
1681.00	8020.00
1682.00	8125.00
1683.00	8134.00
1684.00	8226.00
1685.00	7944.00
1686.00	7874.00
1687.00	7613.00
1688.00	7426.00
1689.00	7301.00
1690.00	6965.00
1691.00	6607.00
1692.00	6435.00
1693.00	6144.00
1694.00	5923.00
1695.00	5550.00
1696.00	5272.00
1697.00	5056.00
1698.00	4882.00
1699.00	4608.00
1700.00	4534.00
1701.00	4390.00
1702.00	4097.00
1703.00	3942.00
1704.00	3643.00
1705.00	3667.00
1706.00	3574.00
1707.00	3526.00
1708.00	3501.00
1709.00	3506.00
1710.00	3330.00
1711.00	3419.00
1712.00	3435.00
1713.00	3333.00
1714.00	3306.00
1715.00	3207.00
1716.00	3207.00
1717.00	3275.00
1718.00	3169.00
1719.00	3296.00
1720.00	3229.00
1721.00	3192.00
1722.00	3193.00
1723.00	3207.00
1724.00	3307.00
1725.00	3144.00
1726.00	3263.00
1727.00	3108.00
1728.00	3189.00
1729.00	3265.00
1730.00	3152.00
1731.00	3205.00
1732.00	3229.00
1733.00	3150.00
1734.00	3127.00
1735.00	3215.00
1736.00	3195.00
1737.00	3260.00
1738.00	3238.00
1739.00	3265.00
1740.00	3180.00
1741.00	3155.00
1742.00	3179.00
1743.00	3124.00
1744.00	3241.00
1745.00	3204.00
1746.00	3228.00
1747.00	3303.00
1748.00	3295.00
1749.00	3205.00
1750.00	3267.00
1751.00	3201.00
1752.00	3164.00
1753.00	3340.00
1754.00	3352.00
1755.00	3367.00
1756.00	3365.00
1757.00	3283.00
1758.00	3321.00
1759.00	3279.00
1760.00	3246.00
1761.00	3187.00
1762.00	3326.00
1763.00	3299.00
1764.00	3282.00
1765.00	3294.00
1766.00	3322.00
1767.00	3307.00
1768.00	3352.00
1769.00	3265.00
1770.00	3422.00
1771.00	3269.00
1772.00	3333.00
1773.00	3311.00
1774.00	3307.00
1775.00	3201.00
1776.00	3282.00
1777.00	3332.00
1778.00	3215.00
1779.00	3173.00
1780.00	3195.00
1781.00	3194.00
1782.00	3195.00
1783.00	3126.00
1784.00	3072.00
1785.00	3238.00
1786.00	3180.00
1787.00	3090.00
1788.00	3037.00
1789.00	3002.00
1790.00	2988.00
1791.00	3081.00
1792.00	3033.00
1793.00	2982.00
1794.00	2932.00
1795.00	3006.00
1796.00	2803.00
1797.00	2815.00
1798.00	2799.00
1799.00	2748.00
1800.00	2737.00
1801.00	2657.00
1802.00	2728.00
1803.00	2759.00
1804.00	2636.00
1805.00	2550.00
1806.00	2505.00
1807.00	2472.00
1808.00	2416.00
1809.00	2505.00
1810.00	2576.00
1811.00	2485.00
1812.00	2375.00
1813.00	2406.00
1814.00	2327.00
1815.00	2404.00
1816.00	2257.00
1817.00	2338.00
1818.00	2244.00
1819.00	2204.00
1820.00	2235.00
1821.00	2287.00
1822.00	2193.00
1823.00	2160.00
1824.00	2181.00
1825.00	2209.00
1826.00	2074.00
1827.00	2102.00
1828.00	2117.00
1829.00	2089.00
1830.00	2082.00
1831.00	2057.00
1832.00	2110.00
1833.00	2098.00
1834.00	2022.00
1835.00	2006.00
1836.00	1974.00
1837.00	1954.00
1838.00	1988.00
1839.00	1941.00
1840.00	1927.00
1841.00	1861.00
1842.00	1903.00
1843.00	1825.00
1844.00	1790.00
1845.00	1903.00
1846.00	1860.00
1847.00	1843.00
1848.00	1883.00
1849.00	1769.00
1850.00	1768.00
1851.00	1750.00
1852.00	1703.00
1853.00	1730.00
1854.00	1739.00
1855.00	1746.00
1856.00	1748.00
1857.00	1754.00
1858.00	1725.00
1859.00	1739.00
1860.00	1784.00
1861.00	1659.00
1862.00	1716.00
1863.00	1698.00
1864.00	1691.00
1865.00	1696.00
1866.00	1684.00
1867.00	1702.00
1868.00	1605.00
1869.00	1655.00
1870.00	1675.00
1871.00	1728.00
1872.00	1686.00
1873.00	1699.00
1874.00	1743.00
1875.00	1764.00
1876.00	1712.00
1877.00	1754.00
1878.00	1836.00
1879.00	1897.00
1880.00	1903.00
1881.00	1908.00
1882.00	1926.00
1883.00	1989.00
1884.00	1993.00
1885.00	2095.00
1886.00	2073.00
1887.00	2021.00
1888.00	2108.00
1889.00	2093.00
1890.00	2049.00
1891.00	2152.00
1892.00	2033.00
1893.00	1998.00
1894.00	2049.00
1895.00	1968.00
1896.00	1948.00
1897.00	1849.00
1898.00	1885.00
1899.00	1802.00
1900.00	1716.00
1901.00	1769.00
1902.00	1646.00
1903.00	1682.00
1904.00	1554.00
1905.00	1598.00
1906.00	1563.00
1907.00	1577.00
1908.00	1475.00
1909.00	1372.00
1910.00	1449.00
1911.00	1387.00
1912.00	1392.00
1913.00	1413.00
1914.00	1403.00
1915.00	1437.00
1916.00	1365.00
1917.00	1337.00
1918.00	1389.00
1919.00	1372.00
1920.00	1330.00
1921.00	1346.00
1922.00	1310.00
1923.00	1345.00
1924.00	1353.00
1925.00	1332.00
1926.00	1345.00
1927.00	1326.00
1928.00	1246.00
1929.00	1272.00
1930.00	1313.00
1931.00	1266.00
1932.00	1245.00
1933.00	1261.00
1934.00	1224.00
1935.00	1255.00
1936.00	1172.00
1937.00	1198.00
1938.00	1125.00
1939.00	1123.00
1940.00	1127.00
1941.00	1071.00
1942.00	1151.00
1943.00	1102.00
1944.00	1102.00
1945.00	1136.00
1946.00	1055.00
1947.00	1088.00
1948.00	1127.00
1949.00	1087.00
1950.00	1099.00
1951.00	1033.00
1952.00	1079.00
1953.00	1059.00
1954.00	1044.00
1955.00	962.00
1956.00	1072.00
1957.00	995.00
1958.00	1013.00
1959.00	1056.00
1960.00	998.00
1961.00	1052.00
1962.00	1032.00
1963.00	1057.00
1964.00	989.00
1965.00	1028.00
1966.00	1023.00
1967.00	974.00
1968.00	1012.00
1969.00	934.00
1970.00	952.00
1971.00	957.00
1972.00	984.00
1973.00	964.00
1974.00	910.00
1975.00	939.00
1976.00	992.00
1977.00	935.00
1978.00	933.00
1979.00	954.00
1980.00	922.00
1981.00	941.00
1982.00	931.00
1983.00	985.00
1984.00	891.00
1985.00	913.00
1986.00	907.00
1987.00	896.00
1988.00	909.00
1989.00	923.00
1990.00	915.00
1991.00	876.00
1992.00	853.00
1993.00	867.00
1994.00	830.00
1995.00	912.00
1996.00	864.00
1997.00	871.00
1998.00	856.00
1999.00	866.00
2000.00	816.00
2001.00	866.00
2002.00	804.00
2003.00	785.00
2004.00	776.00
2005.00	801.00
2006.00	773.00
2007.00	833.00
2008.00	790.00
2009.00	739.00
2010.00	783.00
2011.00	772.00
2012.00	741.00
2013.00	772.00
2014.00	730.00
2015.00	745.00
2016.00	805.00
2017.00	745.00
2018.00	757.00
2019.00	767.00
2020.00	778.00
2021.00	752.00
2022.00	743.00
2023.00	753.00
2024.00	697.00
2025.00	704.00
2026.00	675.00
2027.00	680.00
2028.00	692.00
2029.00	724.00
2030.00	703.00
2031.00	652.00
2032.00	716.00
2033.00	668.00
2034.00	667.00
2035.00	687.00
2036.00	660.00
2037.00	631.00
2038.00	709.00
2039.00	643.00
2040.00	650.00
2041.00	657.00
2042.00	648.00
2043.00	673.00
2044.00	597.00
2045.00	641.00
2046.00	682.00
2047.00	564.00
2048.00	 0.00
