Date:	2023-09-18		
Time:	21:43		
Sample name:	Pellets		
Position:	1453.600011	mm	
Sample surface:	5.936693	cm	
Tube anode:	Mo		
Tube voltage:	30	kV	
Tube current:	50	mA	
Comments	not in position		
Gain	5.810000		
peaking_time	0.300000	m-sec	
trigger_threshold	30.000000	V	
mca_bin_width	2.000000	no:	
number_mca_channels	2048.000000	no:	
gap_time	0.100000	m-sec	
trigger_peaking_time	0.050000	m-sec	
livetime	17.409413	seconds	
runtime	20.000378	seconds	
input_count_rate	115532.387412	cps	
output_count_rate	100565.649309	cps	
triggers	2237052.000000	seconds	
events_in_run	2003365.000000	seconds	
channel	content		
 1.00	 0.00
 2.00	 0.00
 3.00	 0.00
 4.00	 0.00
 5.00	 0.00
 6.00	 0.00
 7.00	 0.00
 8.00	 0.00
 9.00	 0.00
10.00	 0.00
11.00	 0.00
12.00	 0.00
13.00	 0.00
14.00	 0.00
15.00	 0.00
16.00	 0.00
17.00	 0.00
18.00	 0.00
19.00	 0.00
20.00	 0.00
21.00	 0.00
22.00	 0.00
23.00	 0.00
24.00	 0.00
25.00	 0.00
26.00	 0.00
27.00	 0.00
28.00	 0.00
29.00	 0.00
30.00	 0.00
31.00	 1.00
32.00	 2.00
33.00	 0.00
34.00	 2.00
35.00	 7.00
36.00	 9.00
37.00	13.00
38.00	17.00
39.00	27.00
40.00	40.00
41.00	45.00
42.00	47.00
43.00	87.00
44.00	103.00
45.00	106.00
46.00	156.00
47.00	161.00
48.00	180.00
49.00	194.00
50.00	214.00
51.00	192.00
52.00	233.00
53.00	261.00
54.00	280.00
55.00	308.00
56.00	299.00
57.00	302.00
58.00	291.00
59.00	343.00
60.00	343.00
61.00	323.00
62.00	343.00
63.00	324.00
64.00	346.00
65.00	325.00
66.00	329.00
67.00	383.00
68.00	332.00
69.00	344.00
70.00	371.00
71.00	371.00
72.00	374.00
73.00	351.00
74.00	398.00
75.00	349.00
76.00	365.00
77.00	339.00
78.00	349.00
79.00	328.00
80.00	348.00
81.00	350.00
82.00	333.00
83.00	333.00
84.00	350.00
85.00	339.00
86.00	327.00
87.00	335.00
88.00	350.00
89.00	332.00
90.00	354.00
91.00	302.00
92.00	297.00
93.00	356.00
94.00	316.00
95.00	327.00
96.00	326.00
97.00	299.00
98.00	335.00
99.00	310.00
100.00	283.00
101.00	341.00
102.00	328.00
103.00	318.00
104.00	302.00
105.00	296.00
106.00	279.00
107.00	304.00
108.00	275.00
109.00	284.00
110.00	269.00
111.00	283.00
112.00	275.00
113.00	276.00
114.00	309.00
115.00	264.00
116.00	298.00
117.00	306.00
118.00	310.00
119.00	273.00
120.00	287.00
121.00	278.00
122.00	287.00
123.00	268.00
124.00	271.00
125.00	251.00
126.00	275.00
127.00	236.00
128.00	277.00
129.00	241.00
130.00	266.00
131.00	253.00
132.00	231.00
133.00	252.00
134.00	259.00
135.00	272.00
136.00	284.00
137.00	343.00
138.00	396.00
139.00	501.00
140.00	573.00
141.00	757.00
142.00	919.00
143.00	1034.00
144.00	1110.00
145.00	1144.00
146.00	1043.00
147.00	933.00
148.00	833.00
149.00	765.00
150.00	744.00
151.00	748.00
152.00	587.00
153.00	592.00
154.00	594.00
155.00	463.00
156.00	434.00
157.00	435.00
158.00	424.00
159.00	487.00
160.00	667.00
161.00	1107.00
162.00	1757.00
163.00	2690.00
164.00	3942.00
165.00	5467.00
166.00	6799.00
167.00	8523.00
168.00	9460.00
169.00	9841.00
170.00	9454.00
171.00	8509.00
172.00	7152.00
173.00	5568.00
174.00	4188.00
175.00	3124.00
176.00	2319.00
177.00	1724.00
178.00	1364.00
179.00	1195.00
180.00	1277.00
181.00	1255.00
182.00	1416.00
183.00	1821.00
184.00	2265.00
185.00	2829.00
186.00	3538.00
187.00	4066.00
188.00	4538.00
189.00	4655.00
190.00	4597.00
191.00	4179.00
192.00	3532.00
193.00	2823.00
194.00	2114.00
195.00	1534.00
196.00	1153.00
197.00	837.00
198.00	568.00
199.00	444.00
200.00	346.00
201.00	346.00
202.00	296.00
203.00	288.00
204.00	295.00
205.00	319.00
206.00	283.00
207.00	308.00
208.00	314.00
209.00	348.00
210.00	327.00
211.00	341.00
212.00	368.00
213.00	424.00
214.00	464.00
215.00	525.00
216.00	596.00
217.00	735.00
218.00	780.00
219.00	786.00
220.00	891.00
221.00	875.00
222.00	800.00
223.00	720.00
224.00	688.00
225.00	580.00
226.00	490.00
227.00	429.00
228.00	381.00
229.00	326.00
230.00	323.00
231.00	302.00
232.00	283.00
233.00	280.00
234.00	273.00
235.00	249.00
236.00	250.00
237.00	263.00
238.00	305.00
239.00	286.00
240.00	289.00
241.00	238.00
242.00	263.00
243.00	248.00
244.00	271.00
245.00	269.00
246.00	260.00
247.00	269.00
248.00	251.00
249.00	262.00
250.00	259.00
251.00	278.00
252.00	266.00
253.00	298.00
254.00	268.00
255.00	294.00
256.00	325.00
257.00	281.00
258.00	283.00
259.00	320.00
260.00	304.00
261.00	299.00
262.00	303.00
263.00	327.00
264.00	356.00
265.00	303.00
266.00	359.00
267.00	353.00
268.00	367.00
269.00	373.00
270.00	369.00
271.00	390.00
272.00	351.00
273.00	321.00
274.00	379.00
275.00	415.00
276.00	408.00
277.00	449.00
278.00	619.00
279.00	739.00
280.00	969.00
281.00	1181.00
282.00	1528.00
283.00	1728.00
284.00	2039.00
285.00	2262.00
286.00	2395.00
287.00	2491.00
288.00	2472.00
289.00	2306.00
290.00	1956.00
291.00	1585.00
292.00	1358.00
293.00	1124.00
294.00	888.00
295.00	722.00
296.00	598.00
297.00	532.00
298.00	532.00
299.00	526.00
300.00	475.00
301.00	524.00
302.00	552.00
303.00	585.00
304.00	680.00
305.00	728.00
306.00	809.00
307.00	908.00
308.00	1141.00
309.00	1398.00
310.00	1780.00
311.00	2520.00
312.00	3400.00
313.00	4889.00
314.00	6883.00
315.00	9049.00
316.00	11940.00
317.00	14984.00
318.00	17903.00
319.00	20210.00
320.00	22062.00
321.00	22782.00
322.00	22534.00
323.00	20599.00
324.00	18565.00
325.00	15436.00
326.00	12482.00
327.00	9418.00
328.00	7005.00
329.00	4950.00
330.00	3418.00
331.00	2311.00
332.00	1665.00
333.00	1266.00
334.00	1104.00
335.00	1078.00
336.00	1049.00
337.00	1262.00
338.00	1529.00
339.00	1901.00
340.00	2563.00
341.00	3383.00
342.00	4611.00
343.00	6662.00
344.00	9499.00
345.00	14125.00
346.00	21877.00
347.00	33262.00
348.00	50022.00
349.00	73763.00
350.00	104335.00
351.00	144150.00
352.00	188771.00
353.00	238132.00
354.00	287513.00
355.00	330547.00
356.00	363194.00
357.00	379438.00
358.00	379430.00
359.00	361150.00
360.00	328148.00
361.00	284729.00
362.00	233205.00
363.00	184580.00
364.00	138684.00
365.00	99641.00
366.00	68490.00
367.00	44942.00
368.00	28672.00
369.00	17417.00
370.00	10616.00
371.00	6756.00
372.00	4585.00
373.00	3508.00
374.00	3150.00
375.00	3573.00
376.00	4387.00
377.00	5395.00
378.00	7273.00
379.00	9989.00
380.00	13680.00
381.00	18180.00
382.00	23629.00
383.00	30331.00
384.00	36613.00
385.00	43955.00
386.00	49642.00
387.00	53873.00
388.00	56537.00
389.00	56638.00
390.00	54769.00
391.00	50263.00
392.00	43750.00
393.00	37337.00
394.00	29921.00
395.00	23093.00
396.00	17149.00
397.00	12242.00
398.00	8316.00
399.00	5624.00
400.00	3605.00
401.00	2270.00
402.00	1405.00
403.00	965.00
404.00	643.00
405.00	462.00
406.00	402.00
407.00	321.00
408.00	301.00
409.00	281.00
410.00	292.00
411.00	276.00
412.00	306.00
413.00	270.00
414.00	300.00
415.00	310.00
416.00	319.00
417.00	327.00
418.00	353.00
419.00	370.00
420.00	439.00
421.00	460.00
422.00	548.00
423.00	727.00
424.00	872.00
425.00	1163.00
426.00	1663.00
427.00	2194.00
428.00	2929.00
429.00	3882.00
430.00	4984.00
431.00	6327.00
432.00	7307.00
433.00	8441.00
434.00	9575.00
435.00	10115.00
436.00	10330.00
437.00	10233.00
438.00	9894.00
439.00	9162.00
440.00	8114.00
441.00	7085.00
442.00	5589.00
443.00	4748.00
444.00	3921.00
445.00	3070.00
446.00	2593.00
447.00	2280.00
448.00	2130.00
449.00	1796.00
450.00	1740.00
451.00	1555.00
452.00	1511.00
453.00	1422.00
454.00	1266.00
455.00	1040.00
456.00	1009.00
457.00	978.00
458.00	839.00
459.00	763.00
460.00	708.00
461.00	778.00
462.00	764.00
463.00	842.00
464.00	853.00
465.00	989.00
466.00	1094.00
467.00	1176.00
468.00	1312.00
469.00	1392.00
470.00	1598.00
471.00	1829.00
472.00	2004.00
473.00	2308.00
474.00	2428.00
475.00	2527.00
476.00	2616.00
477.00	2780.00
478.00	2601.00
479.00	2548.00
480.00	2459.00
481.00	2216.00
482.00	1945.00
483.00	1677.00
484.00	1500.00
485.00	1242.00
486.00	1075.00
487.00	946.00
488.00	849.00
489.00	743.00
490.00	692.00
491.00	644.00
492.00	659.00
493.00	638.00
494.00	664.00
495.00	638.00
496.00	646.00
497.00	698.00
498.00	725.00
499.00	730.00
500.00	771.00
501.00	773.00
502.00	773.00
503.00	826.00
504.00	843.00
505.00	864.00
506.00	888.00
507.00	903.00
508.00	957.00
509.00	982.00
510.00	932.00
511.00	1074.00
512.00	1058.00
513.00	1051.00
514.00	1123.00
515.00	1139.00
516.00	1181.00
517.00	1224.00
518.00	1399.00
519.00	1514.00
520.00	1475.00
521.00	1526.00
522.00	1551.00
523.00	1634.00
524.00	1577.00
525.00	1579.00
526.00	1524.00
527.00	1458.00
528.00	1389.00
529.00	1342.00
530.00	1280.00
531.00	1172.00
532.00	1238.00
533.00	1160.00
534.00	1089.00
535.00	1127.00
536.00	1127.00
537.00	1132.00
538.00	1154.00
539.00	1184.00
540.00	1185.00
541.00	1208.00
542.00	1220.00
543.00	1264.00
544.00	1286.00
545.00	1304.00
546.00	1277.00
547.00	1340.00
548.00	1327.00
549.00	1299.00
550.00	1360.00
551.00	1408.00
552.00	1410.00
553.00	1351.00
554.00	1497.00
555.00	1627.00
556.00	1690.00
557.00	1964.00
558.00	2176.00
559.00	2529.00
560.00	2968.00
561.00	3542.00
562.00	4158.00
563.00	4980.00
564.00	5954.00
565.00	6813.00
566.00	7586.00
567.00	8301.00
568.00	8981.00
569.00	9369.00
570.00	9202.00
571.00	9093.00
572.00	8612.00
573.00	7934.00
574.00	7287.00
575.00	6348.00
576.00	5549.00
577.00	4726.00
578.00	3801.00
579.00	3275.00
580.00	2728.00
581.00	2321.00
582.00	1926.00
583.00	1650.00
584.00	1538.00
585.00	1452.00
586.00	1454.00
587.00	1463.00
588.00	1437.00
589.00	1447.00
590.00	1595.00
591.00	1592.00
592.00	1628.00
593.00	1755.00
594.00	1875.00
595.00	1949.00
596.00	2147.00
597.00	2426.00
598.00	2835.00
599.00	3380.00
600.00	4376.00
601.00	5715.00
602.00	7968.00
603.00	11117.00
604.00	15478.00
605.00	22331.00
606.00	31011.00
607.00	42920.00
608.00	58837.00
609.00	77789.00
610.00	100875.00
611.00	127339.00
612.00	155280.00
613.00	185662.00
614.00	215209.00
615.00	242013.00
616.00	262975.00
617.00	278586.00
618.00	285986.00
619.00	285526.00
620.00	275664.00
621.00	258245.00
622.00	235342.00
623.00	208077.00
624.00	177909.00
625.00	148074.00
626.00	119060.00
627.00	94483.00
628.00	71930.00
629.00	53735.00
630.00	39303.00
631.00	27992.00
632.00	19755.00
633.00	14068.00
634.00	9837.00
635.00	7007.00
636.00	5403.00
637.00	4374.00
638.00	3629.00
639.00	3179.00
640.00	2794.00
641.00	2699.00
642.00	2558.00
643.00	2574.00
644.00	2557.00
645.00	2490.00
646.00	2453.00
647.00	2570.00
648.00	2602.00
649.00	2559.00
650.00	2712.00
651.00	2763.00
652.00	2766.00
653.00	2796.00
654.00	2763.00
655.00	2958.00
656.00	2943.00
657.00	3124.00
658.00	3314.00
659.00	3263.00
660.00	3426.00
661.00	3739.00
662.00	3950.00
663.00	4191.00
664.00	4570.00
665.00	4929.00
666.00	5621.00
667.00	6646.00
668.00	7858.00
669.00	9374.00
670.00	11126.00
671.00	13764.00
672.00	16587.00
673.00	20324.00
674.00	23620.00
675.00	28276.00
676.00	32332.00
677.00	36270.00
678.00	40128.00
679.00	43381.00
680.00	45258.00
681.00	46481.00
682.00	46301.00
683.00	44844.00
684.00	42647.00
685.00	39090.00
686.00	35496.00
687.00	31208.00
688.00	26678.00
689.00	22604.00
690.00	18408.00
691.00	14943.00
692.00	12024.00
693.00	9535.00
694.00	7430.00
695.00	5868.00
696.00	4766.00
697.00	4093.00
698.00	3431.00
699.00	2994.00
700.00	2876.00
701.00	2686.00
702.00	2646.00
703.00	2580.00
704.00	2661.00
705.00	2759.00
706.00	2782.00
707.00	2902.00
708.00	3095.00
709.00	3168.00
710.00	3228.00
711.00	3498.00
712.00	3427.00
713.00	3586.00
714.00	3789.00
715.00	3874.00
716.00	3865.00
717.00	4049.00
718.00	4121.00
719.00	4154.00
720.00	4215.00
721.00	4236.00
722.00	4168.00
723.00	4015.00
724.00	4008.00
725.00	3852.00
726.00	3723.00
727.00	3511.00
728.00	3526.00
729.00	3360.00
730.00	3173.00
731.00	3066.00
732.00	3033.00
733.00	2871.00
734.00	2844.00
735.00	2915.00
736.00	2787.00
737.00	2652.00
738.00	2693.00
739.00	2729.00
740.00	2741.00
741.00	2653.00
742.00	2722.00
743.00	2808.00
744.00	2662.00
745.00	2770.00
746.00	2640.00
747.00	2666.00
748.00	2710.00
749.00	2728.00
750.00	2638.00
751.00	2734.00
752.00	2704.00
753.00	2631.00
754.00	2677.00
755.00	2711.00
756.00	2650.00
757.00	2686.00
758.00	2782.00
759.00	2803.00
760.00	2843.00
761.00	2950.00
762.00	2912.00
763.00	3012.00
764.00	3041.00
765.00	3153.00
766.00	3153.00
767.00	3297.00
768.00	3255.00
769.00	3510.00
770.00	3574.00
771.00	3684.00
772.00	3727.00
773.00	3866.00
774.00	3968.00
775.00	4052.00
776.00	4159.00
777.00	4189.00
778.00	4116.00
779.00	4200.00
780.00	4136.00
781.00	4127.00
782.00	3995.00
783.00	4144.00
784.00	4030.00
785.00	3867.00
786.00	3971.00
787.00	3919.00
788.00	3895.00
789.00	3865.00
790.00	3935.00
791.00	3990.00
792.00	3909.00
793.00	3870.00
794.00	4009.00
795.00	4090.00
796.00	4132.00
797.00	4130.00
798.00	4193.00
799.00	4204.00
800.00	4295.00
801.00	4353.00
802.00	4428.00
803.00	4459.00
804.00	4351.00
805.00	4481.00
806.00	4628.00
807.00	4541.00
808.00	4582.00
809.00	4533.00
810.00	4619.00
811.00	4692.00
812.00	4613.00
813.00	4622.00
814.00	4699.00
815.00	4640.00
816.00	4555.00
817.00	4735.00
818.00	4477.00
819.00	4801.00
820.00	4775.00
821.00	4734.00
822.00	4864.00
823.00	4929.00
824.00	5162.00
825.00	5306.00
826.00	5333.00
827.00	5775.00
828.00	5843.00
829.00	5861.00
830.00	6109.00
831.00	6144.00
832.00	6217.00
833.00	6380.00
834.00	6359.00
835.00	6215.00
836.00	6222.00
837.00	6169.00
838.00	5908.00
839.00	5735.00
840.00	5456.00
841.00	5268.00
842.00	5331.00
843.00	5128.00
844.00	5024.00
845.00	4827.00
846.00	4791.00
847.00	4717.00
848.00	4676.00
849.00	4668.00
850.00	4608.00
851.00	4526.00
852.00	4616.00
853.00	4686.00
854.00	4774.00
855.00	4621.00
856.00	4678.00
857.00	4634.00
858.00	4648.00
859.00	4748.00
860.00	4691.00
861.00	4731.00
862.00	4505.00
863.00	4713.00
864.00	4710.00
865.00	4693.00
866.00	4557.00
867.00	4652.00
868.00	4586.00
869.00	4634.00
870.00	4551.00
871.00	4607.00
872.00	4599.00
873.00	4518.00
874.00	4728.00
875.00	4795.00
876.00	4613.00
877.00	4742.00
878.00	4775.00
879.00	4760.00
880.00	4695.00
881.00	4875.00
882.00	4768.00
883.00	4898.00
884.00	4915.00
885.00	4976.00
886.00	5042.00
887.00	5186.00
888.00	5169.00
889.00	5260.00
890.00	5331.00
891.00	5253.00
892.00	5313.00
893.00	5279.00
894.00	5353.00
895.00	5368.00
896.00	5432.00
897.00	5332.00
898.00	5335.00
899.00	5407.00
900.00	5395.00
901.00	5328.00
902.00	5284.00
903.00	5294.00
904.00	5361.00
905.00	5351.00
906.00	5440.00
907.00	5363.00
908.00	5372.00
909.00	5460.00
910.00	5488.00
911.00	5443.00
912.00	5605.00
913.00	5443.00
914.00	5656.00
915.00	5582.00
916.00	5665.00
917.00	5630.00
918.00	5771.00
919.00	5779.00
920.00	5690.00
921.00	5869.00
922.00	5980.00
923.00	6056.00
924.00	6118.00
925.00	5950.00
926.00	6068.00
927.00	6008.00
928.00	6167.00
929.00	6041.00
930.00	5921.00
931.00	6068.00
932.00	5970.00
933.00	5918.00
934.00	5933.00
935.00	5980.00
936.00	6118.00
937.00	5832.00
938.00	5775.00
939.00	5919.00
940.00	5985.00
941.00	5966.00
942.00	5879.00
943.00	5796.00
944.00	5661.00
945.00	5601.00
946.00	5717.00
947.00	5855.00
948.00	5841.00
949.00	5710.00
950.00	5862.00
951.00	5874.00
952.00	5811.00
953.00	5896.00
954.00	5771.00
955.00	5725.00
956.00	5815.00
957.00	5863.00
958.00	5779.00
959.00	5871.00
960.00	5980.00
961.00	5962.00
962.00	6159.00
963.00	6045.00
964.00	6082.00
965.00	6226.00
966.00	6346.00
967.00	6394.00
968.00	6374.00
969.00	6451.00
970.00	6585.00
971.00	6584.00
972.00	6671.00
973.00	6621.00
974.00	6524.00
975.00	6768.00
976.00	6595.00
977.00	6700.00
978.00	6439.00
979.00	6591.00
980.00	6416.00
981.00	6284.00
982.00	6318.00
983.00	6279.00
984.00	6160.00
985.00	6044.00
986.00	6041.00
987.00	6129.00
988.00	6009.00
989.00	5961.00
990.00	5852.00
991.00	6117.00
992.00	5941.00
993.00	5949.00
994.00	5942.00
995.00	5993.00
996.00	5937.00
997.00	5966.00
998.00	6046.00
999.00	5888.00
1000.00	6015.00
1001.00	6093.00
1002.00	5960.00
1003.00	6150.00
1004.00	6036.00
1005.00	6152.00
1006.00	6152.00
1007.00	6184.00
1008.00	6172.00
1009.00	6205.00
1010.00	6177.00
1011.00	6286.00
1012.00	6235.00
1013.00	6144.00
1014.00	6201.00
1015.00	6226.00
1016.00	6329.00
1017.00	6272.00
1018.00	6278.00
1019.00	6206.00
1020.00	6347.00
1021.00	6230.00
1022.00	6228.00
1023.00	6198.00
1024.00	6180.00
1025.00	6225.00
1026.00	6080.00
1027.00	6158.00
1028.00	6171.00
1029.00	6262.00
1030.00	6272.00
1031.00	6226.00
1032.00	6167.00
1033.00	6230.00
1034.00	6223.00
1035.00	6249.00
1036.00	6476.00
1037.00	6036.00
1038.00	6267.00
1039.00	6198.00
1040.00	6391.00
1041.00	6244.00
1042.00	6368.00
1043.00	6335.00
1044.00	6179.00
1045.00	6457.00
1046.00	6277.00
1047.00	6338.00
1048.00	6237.00
1049.00	6313.00
1050.00	6282.00
1051.00	6460.00
1052.00	6167.00
1053.00	6337.00
1054.00	6436.00
1055.00	6281.00
1056.00	6340.00
1057.00	6308.00
1058.00	6394.00
1059.00	6473.00
1060.00	6123.00
1061.00	6417.00
1062.00	6382.00
1063.00	6303.00
1064.00	6381.00
1065.00	6485.00
1066.00	6502.00
1067.00	6297.00
1068.00	6479.00
1069.00	6437.00
1070.00	6268.00
1071.00	6314.00
1072.00	6337.00
1073.00	6449.00
1074.00	6255.00
1075.00	6615.00
1076.00	6284.00
1077.00	6515.00
1078.00	6436.00
1079.00	6502.00
1080.00	6572.00
1081.00	6504.00
1082.00	6480.00
1083.00	6482.00
1084.00	6538.00
1085.00	6500.00
1086.00	6505.00
1087.00	6563.00
1088.00	6428.00
1089.00	6621.00
1090.00	6454.00
1091.00	6429.00
1092.00	6375.00
1093.00	6576.00
1094.00	6501.00
1095.00	6561.00
1096.00	6677.00
1097.00	6671.00
1098.00	6611.00
1099.00	6521.00
1100.00	6382.00
1101.00	6523.00
1102.00	6560.00
1103.00	6567.00
1104.00	6636.00
1105.00	6681.00
1106.00	6547.00
1107.00	6654.00
1108.00	6542.00
1109.00	6475.00
1110.00	6738.00
1111.00	6642.00
1112.00	6733.00
1113.00	6762.00
1114.00	6786.00
1115.00	6704.00
1116.00	6784.00
1117.00	6662.00
1118.00	6826.00
1119.00	6690.00
1120.00	6629.00
1121.00	6639.00
1122.00	6695.00
1123.00	6743.00
1124.00	6614.00
1125.00	6761.00
1126.00	6786.00
1127.00	6772.00
1128.00	6667.00
1129.00	6695.00
1130.00	6745.00
1131.00	6570.00
1132.00	6720.00
1133.00	6739.00
1134.00	6820.00
1135.00	6811.00
1136.00	6612.00
1137.00	6743.00
1138.00	6568.00
1139.00	6717.00
1140.00	6680.00
1141.00	6701.00
1142.00	6675.00
1143.00	6610.00
1144.00	6697.00
1145.00	6585.00
1146.00	6616.00
1147.00	6740.00
1148.00	6577.00
1149.00	6624.00
1150.00	6583.00
1151.00	6769.00
1152.00	6625.00
1153.00	6611.00
1154.00	6583.00
1155.00	6565.00
1156.00	6710.00
1157.00	6640.00
1158.00	6643.00
1159.00	6632.00
1160.00	6584.00
1161.00	6556.00
1162.00	6636.00
1163.00	6453.00
1164.00	6405.00
1165.00	6479.00
1166.00	6580.00
1167.00	6487.00
1168.00	6513.00
1169.00	6542.00
1170.00	6597.00
1171.00	6590.00
1172.00	6522.00
1173.00	6514.00
1174.00	6521.00
1175.00	6614.00
1176.00	6559.00
1177.00	6739.00
1178.00	6621.00
1179.00	6622.00
1180.00	6582.00
1181.00	6625.00
1182.00	6689.00
1183.00	6709.00
1184.00	6617.00
1185.00	6784.00
1186.00	6621.00
1187.00	6687.00
1188.00	6631.00
1189.00	6707.00
1190.00	6629.00
1191.00	6718.00
1192.00	6735.00
1193.00	6705.00
1194.00	6705.00
1195.00	6672.00
1196.00	6737.00
1197.00	6712.00
1198.00	6690.00
1199.00	6916.00
1200.00	6615.00
1201.00	6651.00
1202.00	6784.00
1203.00	6658.00
1204.00	6775.00
1205.00	6920.00
1206.00	6866.00
1207.00	6734.00
1208.00	6857.00
1209.00	6667.00
1210.00	6908.00
1211.00	6937.00
1212.00	6885.00
1213.00	6820.00
1214.00	6932.00
1215.00	6874.00
1216.00	6849.00
1217.00	6895.00
1218.00	6959.00
1219.00	6912.00
1220.00	6894.00
1221.00	6952.00
1222.00	7044.00
1223.00	6983.00
1224.00	6984.00
1225.00	7021.00
1226.00	6954.00
1227.00	7164.00
1228.00	7028.00
1229.00	7044.00
1230.00	7057.00
1231.00	7147.00
1232.00	6981.00
1233.00	6997.00
1234.00	7030.00
1235.00	7010.00
1236.00	7020.00
1237.00	7056.00
1238.00	6920.00
1239.00	6920.00
1240.00	7066.00
1241.00	6804.00
1242.00	6918.00
1243.00	6792.00
1244.00	6876.00
1245.00	6746.00
1246.00	6850.00
1247.00	6692.00
1248.00	6703.00
1249.00	6773.00
1250.00	6738.00
1251.00	6740.00
1252.00	6612.00
1253.00	6837.00
1254.00	6687.00
1255.00	6543.00
1256.00	6607.00
1257.00	6675.00
1258.00	6611.00
1259.00	6592.00
1260.00	6512.00
1261.00	6623.00
1262.00	6549.00
1263.00	6494.00
1264.00	6605.00
1265.00	6612.00
1266.00	6687.00
1267.00	6623.00
1268.00	6341.00
1269.00	6606.00
1270.00	6635.00
1271.00	6589.00
1272.00	6560.00
1273.00	6518.00
1274.00	6782.00
1275.00	6758.00
1276.00	6712.00
1277.00	6878.00
1278.00	6835.00
1279.00	6863.00
1280.00	7089.00
1281.00	7198.00
1282.00	7159.00
1283.00	7286.00
1284.00	7322.00
1285.00	7379.00
1286.00	7580.00
1287.00	7446.00
1288.00	7545.00
1289.00	7586.00
1290.00	7564.00
1291.00	7454.00
1292.00	7615.00
1293.00	7564.00
1294.00	7470.00
1295.00	7400.00
1296.00	7504.00
1297.00	7335.00
1298.00	7143.00
1299.00	7225.00
1300.00	7191.00
1301.00	6933.00
1302.00	6874.00
1303.00	6858.00
1304.00	6928.00
1305.00	6804.00
1306.00	6746.00
1307.00	6584.00
1308.00	6572.00
1309.00	6407.00
1310.00	6488.00
1311.00	6402.00
1312.00	6295.00
1313.00	6434.00
1314.00	6451.00
1315.00	6517.00
1316.00	6404.00
1317.00	6383.00
1318.00	6530.00
1319.00	6473.00
1320.00	6460.00
1321.00	6372.00
1322.00	6265.00
1323.00	6264.00
1324.00	6217.00
1325.00	6312.00
1326.00	6380.00
1327.00	6338.00
1328.00	6314.00
1329.00	6215.00
1330.00	6338.00
1331.00	6296.00
1332.00	6416.00
1333.00	6245.00
1334.00	6324.00
1335.00	6335.00
1336.00	6334.00
1337.00	6413.00
1338.00	6414.00
1339.00	6371.00
1340.00	6392.00
1341.00	6726.00
1342.00	6567.00
1343.00	6628.00
1344.00	6732.00
1345.00	6787.00
1346.00	6941.00
1347.00	7261.00
1348.00	7190.00
1349.00	7686.00
1350.00	7901.00
1351.00	8141.00
1352.00	8465.00
1353.00	8783.00
1354.00	9073.00
1355.00	9580.00
1356.00	9895.00
1357.00	10320.00
1358.00	10770.00
1359.00	11040.00
1360.00	11265.00
1361.00	11410.00
1362.00	11571.00
1363.00	11656.00
1364.00	11673.00
1365.00	11845.00
1366.00	11502.00
1367.00	11347.00
1368.00	11261.00
1369.00	10762.00
1370.00	10397.00
1371.00	10127.00
1372.00	9638.00
1373.00	9190.00
1374.00	8920.00
1375.00	8549.00
1376.00	8019.00
1377.00	7793.00
1378.00	7455.00
1379.00	7146.00
1380.00	7036.00
1381.00	6911.00
1382.00	6533.00
1383.00	6431.00
1384.00	6386.00
1385.00	6258.00
1386.00	6090.00
1387.00	5960.00
1388.00	6014.00
1389.00	5959.00
1390.00	5843.00
1391.00	5824.00
1392.00	5949.00
1393.00	5818.00
1394.00	5830.00
1395.00	5814.00
1396.00	5732.00
1397.00	5836.00
1398.00	5766.00
1399.00	5729.00
1400.00	5716.00
1401.00	5741.00
1402.00	5543.00
1403.00	5672.00
1404.00	5783.00
1405.00	5746.00
1406.00	5692.00
1407.00	5715.00
1408.00	5743.00
1409.00	5756.00
1410.00	5831.00
1411.00	5664.00
1412.00	5684.00
1413.00	5699.00
1414.00	5649.00
1415.00	5778.00
1416.00	5751.00
1417.00	5480.00
1418.00	5684.00
1419.00	5722.00
1420.00	5475.00
1421.00	5615.00
1422.00	5642.00
1423.00	5637.00
1424.00	5704.00
1425.00	5787.00
1426.00	5722.00
1427.00	5823.00
1428.00	5625.00
1429.00	5731.00
1430.00	5670.00
1431.00	5798.00
1432.00	5721.00
1433.00	5810.00
1434.00	5839.00
1435.00	5888.00
1436.00	5837.00
1437.00	5965.00
1438.00	5923.00
1439.00	5923.00
1440.00	5920.00
1441.00	5890.00
1442.00	5991.00
1443.00	5993.00
1444.00	5999.00
1445.00	5922.00
1446.00	5974.00
1447.00	5848.00
1448.00	5824.00
1449.00	5732.00
1450.00	5758.00
1451.00	5599.00
1452.00	5643.00
1453.00	5664.00
1454.00	5656.00
1455.00	5708.00
1456.00	5640.00
1457.00	5606.00
1458.00	5643.00
1459.00	5622.00
1460.00	5497.00
1461.00	5562.00
1462.00	5597.00
1463.00	5447.00
1464.00	5367.00
1465.00	5447.00
1466.00	5430.00
1467.00	5474.00
1468.00	5316.00
1469.00	5571.00
1470.00	5553.00
1471.00	5455.00
1472.00	5326.00
1473.00	5379.00
1474.00	5397.00
1475.00	5314.00
1476.00	5355.00
1477.00	5416.00
1478.00	5395.00
1479.00	5495.00
1480.00	5346.00
1481.00	5287.00
1482.00	5364.00
1483.00	5335.00
1484.00	5335.00
1485.00	5279.00
1486.00	5281.00
1487.00	5492.00
1488.00	5375.00
1489.00	5278.00
1490.00	5457.00
1491.00	5260.00
1492.00	5290.00
1493.00	5261.00
1494.00	5329.00
1495.00	5369.00
1496.00	5337.00
1497.00	5495.00
1498.00	5357.00
1499.00	5434.00
1500.00	5451.00
1501.00	5461.00
1502.00	5570.00
1503.00	5616.00
1504.00	5512.00
1505.00	5596.00
1506.00	5471.00
1507.00	5677.00
1508.00	5768.00
1509.00	5822.00
1510.00	5907.00
1511.00	5971.00
1512.00	5998.00
1513.00	6193.00
1514.00	6165.00
1515.00	6224.00
1516.00	6392.00
1517.00	6472.00
1518.00	6616.00
1519.00	6556.00
1520.00	6761.00
1521.00	6789.00
1522.00	6791.00
1523.00	6797.00
1524.00	6756.00
1525.00	6897.00
1526.00	6801.00
1527.00	6760.00
1528.00	6682.00
1529.00	6707.00
1530.00	6603.00
1531.00	6612.00
1532.00	6453.00
1533.00	6310.00
1534.00	6144.00
1535.00	6269.00
1536.00	6247.00
1537.00	6065.00
1538.00	6043.00
1539.00	6152.00
1540.00	6054.00
1541.00	5972.00
1542.00	5837.00
1543.00	5903.00
1544.00	5885.00
1545.00	5841.00
1546.00	5958.00
1547.00	6138.00
1548.00	6076.00
1549.00	5935.00
1550.00	6032.00
1551.00	6077.00
1552.00	6127.00
1553.00	6236.00
1554.00	6439.00
1555.00	6319.00
1556.00	6466.00
1557.00	6534.00
1558.00	6807.00
1559.00	6831.00
1560.00	6646.00
1561.00	6979.00
1562.00	6840.00
1563.00	7028.00
1564.00	7087.00
1565.00	7185.00
1566.00	7265.00
1567.00	7485.00
1568.00	7445.00
1569.00	7560.00
1570.00	7660.00
1571.00	7722.00
1572.00	7940.00
1573.00	8116.00
1574.00	8279.00
1575.00	8246.00
1576.00	8379.00
1577.00	8383.00
1578.00	8504.00
1579.00	8560.00
1580.00	8535.00
1581.00	8882.00
1582.00	8726.00
1583.00	8933.00
1584.00	8809.00
1585.00	8897.00
1586.00	9054.00
1587.00	8907.00
1588.00	9136.00
1589.00	8902.00
1590.00	9017.00
1591.00	9186.00
1592.00	8894.00
1593.00	9044.00
1594.00	8973.00
1595.00	8975.00
1596.00	8615.00
1597.00	8905.00
1598.00	8579.00
1599.00	8435.00
1600.00	8399.00
1601.00	8391.00
1602.00	8329.00
1603.00	8116.00
1604.00	7972.00
1605.00	8103.00
1606.00	7982.00
1607.00	7766.00
1608.00	7555.00
1609.00	7391.00
1610.00	7337.00
1611.00	7194.00
1612.00	7068.00
1613.00	7083.00
1614.00	6926.00
1615.00	6883.00
1616.00	6728.00
1617.00	6547.00
1618.00	6342.00
1619.00	6305.00
1620.00	6226.00
1621.00	6150.00
1622.00	5946.00
1623.00	5845.00
1624.00	5830.00
1625.00	5741.00
1626.00	5639.00
1627.00	5632.00
1628.00	5432.00
1629.00	5329.00
1630.00	5384.00
1631.00	5264.00
1632.00	5139.00
1633.00	5086.00
1634.00	5002.00
1635.00	4934.00
1636.00	4868.00
1637.00	4858.00
1638.00	4764.00
1639.00	4781.00
1640.00	4724.00
1641.00	4833.00
1642.00	4535.00
1643.00	4403.00
1644.00	4532.00
1645.00	4503.00
1646.00	4451.00
1647.00	4407.00
1648.00	4371.00
1649.00	4304.00
1650.00	4419.00
1651.00	4311.00
1652.00	4231.00
1653.00	4311.00
1654.00	4350.00
1655.00	4357.00
1656.00	4305.00
1657.00	4482.00
1658.00	4457.00
1659.00	4458.00
1660.00	4614.00
1661.00	4700.00
1662.00	4786.00
1663.00	5037.00
1664.00	5088.00
1665.00	5386.00
1666.00	5497.00
1667.00	5703.00
1668.00	5952.00
1669.00	6372.00
1670.00	6524.00
1671.00	6713.00
1672.00	6891.00
1673.00	7199.00
1674.00	7460.00
1675.00	7601.00
1676.00	7758.00
1677.00	8086.00
1678.00	8376.00
1679.00	8324.00
1680.00	8494.00
1681.00	8634.00
1682.00	8530.00
1683.00	8510.00
1684.00	8461.00
1685.00	8414.00
1686.00	8204.00
1687.00	8164.00
1688.00	7755.00
1689.00	7575.00
1690.00	7289.00
1691.00	6993.00
1692.00	6783.00
1693.00	6499.00
1694.00	6059.00
1695.00	5879.00
1696.00	5500.00
1697.00	5278.00
1698.00	4859.00
1699.00	4746.00
1700.00	4564.00
1701.00	4343.00
1702.00	4152.00
1703.00	3960.00
1704.00	3858.00
1705.00	3776.00
1706.00	3798.00
1707.00	3734.00
1708.00	3678.00
1709.00	3616.00
1710.00	3492.00
1711.00	3504.00
1712.00	3452.00
1713.00	3489.00
1714.00	3513.00
1715.00	3434.00
1716.00	3367.00
1717.00	3403.00
1718.00	3349.00
1719.00	3282.00
1720.00	3357.00
1721.00	3375.00
1722.00	3347.00
1723.00	3336.00
1724.00	3274.00
1725.00	3316.00
1726.00	3259.00
1727.00	3185.00
1728.00	3271.00
1729.00	3292.00
1730.00	3325.00
1731.00	3357.00
1732.00	3183.00
1733.00	3305.00
1734.00	3340.00
1735.00	3284.00
1736.00	3271.00
1737.00	3268.00
1738.00	3354.00
1739.00	3321.00
1740.00	3263.00
1741.00	3297.00
1742.00	3330.00
1743.00	3313.00
1744.00	3293.00
1745.00	3452.00
1746.00	3346.00
1747.00	3344.00
1748.00	3320.00
1749.00	3235.00
1750.00	3381.00
1751.00	3443.00
1752.00	3391.00
1753.00	3331.00
1754.00	3435.00
1755.00	3485.00
1756.00	3474.00
1757.00	3336.00
1758.00	3417.00
1759.00	3513.00
1760.00	3435.00
1761.00	3396.00
1762.00	3374.00
1763.00	3446.00
1764.00	3501.00
1765.00	3390.00
1766.00	3402.00
1767.00	3446.00
1768.00	3459.00
1769.00	3469.00
1770.00	3358.00
1771.00	3479.00
1772.00	3413.00
1773.00	3425.00
1774.00	3435.00
1775.00	3455.00
1776.00	3411.00
1777.00	3381.00
1778.00	3433.00
1779.00	3244.00
1780.00	3350.00
1781.00	3457.00
1782.00	3327.00
1783.00	3266.00
1784.00	3284.00
1785.00	3152.00
1786.00	3128.00
1787.00	3248.00
1788.00	3247.00
1789.00	3141.00
1790.00	3164.00
1791.00	3065.00
1792.00	3097.00
1793.00	2996.00
1794.00	3028.00
1795.00	2957.00
1796.00	2908.00
1797.00	2857.00
1798.00	2983.00
1799.00	2854.00
1800.00	2842.00
1801.00	2786.00
1802.00	2802.00
1803.00	2830.00
1804.00	2883.00
1805.00	2758.00
1806.00	2682.00
1807.00	2624.00
1808.00	2679.00
1809.00	2522.00
1810.00	2620.00
1811.00	2521.00
1812.00	2529.00
1813.00	2492.00
1814.00	2450.00
1815.00	2391.00
1816.00	2533.00
1817.00	2346.00
1818.00	2334.00
1819.00	2387.00
1820.00	2349.00
1821.00	2347.00
1822.00	2233.00
1823.00	2182.00
1824.00	2217.00
1825.00	2305.00
1826.00	2186.00
1827.00	2175.00
1828.00	2154.00
1829.00	2110.00
1830.00	2148.00
1831.00	2141.00
1832.00	2154.00
1833.00	2056.00
1834.00	2173.00
1835.00	2023.00
1836.00	1964.00
1837.00	1987.00
1838.00	2101.00
1839.00	1992.00
1840.00	1994.00
1841.00	1983.00
1842.00	2019.00
1843.00	1862.00
1844.00	1888.00
1845.00	1915.00
1846.00	1888.00
1847.00	1844.00
1848.00	1891.00
1849.00	1793.00
1850.00	1871.00
1851.00	1911.00
1852.00	1835.00
1853.00	1770.00
1854.00	1928.00
1855.00	1834.00
1856.00	1837.00
1857.00	1766.00
1858.00	1769.00
1859.00	1775.00
1860.00	1809.00
1861.00	1775.00
1862.00	1708.00
1863.00	1796.00
1864.00	1691.00
1865.00	1753.00
1866.00	1801.00
1867.00	1728.00
1868.00	1739.00
1869.00	1759.00
1870.00	1719.00
1871.00	1739.00
1872.00	1693.00
1873.00	1712.00
1874.00	1863.00
1875.00	1846.00
1876.00	1821.00
1877.00	1951.00
1878.00	1818.00
1879.00	1876.00
1880.00	1979.00
1881.00	2043.00
1882.00	2038.00
1883.00	2127.00
1884.00	2055.00
1885.00	2110.00
1886.00	2150.00
1887.00	2184.00
1888.00	2304.00
1889.00	2150.00
1890.00	2089.00
1891.00	2191.00
1892.00	2192.00
1893.00	2113.00
1894.00	2028.00
1895.00	2116.00
1896.00	1968.00
1897.00	1906.00
1898.00	1955.00
1899.00	1843.00
1900.00	1774.00
1901.00	1755.00
1902.00	1729.00
1903.00	1717.00
1904.00	1656.00
1905.00	1589.00
1906.00	1554.00
1907.00	1562.00
1908.00	1542.00
1909.00	1513.00
1910.00	1466.00
1911.00	1546.00
1912.00	1444.00
1913.00	1330.00
1914.00	1515.00
1915.00	1519.00
1916.00	1440.00
1917.00	1420.00
1918.00	1415.00
1919.00	1426.00
1920.00	1422.00
1921.00	1396.00
1922.00	1388.00
1923.00	1344.00
1924.00	1326.00
1925.00	1416.00
1926.00	1302.00
1927.00	1350.00
1928.00	1390.00
1929.00	1323.00
1930.00	1302.00
1931.00	1295.00
1932.00	1316.00
1933.00	1293.00
1934.00	1295.00
1935.00	1188.00
1936.00	1208.00
1937.00	1277.00
1938.00	1193.00
1939.00	1201.00
1940.00	1170.00
1941.00	1183.00
1942.00	1208.00
1943.00	1171.00
1944.00	1074.00
1945.00	1167.00
1946.00	1137.00
1947.00	1140.00
1948.00	1055.00
1949.00	1078.00
1950.00	1130.00
1951.00	1067.00
1952.00	1094.00
1953.00	1091.00
1954.00	1074.00
1955.00	1092.00
1956.00	1059.00
1957.00	1075.00
1958.00	1063.00
1959.00	1110.00
1960.00	1099.00
1961.00	995.00
1962.00	1048.00
1963.00	1044.00
1964.00	1070.00
1965.00	1059.00
1966.00	1040.00
1967.00	1073.00
1968.00	1013.00
1969.00	1021.00
1970.00	1024.00
1971.00	1071.00
1972.00	1020.00
1973.00	1006.00
1974.00	948.00
1975.00	1029.00
1976.00	1012.00
1977.00	1015.00
1978.00	1014.00
1979.00	976.00
1980.00	981.00
1981.00	994.00
1982.00	977.00
1983.00	964.00
1984.00	944.00
1985.00	940.00
1986.00	935.00
1987.00	930.00
1988.00	932.00
1989.00	924.00
1990.00	881.00
1991.00	934.00
1992.00	910.00
1993.00	950.00
1994.00	863.00
1995.00	906.00
1996.00	902.00
1997.00	911.00
1998.00	949.00
1999.00	897.00
2000.00	859.00
2001.00	854.00
2002.00	812.00
2003.00	796.00
2004.00	839.00
2005.00	847.00
2006.00	804.00
2007.00	799.00
2008.00	865.00
2009.00	845.00
2010.00	828.00
2011.00	794.00
2012.00	777.00
2013.00	760.00
2014.00	790.00
2015.00	868.00
2016.00	812.00
2017.00	787.00
2018.00	782.00
2019.00	787.00
2020.00	750.00
2021.00	842.00
2022.00	761.00
2023.00	726.00
2024.00	679.00
2025.00	773.00
2026.00	752.00
2027.00	730.00
2028.00	724.00
2029.00	740.00
2030.00	768.00
2031.00	731.00
2032.00	744.00
2033.00	710.00
2034.00	730.00
2035.00	672.00
2036.00	711.00
2037.00	693.00
2038.00	665.00
2039.00	710.00
2040.00	731.00
2041.00	682.00
2042.00	669.00
2043.00	677.00
2044.00	700.00
2045.00	650.00
2046.00	681.00
2047.00	682.00
2048.00	 0.00
