C:\Data\UCD\Agriculture\Sharon_ORourke\Shayan\Pellet_16     2023-09-18  re-evaluated data
peakarea
filename	position (mm)	sample surface	validity	E-gain	E-offset	F-slope	F-offset	cps	MSE	Al	Si	S	Cl	Ar	K	Ca	Ti	V	Cr	Mn	Fe	Ni	Cu	Zn	As	Br	Rb	Sr	Zr	Sb	Ba	Ce	Pr	Nd	Sm	Eu	Gd	Fe a*2	Fe a+b	Fe X1	Fe X2	Fe X3	W La	W Lb1	W Lb2	W La inel	W Lb1 inel	W Lb2 inel	Mo inc	Mo coh	Dt	
C:\Data\UCD\Agriculture\Sharon_ORourke\Shayan\Pellet_16\XRF data\L000000.spe	535.00	5.99	1	0.010374	-0.008249	0.010160	0.076187	97753	4.52	0.813	14.344	0.033	0.019	2.398	25.874	220.654	18.060	1.215	2.954	16.355	413.573	1.957	0.932	4.097	1.332	0.337	2.069	4.658	1.057	1.522	1.688	0.697	0.896	0.813	1.754	0.000	0.000	1.971	0.790	11.808	2.227	0.811	1.654	2.673	2.006	2.038	1.714	1.428	34.771	15.155	0.132	
C:\Data\UCD\Agriculture\Sharon_ORourke\Shayan\Pellet_16\XRF data\L000001.spe	535.20	5.98	1	0.010373	-0.008249	0.010160	0.076187	97281	5.17	0.838	14.910	0.000	0.011	2.436	24.839	230.919	19.191	1.192	3.169	16.467	395.410	2.139	0.739	3.874	1.121	0.104	1.733	4.528	0.764	1.561	1.678	0.537	0.963	0.808	1.827	0.000	0.000	1.766	0.722	11.071	2.319	0.921	1.691	1.565	1.629	4.436	2.449	1.649	36.280	15.255	0.132	
C:\Data\UCD\Agriculture\Sharon_ORourke\Shayan\Pellet_16\XRF data\L000002.spe	535.40	5.98	1	0.010373	-0.008249	0.010160	0.076187	98313	5.22	0.734	14.339	0.000	0.000	2.402	24.732	235.048	19.432	1.141	3.029	15.684	410.092	1.847	0.950	4.089	1.143	0.094	1.810	4.710	1.480	1.677	1.453	0.491	0.995	0.902	1.669	0.000	0.000	2.171	0.933	11.743	2.056	1.114	1.600	1.589	1.921	2.917	1.565	1.199	36.447	15.663	0.133	
C:\Data\UCD\Agriculture\Sharon_ORourke\Shayan\Pellet_16\XRF data\L000003.spe	535.60	5.98	1	0.010380	-0.008249	0.010160	0.076187	98924	3.82	0.819	14.090	0.000	0.000	2.333	24.352	255.962	18.159	1.620	2.376	15.559	412.309	1.458	0.620	4.348	1.259	0.076	2.310	5.057	0.940	1.378	0.884	0.731	0.777	0.859	1.364	0.069	0.076	1.851	0.000	9.986	1.844	1.666	1.347	1.495	2.107	1.077	1.224	1.162	35.819	15.088	0.133	
C:\Data\UCD\Agriculture\Sharon_ORourke\Shayan\Pellet_16\XRF data\L000004.spe	535.80	5.98	1	0.010380	-0.008249	0.010069	0.076187	98920	3.81	0.789	14.225	0.000	0.000	2.389	24.900	244.048	19.699	1.710	2.331	15.437	411.173	1.756	0.492	4.228	1.224	0.206	1.987	4.524	0.909	1.369	1.061	0.685	0.861	0.810	1.542	0.194	0.191	1.702	0.398	9.634	1.853	1.712	1.201	1.934	3.318	0.545	1.327	1.208	36.833	15.316	0.134	
C:\Data\UCD\Agriculture\Sharon_ORourke\Shayan\Pellet_16\XRF data\L000005.spe	536.00	5.97	1	0.010380	-0.008249	0.010069	0.076187	99001	3.57	0.802	14.548	0.000	0.000	2.360	24.605	227.200	24.710	1.665	2.268	16.000	411.661	1.757	0.426	4.017	1.011	0.358	1.880	4.597	0.890	1.357	0.946	0.745	0.879	0.811	1.575	0.124	0.091	1.959	0.472	10.182	1.882	1.588	1.052	2.795	4.581	0.613	1.257	1.104	37.250	15.828	0.134	
C:\Data\UCD\Agriculture\Sharon_ORourke\Shayan\Pellet_16\XRF data\L000006.spe	536.20	5.98	1	0.010380	-0.008249	0.010069	0.076187	98606	3.64	0.808	14.439	0.000	0.017	2.378	24.711	237.286	21.992	1.606	2.049	16.255	399.881	1.805	0.395	4.213	1.130	0.266	1.640	4.703	1.186	1.524	0.898	0.755	0.796	0.748	1.303	0.000	0.246	1.873	0.773	9.483	1.758	1.498	0.983	2.376	2.844	0.724	1.189	1.199	37.661	15.932	0.135	
C:\Data\UCD\Agriculture\Sharon_ORourke\Shayan\Pellet_16\XRF data\L000007.spe	536.40	5.98	1	0.010381	-0.008249	0.010069	0.076187	98523	4.10	0.755	14.976	0.008	0.015	2.412	25.037	216.712	18.132	1.335	2.323	15.366	415.727	1.766	0.553	4.567	1.233	0.301	1.877	4.466	1.364	1.397	0.972	0.738	0.736	0.835	1.420	0.068	0.079	2.227	0.652	9.905	2.072	1.874	1.431	2.384	1.766	0.662	1.920	1.729	36.890	15.804	0.135	
C:\Data\UCD\Agriculture\Sharon_ORourke\Shayan\Pellet_16\XRF data\L000008.spe	536.60	5.97	1	0.010376	-0.008249	0.010069	0.076187	99188	3.76	0.814	14.569	0.000	0.000	2.296	25.909	202.011	18.349	1.450	2.316	16.472	425.526	1.925	0.729	4.204	1.430	0.084	2.495	4.369	1.115	1.361	1.412	0.538	0.653	0.940	1.623	0.172	0.074	2.265	0.000	13.168	2.762	1.313	1.571	1.997	1.545	1.209	2.553	1.533	37.803	16.033	0.135	