Date:	2023-09-18		
Time:	20:14		
Sample name:	Pellets		
Position:	536.600011	mm	
Sample surface:	5.972186	cm	
Tube anode:	Mo		
Tube voltage:	30	kV	
Tube current:	50	mA	
Comments	not in position		
Gain	5.810000		
peaking_time	0.300000	m-sec	
trigger_threshold	30.000000	V	
mca_bin_width	2.000000	no:	
number_mca_channels	2048.000000	no:	
gap_time	0.100000	m-sec	
trigger_peaking_time	0.050000	m-sec	
livetime	17.297400	seconds	
runtime	20.000386	seconds	
input_count_rate	114687.753948	cps	
output_count_rate	99188.088150	cps	
triggers	2215407.000000	seconds	
events_in_run	1974376.000000	seconds	
channel	content		
 1.00	 0.00
 2.00	 0.00
 3.00	 0.00
 4.00	 0.00
 5.00	 0.00
 6.00	 0.00
 7.00	 0.00
 8.00	 0.00
 9.00	 0.00
10.00	 0.00
11.00	 0.00
12.00	 0.00
13.00	 0.00
14.00	 0.00
15.00	 0.00
16.00	 0.00
17.00	 0.00
18.00	 0.00
19.00	 0.00
20.00	 0.00
21.00	 0.00
22.00	 0.00
23.00	 0.00
24.00	 0.00
25.00	 0.00
26.00	 0.00
27.00	 0.00
28.00	 0.00
29.00	 0.00
30.00	 0.00
31.00	 1.00
32.00	 1.00
33.00	 3.00
34.00	 3.00
35.00	 9.00
36.00	12.00
37.00	11.00
38.00	22.00
39.00	26.00
40.00	38.00
41.00	45.00
42.00	80.00
43.00	88.00
44.00	106.00
45.00	135.00
46.00	137.00
47.00	162.00
48.00	197.00
49.00	211.00
50.00	236.00
51.00	265.00
52.00	248.00
53.00	271.00
54.00	288.00
55.00	283.00
56.00	346.00
57.00	329.00
58.00	322.00
59.00	292.00
60.00	327.00
61.00	344.00
62.00	345.00
63.00	328.00
64.00	356.00
65.00	384.00
66.00	392.00
67.00	373.00
68.00	384.00
69.00	376.00
70.00	380.00
71.00	348.00
72.00	414.00
73.00	372.00
74.00	359.00
75.00	385.00
76.00	379.00
77.00	413.00
78.00	373.00
79.00	354.00
80.00	371.00
81.00	349.00
82.00	343.00
83.00	356.00
84.00	345.00
85.00	355.00
86.00	356.00
87.00	356.00
88.00	351.00
89.00	341.00
90.00	395.00
91.00	326.00
92.00	329.00
93.00	340.00
94.00	321.00
95.00	345.00
96.00	341.00
97.00	339.00
98.00	339.00
99.00	317.00
100.00	331.00
101.00	305.00
102.00	297.00
103.00	286.00
104.00	287.00
105.00	295.00
106.00	295.00
107.00	300.00
108.00	293.00
109.00	271.00
110.00	278.00
111.00	282.00
112.00	259.00
113.00	263.00
114.00	281.00
115.00	292.00
116.00	280.00
117.00	280.00
118.00	290.00
119.00	322.00
120.00	284.00
121.00	270.00
122.00	287.00
123.00	282.00
124.00	247.00
125.00	255.00
126.00	226.00
127.00	224.00
128.00	256.00
129.00	219.00
130.00	231.00
131.00	246.00
132.00	229.00
133.00	250.00
134.00	252.00
135.00	239.00
136.00	245.00
137.00	321.00
138.00	353.00
139.00	497.00
140.00	651.00
141.00	747.00
142.00	906.00
143.00	998.00
144.00	1052.00
145.00	1097.00
146.00	998.00
147.00	960.00
148.00	822.00
149.00	757.00
150.00	683.00
151.00	636.00
152.00	565.00
153.00	534.00
154.00	506.00
155.00	470.00
156.00	452.00
157.00	430.00
158.00	460.00
159.00	599.00
160.00	868.00
161.00	1407.00
162.00	2286.00
163.00	3621.00
164.00	5382.00
165.00	7741.00
166.00	10065.00
167.00	11924.00
168.00	13511.00
169.00	14153.00
170.00	13871.00
171.00	12161.00
172.00	10344.00
173.00	8003.00
174.00	5982.00
175.00	4246.00
176.00	3037.00
177.00	2157.00
178.00	1657.00
179.00	1384.00
180.00	1129.00
181.00	1018.00
182.00	954.00
183.00	1066.00
184.00	1337.00
185.00	1474.00
186.00	1711.00
187.00	1894.00
188.00	2124.00
189.00	2265.00
190.00	2135.00
191.00	1951.00
192.00	1712.00
193.00	1467.00
194.00	1074.00
195.00	853.00
196.00	621.00
197.00	500.00
198.00	389.00
199.00	334.00
200.00	293.00
201.00	252.00
202.00	216.00
203.00	248.00
204.00	226.00
205.00	212.00
206.00	221.00
207.00	228.00
208.00	250.00
209.00	237.00
210.00	241.00
211.00	270.00
212.00	253.00
213.00	290.00
214.00	287.00
215.00	335.00
216.00	342.00
217.00	420.00
218.00	464.00
219.00	488.00
220.00	487.00
221.00	447.00
222.00	442.00
223.00	447.00
224.00	376.00
225.00	368.00
226.00	300.00
227.00	278.00
228.00	276.00
229.00	224.00
230.00	234.00
231.00	212.00
232.00	221.00
233.00	188.00
234.00	187.00
235.00	206.00
236.00	193.00
237.00	187.00
238.00	190.00
239.00	201.00
240.00	211.00
241.00	206.00
242.00	205.00
243.00	193.00
244.00	176.00
245.00	218.00
246.00	219.00
247.00	206.00
248.00	256.00
249.00	231.00
250.00	220.00
251.00	214.00
252.00	238.00
253.00	228.00
254.00	212.00
255.00	235.00
256.00	226.00
257.00	212.00
258.00	252.00
259.00	217.00
260.00	268.00
261.00	239.00
262.00	277.00
263.00	260.00
264.00	271.00
265.00	335.00
266.00	300.00
267.00	334.00
268.00	341.00
269.00	320.00
270.00	333.00
271.00	298.00
272.00	291.00
273.00	267.00
274.00	275.00
275.00	308.00
276.00	321.00
277.00	361.00
278.00	475.00
279.00	611.00
280.00	776.00
281.00	994.00
282.00	1285.00
283.00	1567.00
284.00	1796.00
285.00	2027.00
286.00	2211.00
287.00	2178.00
288.00	2137.00
289.00	1920.00
290.00	1698.00
291.00	1497.00
292.00	1180.00
293.00	916.00
294.00	686.00
295.00	577.00
296.00	469.00
297.00	366.00
298.00	385.00
299.00	335.00
300.00	308.00
301.00	360.00
302.00	385.00
303.00	451.00
304.00	460.00
305.00	496.00
306.00	608.00
307.00	708.00
308.00	840.00
309.00	1103.00
310.00	1519.00
311.00	2071.00
312.00	2972.00
313.00	4140.00
314.00	5841.00
315.00	8012.00
316.00	10586.00
317.00	13364.00
318.00	16010.00
319.00	18251.00
320.00	19808.00
321.00	20451.00
322.00	20042.00
323.00	18785.00
324.00	16434.00
325.00	13927.00
326.00	11172.00
327.00	8526.00
328.00	6172.00
329.00	4426.00
330.00	2970.00
331.00	1929.00
332.00	1406.00
333.00	966.00
334.00	751.00
335.00	671.00
336.00	685.00
337.00	810.00
338.00	1029.00
339.00	1234.00
340.00	1563.00
341.00	2137.00
342.00	2746.00
343.00	3917.00
344.00	5370.00
345.00	7598.00
346.00	11331.00
347.00	16430.00
348.00	24015.00
349.00	35083.00
350.00	48876.00
351.00	65949.00
352.00	86118.00
353.00	108558.00
354.00	130531.00
355.00	150129.00
356.00	164939.00
357.00	170797.00
358.00	171872.00
359.00	162997.00
360.00	147384.00
361.00	128596.00
362.00	106357.00
363.00	83842.00
364.00	62964.00
365.00	45412.00
366.00	31291.00
367.00	20595.00
368.00	13112.00
369.00	8242.00
370.00	5105.00
371.00	3179.00
372.00	2124.00
373.00	1686.00
374.00	1527.00
375.00	1694.00
376.00	1965.00
377.00	2507.00
378.00	3524.00
379.00	4641.00
380.00	6348.00
381.00	8204.00
382.00	10655.00
383.00	13728.00
384.00	16782.00
385.00	19874.00
386.00	22388.00
387.00	24407.00
388.00	25552.00
389.00	25428.00
390.00	24646.00
391.00	22280.00
392.00	19870.00
393.00	16855.00
394.00	13723.00
395.00	10856.00
396.00	8056.00
397.00	5710.00
398.00	4001.00
399.00	2670.00
400.00	1902.00
401.00	1236.00
402.00	845.00
403.00	643.00
404.00	478.00
405.00	403.00
406.00	355.00
407.00	308.00
408.00	270.00
409.00	293.00
410.00	282.00
411.00	295.00
412.00	297.00
413.00	320.00
414.00	318.00
415.00	353.00
416.00	374.00
417.00	377.00
418.00	405.00
419.00	482.00
420.00	487.00
421.00	558.00
422.00	672.00
423.00	918.00
424.00	1194.00
425.00	1628.00
426.00	2346.00
427.00	3149.00
428.00	4066.00
429.00	5724.00
430.00	7062.00
431.00	8884.00
432.00	10579.00
433.00	12304.00
434.00	13396.00
435.00	14569.00
436.00	14807.00
437.00	15009.00
438.00	14006.00
439.00	12826.00
440.00	11454.00
441.00	9677.00
442.00	8158.00
443.00	6508.00
444.00	5272.00
445.00	4248.00
446.00	3482.00
447.00	2881.00
448.00	2553.00
449.00	2330.00
450.00	2153.00
451.00	2043.00
452.00	1825.00
453.00	1691.00
454.00	1502.00
455.00	1420.00
456.00	1270.00
457.00	1141.00
458.00	990.00
459.00	969.00
460.00	987.00
461.00	994.00
462.00	1042.00
463.00	1117.00
464.00	1254.00
465.00	1282.00
466.00	1535.00
467.00	1651.00
468.00	1840.00
469.00	2029.00
470.00	2296.00
471.00	2560.00
472.00	2820.00
473.00	3094.00
474.00	3349.00
475.00	3551.00
476.00	3588.00
477.00	3694.00
478.00	3581.00
479.00	3436.00
480.00	3228.00
481.00	2891.00
482.00	2642.00
483.00	2242.00
484.00	1991.00
485.00	1610.00
486.00	1532.00
487.00	1185.00
488.00	1062.00
489.00	1015.00
490.00	793.00
491.00	790.00
492.00	789.00
493.00	796.00
494.00	742.00
495.00	816.00
496.00	851.00
497.00	820.00
498.00	885.00
499.00	904.00
500.00	956.00
501.00	981.00
502.00	984.00
503.00	1025.00
504.00	1037.00
505.00	1106.00
506.00	1132.00
507.00	1142.00
508.00	1235.00
509.00	1236.00
510.00	1241.00
511.00	1325.00
512.00	1354.00
513.00	1396.00
514.00	1486.00
515.00	1477.00
516.00	1528.00
517.00	1643.00
518.00	1707.00
519.00	1843.00
520.00	1940.00
521.00	2054.00
522.00	2154.00
523.00	2125.00
524.00	2274.00
525.00	2119.00
526.00	2143.00
527.00	2098.00
528.00	1991.00
529.00	1948.00
530.00	1815.00
531.00	1757.00
532.00	1642.00
533.00	1674.00
534.00	1688.00
535.00	1632.00
536.00	1576.00
537.00	1589.00
538.00	1592.00
539.00	1549.00
540.00	1604.00
541.00	1573.00
542.00	1614.00
543.00	1604.00
544.00	1675.00
545.00	1555.00
546.00	1658.00
547.00	1593.00
548.00	1607.00
549.00	1673.00
550.00	1645.00
551.00	1685.00
552.00	1667.00
553.00	1693.00
554.00	1920.00
555.00	2045.00
556.00	2246.00
557.00	2623.00
558.00	3123.00
559.00	3730.00
560.00	4508.00
561.00	5648.00
562.00	6758.00
563.00	8219.00
564.00	9872.00
565.00	11373.00
566.00	12711.00
567.00	14546.00
568.00	15413.00
569.00	15934.00
570.00	15971.00
571.00	15682.00
572.00	15040.00
573.00	13748.00
574.00	12343.00
575.00	10666.00
576.00	9233.00
577.00	7542.00
578.00	6230.00
579.00	5156.00
580.00	4036.00
581.00	3356.00
582.00	2626.00
583.00	2434.00
584.00	2073.00
585.00	1879.00
586.00	1831.00
587.00	1861.00
588.00	1926.00
589.00	1797.00
590.00	1925.00
591.00	1998.00
592.00	2207.00
593.00	2231.00
594.00	2369.00
595.00	2554.00
596.00	2783.00
597.00	3199.00
598.00	3682.00
599.00	4465.00
600.00	5619.00
601.00	7496.00
602.00	10158.00
603.00	14048.00
604.00	20328.00
605.00	28861.00
606.00	40113.00
607.00	55874.00
608.00	75866.00
609.00	100602.00
610.00	130448.00
611.00	163673.00
612.00	202325.00
613.00	240627.00
614.00	277956.00
615.00	313470.00
616.00	341857.00
617.00	361589.00
618.00	368843.00
619.00	369040.00
620.00	356610.00
621.00	333986.00
622.00	305043.00
623.00	268768.00
624.00	231574.00
625.00	191945.00
626.00	155623.00
627.00	122478.00
628.00	93555.00
629.00	70379.00
630.00	51056.00
631.00	36509.00
632.00	25959.00
633.00	18313.00
634.00	13025.00
635.00	9140.00
636.00	6806.00
637.00	5341.00
638.00	4414.00
639.00	3613.00
640.00	3284.00
641.00	3129.00
642.00	3048.00
643.00	2839.00
644.00	2769.00
645.00	2936.00
646.00	2940.00
647.00	2879.00
648.00	3003.00
649.00	2984.00
650.00	2988.00
651.00	3187.00
652.00	3218.00
653.00	3266.00
654.00	3201.00
655.00	3379.00
656.00	3535.00
657.00	3705.00
658.00	3753.00
659.00	3973.00
660.00	4241.00
661.00	4546.00
662.00	4662.00
663.00	5084.00
664.00	5591.00
665.00	6171.00
666.00	6936.00
667.00	7970.00
668.00	9610.00
669.00	11761.00
670.00	14241.00
671.00	17514.00
672.00	21309.00
673.00	25413.00
674.00	30029.00
675.00	35574.00
676.00	41345.00
677.00	46195.00
678.00	51372.00
679.00	55333.00
680.00	58021.00
681.00	59542.00
682.00	59400.00
683.00	57333.00
684.00	54573.00
685.00	50831.00
686.00	45762.00
687.00	40001.00
688.00	34321.00
689.00	29135.00
690.00	23463.00
691.00	19245.00
692.00	15320.00
693.00	11797.00
694.00	9364.00
695.00	7435.00
696.00	5870.00
697.00	5010.00
698.00	4074.00
699.00	3669.00
700.00	3373.00
701.00	3227.00
702.00	3024.00
703.00	3039.00
704.00	2952.00
705.00	2982.00
706.00	3096.00
707.00	3107.00
708.00	3331.00
709.00	3375.00
710.00	3544.00
711.00	3602.00
712.00	3757.00
713.00	3943.00
714.00	4090.00
715.00	4190.00
716.00	4300.00
717.00	4354.00
718.00	4557.00
719.00	4759.00
720.00	4605.00
721.00	4633.00
722.00	4804.00
723.00	4660.00
724.00	4591.00
725.00	4436.00
726.00	4220.00
727.00	4077.00
728.00	4015.00
729.00	3767.00
730.00	3562.00
731.00	3548.00
732.00	3401.00
733.00	3362.00
734.00	3309.00
735.00	3184.00
736.00	3025.00
737.00	3108.00
738.00	3133.00
739.00	3018.00
740.00	3109.00
741.00	2988.00
742.00	3085.00
743.00	3003.00
744.00	2946.00
745.00	3023.00
746.00	2915.00
747.00	2958.00
748.00	3027.00
749.00	3063.00
750.00	2955.00
751.00	2956.00
752.00	2954.00
753.00	2965.00
754.00	2879.00
755.00	2975.00
756.00	2965.00
757.00	2963.00
758.00	3106.00
759.00	3081.00
760.00	3130.00
761.00	3268.00
762.00	3278.00
763.00	3259.00
764.00	3340.00
765.00	3416.00
766.00	3420.00
767.00	3592.00
768.00	3743.00
769.00	3940.00
770.00	4017.00
771.00	4257.00
772.00	4212.00
773.00	4316.00
774.00	4461.00
775.00	4703.00
776.00	4673.00
777.00	4701.00
778.00	4955.00
779.00	4909.00
780.00	4914.00
781.00	4940.00
782.00	4937.00
783.00	4873.00
784.00	4814.00
785.00	4847.00
786.00	4971.00
787.00	4932.00
788.00	4987.00
789.00	4870.00
790.00	5006.00
791.00	4971.00
792.00	5075.00
793.00	5292.00
794.00	5168.00
795.00	5385.00
796.00	5171.00
797.00	5198.00
798.00	5362.00
799.00	5378.00
800.00	5163.00
801.00	5307.00
802.00	5185.00
803.00	5227.00
804.00	5311.00
805.00	5250.00
806.00	5257.00
807.00	5155.00
808.00	5257.00
809.00	5246.00
810.00	5162.00
811.00	5219.00
812.00	5250.00
813.00	5166.00
814.00	5155.00
815.00	5205.00
816.00	5108.00
817.00	5123.00
818.00	5141.00
819.00	5300.00
820.00	5370.00
821.00	5324.00
822.00	5607.00
823.00	5934.00
824.00	6090.00
825.00	6306.00
826.00	6590.00
827.00	6798.00
828.00	7150.00
829.00	7450.00
830.00	7631.00
831.00	7819.00
832.00	7893.00
833.00	8078.00
834.00	7931.00
835.00	7904.00
836.00	7787.00
837.00	7817.00
838.00	7285.00
839.00	7128.00
840.00	6782.00
841.00	6543.00
842.00	6341.00
843.00	6033.00
844.00	5946.00
845.00	5633.00
846.00	5615.00
847.00	5363.00
848.00	5276.00
849.00	5288.00
850.00	5152.00
851.00	5167.00
852.00	5148.00
853.00	5174.00
854.00	5196.00
855.00	5205.00
856.00	5229.00
857.00	5256.00
858.00	5311.00
859.00	5222.00
860.00	5247.00
861.00	5338.00
862.00	5168.00
863.00	5236.00
864.00	5204.00
865.00	5153.00
866.00	5169.00
867.00	5239.00
868.00	5381.00
869.00	5314.00
870.00	5275.00
871.00	5321.00
872.00	5195.00
873.00	5194.00
874.00	5358.00
875.00	5252.00
876.00	5435.00
877.00	5366.00
878.00	5456.00
879.00	5672.00
880.00	5579.00
881.00	5802.00
882.00	5554.00
883.00	5736.00
884.00	5765.00
885.00	5826.00
886.00	5997.00
887.00	5972.00
888.00	5972.00
889.00	6166.00
890.00	6220.00
891.00	6301.00
892.00	6296.00
893.00	6275.00
894.00	6109.00
895.00	6245.00
896.00	6181.00
897.00	6246.00
898.00	6456.00
899.00	6398.00
900.00	6193.00
901.00	6251.00
902.00	6295.00
903.00	6270.00
904.00	6287.00
905.00	6435.00
906.00	6314.00
907.00	6254.00
908.00	6315.00
909.00	6343.00
910.00	6299.00
911.00	6373.00
912.00	6536.00
913.00	6486.00
914.00	6592.00
915.00	6557.00
916.00	6519.00
917.00	6622.00
918.00	6793.00
919.00	6851.00
920.00	6921.00
921.00	6954.00
922.00	7126.00
923.00	6966.00
924.00	7025.00
925.00	7180.00
926.00	7103.00
927.00	6972.00
928.00	7102.00
929.00	7152.00
930.00	7109.00
931.00	6906.00
932.00	6971.00
933.00	7021.00
934.00	6882.00
935.00	6931.00
936.00	6813.00
937.00	6919.00
938.00	6745.00
939.00	6835.00
940.00	6813.00
941.00	6791.00
942.00	6742.00
943.00	6773.00
944.00	6698.00
945.00	6730.00
946.00	6667.00
947.00	6680.00
948.00	6770.00
949.00	6787.00
950.00	6600.00
951.00	6886.00
952.00	6794.00
953.00	6841.00
954.00	6893.00
955.00	7048.00
956.00	7014.00
957.00	7005.00
958.00	7003.00
959.00	6929.00
960.00	7033.00
961.00	6921.00
962.00	6974.00
963.00	7006.00
964.00	6952.00
965.00	7212.00
966.00	7227.00
967.00	7102.00
968.00	7128.00
969.00	7074.00
970.00	6917.00
971.00	7242.00
972.00	7181.00
973.00	7112.00
974.00	7209.00
975.00	7073.00
976.00	6946.00
977.00	7243.00
978.00	6999.00
979.00	7078.00
980.00	7148.00
981.00	6960.00
982.00	6946.00
983.00	6828.00
984.00	6904.00
985.00	6913.00
986.00	6780.00
987.00	6800.00
988.00	6752.00
989.00	6950.00
990.00	6831.00
991.00	6829.00
992.00	6926.00
993.00	6694.00
994.00	6842.00
995.00	6805.00
996.00	6921.00
997.00	6749.00
998.00	7034.00
999.00	7019.00
1000.00	6929.00
1001.00	6879.00
1002.00	6861.00
1003.00	6948.00
1004.00	6900.00
1005.00	6926.00
1006.00	6987.00
1007.00	6892.00
1008.00	7111.00
1009.00	7199.00
1010.00	7122.00
1011.00	7156.00
1012.00	7329.00
1013.00	7314.00
1014.00	7331.00
1015.00	7365.00
1016.00	7359.00
1017.00	7388.00
1018.00	7385.00
1019.00	7281.00
1020.00	7166.00
1021.00	7168.00
1022.00	7096.00
1023.00	7079.00
1024.00	7121.00
1025.00	7168.00
1026.00	7058.00
1027.00	6873.00
1028.00	6945.00
1029.00	6857.00
1030.00	6941.00
1031.00	6793.00
1032.00	6802.00
1033.00	6785.00
1034.00	6751.00
1035.00	6835.00
1036.00	6846.00
1037.00	6888.00
1038.00	6691.00
1039.00	6811.00
1040.00	6751.00
1041.00	6931.00
1042.00	6903.00
1043.00	7078.00
1044.00	6907.00
1045.00	7119.00
1046.00	6962.00
1047.00	7128.00
1048.00	7021.00
1049.00	7192.00
1050.00	6910.00
1051.00	7265.00
1052.00	7099.00
1053.00	6981.00
1054.00	7227.00
1055.00	6983.00
1056.00	7114.00
1057.00	7152.00
1058.00	7151.00
1059.00	7277.00
1060.00	7226.00
1061.00	7289.00
1062.00	7184.00
1063.00	7220.00
1064.00	7246.00
1065.00	7242.00
1066.00	7295.00
1067.00	7387.00
1068.00	7205.00
1069.00	7381.00
1070.00	7239.00
1071.00	7565.00
1072.00	7185.00
1073.00	7215.00
1074.00	7501.00
1075.00	7468.00
1076.00	7314.00
1077.00	7426.00
1078.00	7243.00
1079.00	7273.00
1080.00	7330.00
1081.00	7366.00
1082.00	7346.00
1083.00	7510.00
1084.00	7416.00
1085.00	7412.00
1086.00	7472.00
1087.00	7334.00
1088.00	7429.00
1089.00	7467.00
1090.00	7373.00
1091.00	7445.00
1092.00	7329.00
1093.00	7376.00
1094.00	7459.00
1095.00	7452.00
1096.00	7402.00
1097.00	7468.00
1098.00	7441.00
1099.00	7435.00
1100.00	7374.00
1101.00	7533.00
1102.00	7319.00
1103.00	7470.00
1104.00	7421.00
1105.00	7458.00
1106.00	7402.00
1107.00	7581.00
1108.00	7443.00
1109.00	7510.00
1110.00	7489.00
1111.00	7503.00
1112.00	7562.00
1113.00	7392.00
1114.00	7475.00
1115.00	7441.00
1116.00	7346.00
1117.00	7501.00
1118.00	7518.00
1119.00	7369.00
1120.00	7459.00
1121.00	7460.00
1122.00	7611.00
1123.00	7342.00
1124.00	7461.00
1125.00	7514.00
1126.00	7412.00
1127.00	7355.00
1128.00	7541.00
1129.00	7437.00
1130.00	7355.00
1131.00	7420.00
1132.00	7428.00
1133.00	7541.00
1134.00	7384.00
1135.00	7466.00
1136.00	7545.00
1137.00	7450.00
1138.00	7402.00
1139.00	7462.00
1140.00	7452.00
1141.00	7323.00
1142.00	7472.00
1143.00	7343.00
1144.00	7528.00
1145.00	7364.00
1146.00	7279.00
1147.00	7199.00
1148.00	7268.00
1149.00	7326.00
1150.00	7448.00
1151.00	7416.00
1152.00	7305.00
1153.00	7362.00
1154.00	7409.00
1155.00	7339.00
1156.00	7377.00
1157.00	7261.00
1158.00	7410.00
1159.00	7425.00
1160.00	7286.00
1161.00	7479.00
1162.00	7361.00
1163.00	7097.00
1164.00	7369.00
1165.00	7207.00
1166.00	7263.00
1167.00	7350.00
1168.00	7241.00
1169.00	7227.00
1170.00	7394.00
1171.00	7394.00
1172.00	7370.00
1173.00	7247.00
1174.00	7411.00
1175.00	7510.00
1176.00	7290.00
1177.00	7465.00
1178.00	7466.00
1179.00	7438.00
1180.00	7600.00
1181.00	7401.00
1182.00	7467.00
1183.00	7532.00
1184.00	7493.00
1185.00	7341.00
1186.00	7660.00
1187.00	7315.00
1188.00	7400.00
1189.00	7325.00
1190.00	7434.00
1191.00	7469.00
1192.00	7302.00
1193.00	7476.00
1194.00	7414.00
1195.00	7515.00
1196.00	7445.00
1197.00	7481.00
1198.00	7551.00
1199.00	7469.00
1200.00	7497.00
1201.00	7528.00
1202.00	7655.00
1203.00	7483.00
1204.00	7628.00
1205.00	7503.00
1206.00	7548.00
1207.00	7457.00
1208.00	7581.00
1209.00	7617.00
1210.00	7703.00
1211.00	7607.00
1212.00	7670.00
1213.00	7656.00
1214.00	7790.00
1215.00	7712.00
1216.00	7823.00
1217.00	7753.00
1218.00	7870.00
1219.00	7790.00
1220.00	8022.00
1221.00	7796.00
1222.00	7987.00
1223.00	7972.00
1224.00	7965.00
1225.00	7981.00
1226.00	8158.00
1227.00	7838.00
1228.00	8042.00
1229.00	8077.00
1230.00	8199.00
1231.00	8213.00
1232.00	8086.00
1233.00	7966.00
1234.00	8003.00
1235.00	8175.00
1236.00	8170.00
1237.00	8022.00
1238.00	8025.00
1239.00	8090.00
1240.00	7844.00
1241.00	8005.00
1242.00	8019.00
1243.00	7729.00
1244.00	7805.00
1245.00	7600.00
1246.00	7830.00
1247.00	7745.00
1248.00	7875.00
1249.00	7554.00
1250.00	7484.00
1251.00	7597.00
1252.00	7595.00
1253.00	7555.00
1254.00	7668.00
1255.00	7522.00
1256.00	7458.00
1257.00	7571.00
1258.00	7466.00
1259.00	7504.00
1260.00	7516.00
1261.00	7621.00
1262.00	7524.00
1263.00	7475.00
1264.00	7508.00
1265.00	7430.00
1266.00	7396.00
1267.00	7526.00
1268.00	7544.00
1269.00	7536.00
1270.00	7612.00
1271.00	7674.00
1272.00	7656.00
1273.00	7691.00
1274.00	7593.00
1275.00	7748.00
1276.00	7889.00
1277.00	7813.00
1278.00	7705.00
1279.00	7959.00
1280.00	8019.00
1281.00	8217.00
1282.00	8159.00
1283.00	8305.00
1284.00	8431.00
1285.00	8531.00
1286.00	8522.00
1287.00	8538.00
1288.00	8816.00
1289.00	8727.00
1290.00	8625.00
1291.00	8754.00
1292.00	8711.00
1293.00	8797.00
1294.00	8512.00
1295.00	8450.00
1296.00	8503.00
1297.00	8311.00
1298.00	8259.00
1299.00	8247.00
1300.00	8183.00
1301.00	7984.00
1302.00	7944.00
1303.00	7871.00
1304.00	7854.00
1305.00	7724.00
1306.00	7712.00
1307.00	7633.00
1308.00	7754.00
1309.00	7612.00
1310.00	7557.00
1311.00	7542.00
1312.00	7480.00
1313.00	7496.00
1314.00	7519.00
1315.00	7320.00
1316.00	7499.00
1317.00	7428.00
1318.00	7293.00
1319.00	7472.00
1320.00	7488.00
1321.00	7373.00
1322.00	7378.00
1323.00	7507.00
1324.00	7171.00
1325.00	7364.00
1326.00	7363.00
1327.00	7405.00
1328.00	7376.00
1329.00	7364.00
1330.00	7231.00
1331.00	7269.00
1332.00	7395.00
1333.00	7262.00
1334.00	7326.00
1335.00	7258.00
1336.00	7197.00
1337.00	7197.00
1338.00	7109.00
1339.00	7237.00
1340.00	7337.00
1341.00	7179.00
1342.00	7194.00
1343.00	7371.00
1344.00	7413.00
1345.00	7460.00
1346.00	7499.00
1347.00	7679.00
1348.00	7751.00
1349.00	7823.00
1350.00	8192.00
1351.00	8319.00
1352.00	8382.00
1353.00	8439.00
1354.00	8722.00
1355.00	8851.00
1356.00	9165.00
1357.00	9218.00
1358.00	9242.00
1359.00	9621.00
1360.00	9642.00
1361.00	9806.00
1362.00	9793.00
1363.00	9874.00
1364.00	9768.00
1365.00	10065.00
1366.00	9939.00
1367.00	9682.00
1368.00	9663.00
1369.00	9414.00
1370.00	9086.00
1371.00	9055.00
1372.00	8819.00
1373.00	8626.00
1374.00	8255.00
1375.00	8223.00
1376.00	7926.00
1377.00	7779.00
1378.00	7490.00
1379.00	7570.00
1380.00	7182.00
1381.00	7092.00
1382.00	7040.00
1383.00	7035.00
1384.00	6945.00
1385.00	6687.00
1386.00	6737.00
1387.00	6721.00
1388.00	6757.00
1389.00	6695.00
1390.00	6742.00
1391.00	6571.00
1392.00	6695.00
1393.00	6748.00
1394.00	6639.00
1395.00	6516.00
1396.00	6534.00
1397.00	6507.00
1398.00	6596.00
1399.00	6363.00
1400.00	6648.00
1401.00	6374.00
1402.00	6563.00
1403.00	6612.00
1404.00	6577.00
1405.00	6527.00
1406.00	6355.00
1407.00	6458.00
1408.00	6501.00
1409.00	6449.00
1410.00	6461.00
1411.00	6417.00
1412.00	6348.00
1413.00	6397.00
1414.00	6315.00
1415.00	6429.00
1416.00	6503.00
1417.00	6471.00
1418.00	6550.00
1419.00	6438.00
1420.00	6339.00
1421.00	6309.00
1422.00	6421.00
1423.00	6436.00
1424.00	6488.00
1425.00	6627.00
1426.00	6518.00
1427.00	6543.00
1428.00	6453.00
1429.00	6621.00
1430.00	6534.00
1431.00	6564.00
1432.00	6725.00
1433.00	6560.00
1434.00	6730.00
1435.00	6703.00
1436.00	6656.00
1437.00	6767.00
1438.00	6800.00
1439.00	6810.00
1440.00	6934.00
1441.00	6769.00
1442.00	6851.00
1443.00	6962.00
1444.00	6813.00
1445.00	6753.00
1446.00	6633.00
1447.00	6561.00
1448.00	6733.00
1449.00	6553.00
1450.00	6643.00
1451.00	6518.00
1452.00	6457.00
1453.00	6400.00
1454.00	6303.00
1455.00	6414.00
1456.00	6288.00
1457.00	6276.00
1458.00	6335.00
1459.00	6288.00
1460.00	6374.00
1461.00	6248.00
1462.00	6244.00
1463.00	6082.00
1464.00	6197.00
1465.00	6205.00
1466.00	6276.00
1467.00	6199.00
1468.00	6145.00
1469.00	6215.00
1470.00	6128.00
1471.00	6165.00
1472.00	6207.00
1473.00	6109.00
1474.00	6103.00
1475.00	6161.00
1476.00	6093.00
1477.00	6082.00
1478.00	6018.00
1479.00	5987.00
1480.00	6070.00
1481.00	6130.00
1482.00	6248.00
1483.00	6084.00
1484.00	6076.00
1485.00	6102.00
1486.00	6059.00
1487.00	6133.00
1488.00	6172.00
1489.00	6025.00
1490.00	6045.00
1491.00	5955.00
1492.00	6042.00
1493.00	6094.00
1494.00	6162.00
1495.00	6199.00
1496.00	6213.00
1497.00	6046.00
1498.00	6192.00
1499.00	6290.00
1500.00	6190.00
1501.00	6254.00
1502.00	6404.00
1503.00	6454.00
1504.00	6381.00
1505.00	6402.00
1506.00	6561.00
1507.00	6644.00
1508.00	6628.00
1509.00	6707.00
1510.00	6779.00
1511.00	6975.00
1512.00	6987.00
1513.00	6922.00
1514.00	7148.00
1515.00	7146.00
1516.00	7212.00
1517.00	7360.00
1518.00	7353.00
1519.00	7172.00
1520.00	7182.00
1521.00	7597.00
1522.00	7553.00
1523.00	7522.00
1524.00	7351.00
1525.00	7362.00
1526.00	7375.00
1527.00	7243.00
1528.00	7282.00
1529.00	7063.00
1530.00	7126.00
1531.00	6974.00
1532.00	7099.00
1533.00	7059.00
1534.00	6852.00
1535.00	6772.00
1536.00	6637.00
1537.00	6741.00
1538.00	6749.00
1539.00	6728.00
1540.00	6700.00
1541.00	6643.00
1542.00	6673.00
1543.00	6653.00
1544.00	6681.00
1545.00	6736.00
1546.00	6861.00
1547.00	6892.00
1548.00	6844.00
1549.00	7021.00
1550.00	6986.00
1551.00	6992.00
1552.00	7120.00
1553.00	7174.00
1554.00	7351.00
1555.00	7396.00
1556.00	7493.00
1557.00	7555.00
1558.00	7724.00
1559.00	7671.00
1560.00	7767.00
1561.00	8037.00
1562.00	8038.00
1563.00	8335.00
1564.00	8398.00
1565.00	8431.00
1566.00	8727.00
1567.00	8761.00
1568.00	8809.00
1569.00	9002.00
1570.00	9162.00
1571.00	9238.00
1572.00	9335.00
1573.00	9230.00
1574.00	9620.00
1575.00	9774.00
1576.00	9696.00
1577.00	10019.00
1578.00	9971.00
1579.00	9978.00
1580.00	10194.00
1581.00	10197.00
1582.00	10335.00
1583.00	10166.00
1584.00	10380.00
1585.00	10468.00
1586.00	10537.00
1587.00	10832.00
1588.00	10663.00
1589.00	10579.00
1590.00	10610.00
1591.00	10519.00
1592.00	10663.00
1593.00	10650.00
1594.00	10464.00
1595.00	10452.00
1596.00	10453.00
1597.00	10178.00
1598.00	10331.00
1599.00	10072.00
1600.00	9986.00
1601.00	9639.00
1602.00	9831.00
1603.00	9628.00
1604.00	9743.00
1605.00	9357.00
1606.00	9345.00
1607.00	9211.00
1608.00	8850.00
1609.00	8846.00
1610.00	8656.00
1611.00	8498.00
1612.00	8414.00
1613.00	8465.00
1614.00	8153.00
1615.00	8037.00
1616.00	7858.00
1617.00	7729.00
1618.00	7413.00
1619.00	7310.00
1620.00	7275.00
1621.00	7055.00
1622.00	7015.00
1623.00	6788.00
1624.00	6793.00
1625.00	6613.00
1626.00	6598.00
1627.00	6556.00
1628.00	6389.00
1629.00	6294.00
1630.00	6175.00
1631.00	6126.00
1632.00	6079.00
1633.00	5964.00
1634.00	5948.00
1635.00	5847.00
1636.00	5698.00
1637.00	5557.00
1638.00	5562.00
1639.00	5439.00
1640.00	5579.00
1641.00	5414.00
1642.00	5429.00
1643.00	5219.00
1644.00	5191.00
1645.00	5298.00
1646.00	5253.00
1647.00	5121.00
1648.00	5086.00
1649.00	5185.00
1650.00	5098.00
1651.00	5152.00
1652.00	5046.00
1653.00	4938.00
1654.00	5128.00
1655.00	4993.00
1656.00	5000.00
1657.00	5091.00
1658.00	5238.00
1659.00	5152.00
1660.00	5284.00
1661.00	5473.00
1662.00	5440.00
1663.00	5606.00
1664.00	5733.00
1665.00	5963.00
1666.00	6177.00
1667.00	6421.00
1668.00	6705.00
1669.00	6915.00
1670.00	7169.00
1671.00	7306.00
1672.00	7836.00
1673.00	7957.00
1674.00	8218.00
1675.00	8529.00
1676.00	8606.00
1677.00	8881.00
1678.00	9029.00
1679.00	9317.00
1680.00	9314.00
1681.00	9337.00
1682.00	9489.00
1683.00	9551.00
1684.00	9229.00
1685.00	9264.00
1686.00	9078.00
1687.00	8981.00
1688.00	8675.00
1689.00	8304.00
1690.00	8098.00
1691.00	7987.00
1692.00	7527.00
1693.00	7189.00
1694.00	6780.00
1695.00	6361.00
1696.00	6145.00
1697.00	6001.00
1698.00	5553.00
1699.00	5383.00
1700.00	5148.00
1701.00	5069.00
1702.00	4731.00
1703.00	4673.00
1704.00	4629.00
1705.00	4285.00
1706.00	4262.00
1707.00	4337.00
1708.00	4149.00
1709.00	4163.00
1710.00	4092.00
1711.00	4150.00
1712.00	4065.00
1713.00	3983.00
1714.00	4038.00
1715.00	3926.00
1716.00	3925.00
1717.00	3880.00
1718.00	3885.00
1719.00	3825.00
1720.00	3846.00
1721.00	3912.00
1722.00	3867.00
1723.00	3855.00
1724.00	3878.00
1725.00	3926.00
1726.00	3726.00
1727.00	3883.00
1728.00	3789.00
1729.00	3787.00
1730.00	3873.00
1731.00	3770.00
1732.00	3916.00
1733.00	3868.00
1734.00	3822.00
1735.00	3700.00
1736.00	3946.00
1737.00	3833.00
1738.00	3893.00
1739.00	3855.00
1740.00	3807.00
1741.00	3918.00
1742.00	3928.00
1743.00	3737.00
1744.00	3904.00
1745.00	3799.00
1746.00	3917.00
1747.00	3944.00
1748.00	3845.00
1749.00	4004.00
1750.00	3992.00
1751.00	4006.00
1752.00	3938.00
1753.00	3898.00
1754.00	3967.00
1755.00	3928.00
1756.00	3977.00
1757.00	3938.00
1758.00	3989.00
1759.00	4047.00
1760.00	4090.00
1761.00	3976.00
1762.00	3968.00
1763.00	4012.00
1764.00	4023.00
1765.00	3973.00
1766.00	4153.00
1767.00	3939.00
1768.00	4058.00
1769.00	4031.00
1770.00	4017.00
1771.00	3940.00
1772.00	3992.00
1773.00	3957.00
1774.00	3969.00
1775.00	4139.00
1776.00	3920.00
1777.00	3905.00
1778.00	3952.00
1779.00	3939.00
1780.00	3874.00
1781.00	3801.00
1782.00	3854.00
1783.00	3779.00
1784.00	3819.00
1785.00	3750.00
1786.00	3785.00
1787.00	3588.00
1788.00	3638.00
1789.00	3657.00
1790.00	3538.00
1791.00	3592.00
1792.00	3625.00
1793.00	3674.00
1794.00	3567.00
1795.00	3568.00
1796.00	3467.00
1797.00	3386.00
1798.00	3447.00
1799.00	3362.00
1800.00	3314.00
1801.00	3185.00
1802.00	3153.00
1803.00	3119.00
1804.00	3146.00
1805.00	3176.00
1806.00	3047.00
1807.00	3031.00
1808.00	3040.00
1809.00	2889.00
1810.00	3017.00
1811.00	2909.00
1812.00	2934.00
1813.00	2950.00
1814.00	2842.00
1815.00	2841.00
1816.00	2729.00
1817.00	2699.00
1818.00	2787.00
1819.00	2785.00
1820.00	2733.00
1821.00	2674.00
1822.00	2570.00
1823.00	2488.00
1824.00	2573.00
1825.00	2656.00
1826.00	2581.00
1827.00	2555.00
1828.00	2485.00
1829.00	2489.00
1830.00	2481.00
1831.00	2437.00
1832.00	2364.00
1833.00	2356.00
1834.00	2365.00
1835.00	2290.00
1836.00	2318.00
1837.00	2366.00
1838.00	2268.00
1839.00	2313.00
1840.00	2302.00
1841.00	2220.00
1842.00	2261.00
1843.00	2323.00
1844.00	2252.00
1845.00	2180.00
1846.00	2261.00
1847.00	2270.00
1848.00	2101.00
1849.00	2202.00
1850.00	2229.00
1851.00	2164.00
1852.00	2084.00
1853.00	2087.00
1854.00	2095.00
1855.00	2085.00
1856.00	2021.00
1857.00	2012.00
1858.00	2025.00
1859.00	2010.00
1860.00	2058.00
1861.00	2026.00
1862.00	1993.00
1863.00	1943.00
1864.00	1969.00
1865.00	1937.00
1866.00	2042.00
1867.00	2034.00
1868.00	2007.00
1869.00	2045.00
1870.00	2040.00
1871.00	2036.00
1872.00	1991.00
1873.00	2020.00
1874.00	2070.00
1875.00	2064.00
1876.00	2129.00
1877.00	2134.00
1878.00	2113.00
1879.00	2219.00
1880.00	2304.00
1881.00	2285.00
1882.00	2277.00
1883.00	2230.00
1884.00	2401.00
1885.00	2412.00
1886.00	2457.00
1887.00	2458.00
1888.00	2447.00
1889.00	2400.00
1890.00	2485.00
1891.00	2375.00
1892.00	2398.00
1893.00	2271.00
1894.00	2313.00
1895.00	2278.00
1896.00	2279.00
1897.00	2154.00
1898.00	2138.00
1899.00	2092.00
1900.00	2057.00
1901.00	2008.00
1902.00	2018.00
1903.00	1862.00
1904.00	1781.00
1905.00	1823.00
1906.00	1805.00
1907.00	1770.00
1908.00	1705.00
1909.00	1784.00
1910.00	1748.00
1911.00	1771.00
1912.00	1721.00
1913.00	1657.00
1914.00	1635.00
1915.00	1644.00
1916.00	1602.00
1917.00	1590.00
1918.00	1585.00
1919.00	1602.00
1920.00	1618.00
1921.00	1649.00
1922.00	1627.00
1923.00	1647.00
1924.00	1568.00
1925.00	1630.00
1926.00	1593.00
1927.00	1580.00
1928.00	1603.00
1929.00	1556.00
1930.00	1537.00
1931.00	1492.00
1932.00	1484.00
1933.00	1434.00
1934.00	1441.00
1935.00	1392.00
1936.00	1457.00
1937.00	1473.00
1938.00	1368.00
1939.00	1357.00
1940.00	1387.00
1941.00	1340.00
1942.00	1329.00
1943.00	1421.00
1944.00	1283.00
1945.00	1329.00
1946.00	1284.00
1947.00	1238.00
1948.00	1297.00
1949.00	1301.00
1950.00	1361.00
1951.00	1240.00
1952.00	1265.00
1953.00	1229.00
1954.00	1247.00
1955.00	1225.00
1956.00	1244.00
1957.00	1211.00
1958.00	1240.00
1959.00	1214.00
1960.00	1184.00
1961.00	1248.00
1962.00	1149.00
1963.00	1165.00
1964.00	1134.00
1965.00	1224.00
1966.00	1167.00
1967.00	1192.00
1968.00	1199.00
1969.00	1195.00
1970.00	1142.00
1971.00	1146.00
1972.00	1215.00
1973.00	1088.00
1974.00	1178.00
1975.00	1131.00
1976.00	1149.00
1977.00	1110.00
1978.00	1136.00
1979.00	1091.00
1980.00	1130.00
1981.00	1080.00
1982.00	1092.00
1983.00	1103.00
1984.00	1035.00
1985.00	1060.00
1986.00	1102.00
1987.00	1084.00
1988.00	1031.00
1989.00	1019.00
1990.00	1108.00
1991.00	1007.00
1992.00	1026.00
1993.00	1019.00
1994.00	1074.00
1995.00	1006.00
1996.00	1037.00
1997.00	1041.00
1998.00	956.00
1999.00	997.00
2000.00	973.00
2001.00	1056.00
2002.00	996.00
2003.00	962.00
2004.00	930.00
2005.00	941.00
2006.00	968.00
2007.00	953.00
2008.00	908.00
2009.00	943.00
2010.00	945.00
2011.00	962.00
2012.00	976.00
2013.00	909.00
2014.00	931.00
2015.00	941.00
2016.00	883.00
2017.00	901.00
2018.00	880.00
2019.00	853.00
2020.00	840.00
2021.00	905.00
2022.00	831.00
2023.00	847.00
2024.00	843.00
2025.00	869.00
2026.00	888.00
2027.00	845.00
2028.00	812.00
2029.00	830.00
2030.00	815.00
2031.00	815.00
2032.00	841.00
2033.00	840.00
2034.00	810.00
2035.00	813.00
2036.00	804.00
2037.00	783.00
2038.00	787.00
2039.00	782.00
2040.00	774.00
2041.00	777.00
2042.00	784.00
2043.00	762.00
2044.00	768.00
2045.00	862.00
2046.00	767.00
2047.00	775.00
2048.00	 0.00
