C:\Data\UCD\Agriculture\Sharon_ORourke\Shayan\Pellet_45     2023-09-18  re-evaluated data
peakarea
filename	position (mm)	sample surface	validity	E-gain	E-offset	F-slope	F-offset	cps	MSE	Al	Si	S	Cl	Ar	K	Ca	Ti	V	Cr	Mn	Fe	Ni	Cu	Zn	As	Br	Rb	Sr	Zr	Sb	Ba	Ce	Pr	Nd	Sm	Eu	Gd	Fe a*2	Fe a+b	Fe X1	Fe X2	Fe X3	W La	W Lb1	W Lb2	W La inel	W Lb1 inel	W Lb2 inel	Mo inc	Mo coh	Dt	
C:\Data\UCD\Agriculture\Sharon_ORourke\Shayan\Pellet_45\XRF data\L000000.spe	1553.00	5.92	1	0.010381	-0.008249	0.010160	0.076187	102508	3.80	0.760	15.000	0.089	0.000	2.349	19.144	16.807	20.582	2.014	2.821	29.464	567.592	2.319	1.200	6.464	1.892	0.580	2.818	2.067	1.196	0.130	1.354	1.022	1.071	1.024	1.603	0.000	0.290	3.124	0.592	12.761	2.392	2.308	1.468	2.343	1.477	1.004	2.129	1.411	39.632	15.519	0.139	
C:\Data\UCD\Agriculture\Sharon_ORourke\Shayan\Pellet_45\XRF data\L000001.spe	1553.20	5.92	1	0.010381	-0.008249	0.010180	0.076187	104965	3.79	0.695	15.161	0.086	0.000	2.395	19.134	15.723	20.821	1.994	3.041	34.041	589.846	2.467	1.196	6.878	1.746	0.400	3.178	2.097	1.639	0.134	1.464	1.022	0.941	1.024	1.693	0.000	0.240	3.585	0.603	13.320	2.603	2.551	1.691	2.089	1.408	1.434	2.620	1.203	37.803	15.126	0.141	
C:\Data\UCD\Agriculture\Sharon_ORourke\Shayan\Pellet_45\XRF data\L000002.spe	1553.40	5.92	1	0.010376	-0.008249	0.010180	0.076187	104477	3.72	0.713	15.211	0.092	0.000	2.330	19.850	15.320	20.423	2.071	3.195	31.297	583.375	2.444	1.623	7.138	2.081	0.550	2.908	2.170	1.296	0.137	2.016	0.738	0.834	1.124	1.905	0.000	0.289	3.384	0.491	15.433	2.854	1.742	1.665	1.958	1.018	1.389	2.545	1.389	40.056	15.112	0.141	
C:\Data\UCD\Agriculture\Sharon_ORourke\Shayan\Pellet_45\XRF data\L000003.spe	1553.60	5.92	1	0.010379	-0.008249	0.010180	0.076187	103055	3.59	0.742	15.095	0.154	0.000	2.330	19.857	16.109	20.450	2.015	2.992	32.898	562.939	2.493	1.264	6.893	1.827	0.835	2.919	2.318	1.155	0.053	1.673	0.978	0.925	1.074	1.908	0.000	0.311	3.275	0.600	14.050	2.531	2.221	2.022	2.123	1.576	1.388	1.980	1.564	39.859	15.285	0.140	
C:\Data\UCD\Agriculture\Sharon_ORourke\Shayan\Pellet_45\XRF data\L000004.spe	1553.80	5.92	1	0.010380	-0.008249	0.010180	0.076187	103557	3.28	0.752	15.408	0.085	0.000	2.273	19.618	16.755	21.725	1.982	3.150	31.536	567.048	2.426	1.321	6.840	1.628	0.620	2.918	2.490	0.872	0.147	1.534	0.956	0.995	1.064	1.961	0.000	0.423	3.462	0.361	13.233	2.702	2.483	1.609	2.394	1.319	1.626	2.143	1.472	39.098	15.163	0.141	
C:\Data\UCD\Agriculture\Sharon_ORourke\Shayan\Pellet_45\XRF data\L000005.spe	1554.00	5.92	1	0.010380	-0.008249	0.010180	0.076187	103255	3.66	0.765	15.323	0.116	0.000	2.315	20.150	15.663	21.716	1.741	3.230	29.468	565.703	2.165	1.432	6.633	1.965	0.510	2.913	2.262	0.810	0.154	1.264	1.181	1.064	1.080	1.746	0.000	0.211	3.561	1.047	13.379	2.827	2.470	1.546	2.117	1.204	1.555	2.109	1.591	39.523	15.513	0.141	
C:\Data\UCD\Agriculture\Sharon_ORourke\Shayan\Pellet_45\XRF data\L000006.spe	1554.20	5.92	1	0.010376	-0.008249	0.010180	0.076187	102546	3.69	0.711	15.375	0.095	0.000	2.387	20.388	15.696	21.190	1.709	2.921	32.458	554.022	2.360	1.429	7.182	1.850	0.654	2.844	2.074	0.794	0.112	1.943	0.758	0.952	1.268	1.942	0.000	0.028	2.790	0.631	14.747	2.904	1.902	1.657	2.198	1.055	1.363	2.607	1.453	39.437	15.321	0.140	
C:\Data\UCD\Agriculture\Sharon_ORourke\Shayan\Pellet_45\XRF data\L000007.spe	1554.40	5.92	1	0.010378	-0.008249	0.010180	0.076187	103494	3.43	0.736	15.268	0.048	0.000	2.350	19.980	15.897	21.200	2.183	2.887	34.956	559.701	2.344	1.189	7.024	1.773	0.395	2.869	2.219	1.440	0.184	1.837	0.696	0.965	1.049	2.143	0.000	0.237	3.574	0.414	14.134	2.661	2.155	1.875	2.084	1.127	1.228	2.887	1.543	40.653	15.257	0.141	
C:\Data\UCD\Agriculture\Sharon_ORourke\Shayan\Pellet_45\XRF data\L000008.spe	1554.60	5.92	1	0.010377	-0.008249	0.010180	0.076187	104079	3.64	0.776	15.512	0.120	0.000	2.341	19.534	16.561	21.060	1.960	2.905	30.666	568.529	2.147	1.146	6.804	1.720	0.487	2.947	2.210	1.573	0.159	1.665	0.892	0.878	1.062	1.978	0.000	0.246	3.523	0.388	13.676	2.722	1.883	1.627	2.317	1.453	1.262	2.252	1.731	39.867	15.861	0.141	