Date:	2023-09-18		
Time:	21:53		
Sample name:	Pellets		
Position:	1554.600011	mm	
Sample surface:	5.919467	cm	
Tube anode:	Mo		
Tube voltage:	30	kV	
Tube current:	50	mA	
Comments	not in position		
Gain	5.810000		
peaking_time	0.300000	m-sec	
trigger_threshold	30.000000	V	
mca_bin_width	2.000000	no:	
number_mca_channels	2048.000000	no:	
gap_time	0.100000	m-sec	
trigger_peaking_time	0.050000	m-sec	
livetime	17.175031	seconds	
runtime	20.000310	seconds	
input_count_rate	121200.303415	cps	
output_count_rate	104079.334168	cps	
triggers	2334891.000000	seconds	
events_in_run	2071246.000000	seconds	
channel	content		
 1.00	 0.00
 2.00	 0.00
 3.00	 0.00
 4.00	 0.00
 5.00	 0.00
 6.00	 0.00
 7.00	 0.00
 8.00	 0.00
 9.00	 0.00
10.00	 0.00
11.00	 0.00
12.00	 0.00
13.00	 0.00
14.00	 0.00
15.00	 0.00
16.00	 0.00
17.00	 0.00
18.00	 0.00
19.00	 0.00
20.00	 0.00
21.00	 0.00
22.00	 0.00
23.00	 0.00
24.00	 0.00
25.00	 0.00
26.00	 0.00
27.00	 0.00
28.00	 0.00
29.00	 0.00
30.00	 0.00
31.00	 1.00
32.00	 1.00
33.00	 0.00
34.00	 6.00
35.00	 5.00
36.00	 9.00
37.00	10.00
38.00	31.00
39.00	27.00
40.00	36.00
41.00	27.00
42.00	59.00
43.00	90.00
44.00	97.00
45.00	105.00
46.00	139.00
47.00	165.00
48.00	187.00
49.00	214.00
50.00	200.00
51.00	255.00
52.00	284.00
53.00	273.00
54.00	299.00
55.00	318.00
56.00	295.00
57.00	306.00
58.00	339.00
59.00	327.00
60.00	314.00
61.00	334.00
62.00	353.00
63.00	356.00
64.00	371.00
65.00	356.00
66.00	343.00
67.00	358.00
68.00	321.00
69.00	355.00
70.00	388.00
71.00	350.00
72.00	334.00
73.00	352.00
74.00	384.00
75.00	341.00
76.00	353.00
77.00	342.00
78.00	340.00
79.00	343.00
80.00	372.00
81.00	384.00
82.00	373.00
83.00	371.00
84.00	356.00
85.00	340.00
86.00	355.00
87.00	340.00
88.00	330.00
89.00	338.00
90.00	329.00
91.00	343.00
92.00	303.00
93.00	321.00
94.00	329.00
95.00	292.00
96.00	331.00
97.00	336.00
98.00	304.00
99.00	336.00
100.00	323.00
101.00	300.00
102.00	276.00
103.00	332.00
104.00	280.00
105.00	281.00
106.00	253.00
107.00	299.00
108.00	291.00
109.00	284.00
110.00	241.00
111.00	283.00
112.00	269.00
113.00	286.00
114.00	277.00
115.00	235.00
116.00	288.00
117.00	275.00
118.00	244.00
119.00	264.00
120.00	278.00
121.00	252.00
122.00	223.00
123.00	251.00
124.00	229.00
125.00	231.00
126.00	211.00
127.00	214.00
128.00	198.00
129.00	207.00
130.00	192.00
131.00	218.00
132.00	219.00
133.00	213.00
134.00	215.00
135.00	218.00
136.00	254.00
137.00	282.00
138.00	316.00
139.00	393.00
140.00	521.00
141.00	668.00
142.00	779.00
143.00	910.00
144.00	1002.00
145.00	1017.00
146.00	977.00
147.00	853.00
148.00	796.00
149.00	679.00
150.00	615.00
151.00	572.00
152.00	521.00
153.00	473.00
154.00	446.00
155.00	370.00
156.00	346.00
157.00	409.00
158.00	407.00
159.00	561.00
160.00	853.00
161.00	1342.00
162.00	2350.00
163.00	3744.00
164.00	5692.00
165.00	7967.00
166.00	10531.00
167.00	12735.00
168.00	14176.00
169.00	14728.00
170.00	14243.00
171.00	12874.00
172.00	10812.00
173.00	8448.00
174.00	6204.00
175.00	4408.00
176.00	3023.00
177.00	2154.00
178.00	1566.00
179.00	1223.00
180.00	995.00
181.00	764.00
182.00	624.00
183.00	474.00
184.00	443.00
185.00	336.00
186.00	354.00
187.00	348.00
188.00	362.00
189.00	314.00
190.00	352.00
191.00	361.00
192.00	323.00
193.00	300.00
194.00	292.00
195.00	310.00
196.00	249.00
197.00	276.00
198.00	281.00
199.00	227.00
200.00	223.00
201.00	219.00
202.00	195.00
203.00	181.00
204.00	187.00
205.00	212.00
206.00	196.00
207.00	200.00
208.00	180.00
209.00	173.00
210.00	173.00
211.00	194.00
212.00	186.00
213.00	197.00
214.00	176.00
215.00	186.00
216.00	177.00
217.00	197.00
218.00	233.00
219.00	194.00
220.00	282.00
221.00	273.00
222.00	299.00
223.00	316.00
224.00	305.00
225.00	321.00
226.00	260.00
227.00	254.00
228.00	240.00
229.00	213.00
230.00	203.00
231.00	204.00
232.00	198.00
233.00	183.00
234.00	186.00
235.00	166.00
236.00	190.00
237.00	140.00
238.00	178.00
239.00	169.00
240.00	174.00
241.00	177.00
242.00	166.00
243.00	164.00
244.00	143.00
245.00	167.00
246.00	173.00
247.00	192.00
248.00	157.00
249.00	159.00
250.00	187.00
251.00	169.00
252.00	166.00
253.00	188.00
254.00	154.00
255.00	198.00
256.00	183.00
257.00	189.00
258.00	194.00
259.00	188.00
260.00	186.00
261.00	170.00
262.00	231.00
263.00	223.00
264.00	263.00
265.00	258.00
266.00	245.00
267.00	268.00
268.00	269.00
269.00	269.00
270.00	278.00
271.00	251.00
272.00	228.00
273.00	223.00
274.00	230.00
275.00	245.00
276.00	255.00
277.00	318.00
278.00	397.00
279.00	536.00
280.00	731.00
281.00	909.00
282.00	1215.00
283.00	1549.00
284.00	1862.00
285.00	2082.00
286.00	2086.00
287.00	2114.00
288.00	2051.00
289.00	1944.00
290.00	1705.00
291.00	1376.00
292.00	1118.00
293.00	823.00
294.00	661.00
295.00	436.00
296.00	375.00
297.00	284.00
298.00	242.00
299.00	229.00
300.00	209.00
301.00	237.00
302.00	254.00
303.00	282.00
304.00	366.00
305.00	369.00
306.00	422.00
307.00	525.00
308.00	604.00
309.00	834.00
310.00	1164.00
311.00	1525.00
312.00	2275.00
313.00	3165.00
314.00	4523.00
315.00	6047.00
316.00	8145.00
317.00	10394.00
318.00	12277.00
319.00	14042.00
320.00	15240.00
321.00	15799.00
322.00	15335.00
323.00	14669.00
324.00	12888.00
325.00	10802.00
326.00	8791.00
327.00	6550.00
328.00	4767.00
329.00	3312.00
330.00	2333.00
331.00	1512.00
332.00	962.00
333.00	627.00
334.00	480.00
335.00	404.00
336.00	336.00
337.00	382.00
338.00	450.00
339.00	626.00
340.00	772.00
341.00	986.00
342.00	1235.00
343.00	1511.00
344.00	1961.00
345.00	2267.00
346.00	2711.00
347.00	3163.00
348.00	3804.00
349.00	4340.00
350.00	5302.00
351.00	6215.00
352.00	7259.00
353.00	8509.00
354.00	10005.00
355.00	11076.00
356.00	11785.00
357.00	12201.00
358.00	12137.00
359.00	11330.00
360.00	10483.00
361.00	9004.00
362.00	7310.00
363.00	5876.00
364.00	4590.00
365.00	3180.00
366.00	2284.00
367.00	1554.00
368.00	1067.00
369.00	744.00
370.00	523.00
371.00	339.00
372.00	333.00
373.00	249.00
374.00	257.00
375.00	302.00
376.00	334.00
377.00	344.00
378.00	408.00
379.00	487.00
380.00	690.00
381.00	807.00
382.00	951.00
383.00	1228.00
384.00	1338.00
385.00	1583.00
386.00	1809.00
387.00	1936.00
388.00	1895.00
389.00	2120.00
390.00	1941.00
391.00	1748.00
392.00	1653.00
393.00	1408.00
394.00	1225.00
395.00	1027.00
396.00	889.00
397.00	755.00
398.00	607.00
399.00	507.00
400.00	457.00
401.00	414.00
402.00	391.00
403.00	430.00
404.00	356.00
405.00	328.00
406.00	330.00
407.00	331.00
408.00	310.00
409.00	329.00
410.00	327.00
411.00	292.00
412.00	329.00
413.00	357.00
414.00	344.00
415.00	363.00
416.00	388.00
417.00	385.00
418.00	387.00
419.00	462.00
420.00	565.00
421.00	650.00
422.00	745.00
423.00	1025.00
424.00	1382.00
425.00	1789.00
426.00	2530.00
427.00	3434.00
428.00	4606.00
429.00	6132.00
430.00	7720.00
431.00	9561.00
432.00	11419.00
433.00	13116.00
434.00	14350.00
435.00	15455.00
436.00	15869.00
437.00	15889.00
438.00	15157.00
439.00	13677.00
440.00	12110.00
441.00	10563.00
442.00	8704.00
443.00	7143.00
444.00	5856.00
445.00	4891.00
446.00	4047.00
447.00	3491.00
448.00	3252.00
449.00	2917.00
450.00	2720.00
451.00	2555.00
452.00	2396.00
453.00	2134.00
454.00	1979.00
455.00	1794.00
456.00	1595.00
457.00	1502.00
458.00	1284.00
459.00	1249.00
460.00	1255.00
461.00	1282.00
462.00	1331.00
463.00	1423.00
464.00	1559.00
465.00	1704.00
466.00	1895.00
467.00	2114.00
468.00	2261.00
469.00	2566.00
470.00	2778.00
471.00	3035.00
472.00	3373.00
473.00	3624.00
474.00	3803.00
475.00	4065.00
476.00	4329.00
477.00	4309.00
478.00	4200.00
479.00	4012.00
480.00	3644.00
481.00	3477.00
482.00	3048.00
483.00	2543.00
484.00	2189.00
485.00	1940.00
486.00	1530.00
487.00	1404.00
488.00	1204.00
489.00	1110.00
490.00	953.00
491.00	927.00
492.00	852.00
493.00	910.00
494.00	887.00
495.00	944.00
496.00	990.00
497.00	1008.00
498.00	1113.00
499.00	1158.00
500.00	1156.00
501.00	1110.00
502.00	1267.00
503.00	1244.00
504.00	1333.00
505.00	1385.00
506.00	1349.00
507.00	1381.00
508.00	1504.00
509.00	1513.00
510.00	1536.00
511.00	1557.00
512.00	1684.00
513.00	1733.00
514.00	1801.00
515.00	1904.00
516.00	1906.00
517.00	2049.00
518.00	2196.00
519.00	2268.00
520.00	2361.00
521.00	2505.00
522.00	2539.00
523.00	2562.00
524.00	2513.00
525.00	2582.00
526.00	2437.00
527.00	2440.00
528.00	2195.00
529.00	2141.00
530.00	2065.00
531.00	2001.00
532.00	1910.00
533.00	1847.00
534.00	1759.00
535.00	1835.00
536.00	1820.00
537.00	1781.00
538.00	1802.00
539.00	1834.00
540.00	1831.00
541.00	1864.00
542.00	2003.00
543.00	1943.00
544.00	1943.00
545.00	2014.00
546.00	1963.00
547.00	1950.00
548.00	2008.00
549.00	2049.00
550.00	2000.00
551.00	2029.00
552.00	2203.00
553.00	2214.00
554.00	2541.00
555.00	2840.00
556.00	3276.00
557.00	3997.00
558.00	4873.00
559.00	6234.00
560.00	7963.00
561.00	9965.00
562.00	12455.00
563.00	15248.00
564.00	18299.00
565.00	21734.00
566.00	24704.00
567.00	27110.00
568.00	29239.00
569.00	30233.00
570.00	30317.00
571.00	30245.00
572.00	28390.00
573.00	26283.00
574.00	23605.00
575.00	20164.00
576.00	17255.00
577.00	14007.00
578.00	11263.00
579.00	9140.00
580.00	7107.00
581.00	5589.00
582.00	4373.00
583.00	3611.00
584.00	3084.00
585.00	2749.00
586.00	2572.00
587.00	2400.00
588.00	2433.00
589.00	2473.00
590.00	2537.00
591.00	2649.00
592.00	2803.00
593.00	3023.00
594.00	3257.00
595.00	3391.00
596.00	3664.00
597.00	4085.00
598.00	4841.00
599.00	5927.00
600.00	7368.00
601.00	9675.00
602.00	13612.00
603.00	19254.00
604.00	27378.00
605.00	38858.00
606.00	55046.00
607.00	76420.00
608.00	103765.00
609.00	137990.00
610.00	178666.00
611.00	224715.00
612.00	277761.00
613.00	329704.00
614.00	382069.00
615.00	428806.00
616.00	468006.00
617.00	496388.00
618.00	509796.00
619.00	509228.00
620.00	492390.00
621.00	461461.00
622.00	422013.00
623.00	371219.00
624.00	319648.00
625.00	265874.00
626.00	215277.00
627.00	169441.00
628.00	130072.00
629.00	97679.00
630.00	71383.00
631.00	51033.00
632.00	36458.00
633.00	25437.00
634.00	18186.00
635.00	12691.00
636.00	9248.00
637.00	7017.00
638.00	5688.00
639.00	4764.00
640.00	4268.00
641.00	3907.00
642.00	3775.00
643.00	3690.00
644.00	3540.00
645.00	3568.00
646.00	3386.00
647.00	3518.00
648.00	3615.00
649.00	3585.00
650.00	3685.00
651.00	3761.00
652.00	3772.00
653.00	3966.00
654.00	3998.00
655.00	3927.00
656.00	4285.00
657.00	4378.00
658.00	4615.00
659.00	4786.00
660.00	4790.00
661.00	5326.00
662.00	5584.00
663.00	6237.00
664.00	6829.00
665.00	7611.00
666.00	8905.00
667.00	10210.00
668.00	12301.00
669.00	15153.00
670.00	18757.00
671.00	23073.00
672.00	28132.00
673.00	34525.00
674.00	41443.00
675.00	48824.00
676.00	56177.00
677.00	63690.00
678.00	70418.00
679.00	75845.00
680.00	79553.00
681.00	81570.00
682.00	81785.00
683.00	79551.00
684.00	75024.00
685.00	69526.00
686.00	62611.00
687.00	54632.00
688.00	47284.00
689.00	39064.00
690.00	32190.00
691.00	25594.00
692.00	20353.00
693.00	15847.00
694.00	12436.00
695.00	9395.00
696.00	7355.00
697.00	5895.00
698.00	5006.00
699.00	4382.00
700.00	3767.00
701.00	3562.00
702.00	3407.00
703.00	3345.00
704.00	3300.00
705.00	3352.00
706.00	3296.00
707.00	3367.00
708.00	3471.00
709.00	3561.00
710.00	3665.00
711.00	3840.00
712.00	3952.00
713.00	4051.00
714.00	4477.00
715.00	4529.00
716.00	4677.00
717.00	4843.00
718.00	5165.00
719.00	5177.00
720.00	5306.00
721.00	5296.00
722.00	5244.00
723.00	5372.00
724.00	5156.00
725.00	5127.00
726.00	4890.00
727.00	4744.00
728.00	4537.00
729.00	4182.00
730.00	4160.00
731.00	3987.00
732.00	3743.00
733.00	3572.00
734.00	3400.00
735.00	3433.00
736.00	3287.00
737.00	3244.00
738.00	3250.00
739.00	3098.00
740.00	3183.00
741.00	3162.00
742.00	3171.00
743.00	3105.00
744.00	3144.00
745.00	3016.00
746.00	3003.00
747.00	3096.00
748.00	3118.00
749.00	3017.00
750.00	3135.00
751.00	3078.00
752.00	3157.00
753.00	3130.00
754.00	3061.00
755.00	3075.00
756.00	3120.00
757.00	3178.00
758.00	3232.00
759.00	3271.00
760.00	3362.00
761.00	3378.00
762.00	3560.00
763.00	3587.00
764.00	3662.00
765.00	3770.00
766.00	3875.00
767.00	4017.00
768.00	4299.00
769.00	4318.00
770.00	4628.00
771.00	4732.00
772.00	4884.00
773.00	5098.00
774.00	5301.00
775.00	5469.00
776.00	5595.00
777.00	5594.00
778.00	5596.00
779.00	5667.00
780.00	5552.00
781.00	5544.00
782.00	5386.00
783.00	5302.00
784.00	5382.00
785.00	5461.00
786.00	5365.00
787.00	5400.00
788.00	5175.00
789.00	5205.00
790.00	5113.00
791.00	5395.00
792.00	5230.00
793.00	5403.00
794.00	5367.00
795.00	5523.00
796.00	5533.00
797.00	5573.00
798.00	5449.00
799.00	5568.00
800.00	5485.00
801.00	5628.00
802.00	5648.00
803.00	5735.00
804.00	5666.00
805.00	5591.00
806.00	5622.00
807.00	5790.00
808.00	5681.00
809.00	5632.00
810.00	5677.00
811.00	5850.00
812.00	5541.00
813.00	5553.00
814.00	5617.00
815.00	5537.00
816.00	5559.00
817.00	5627.00
818.00	5595.00
819.00	5756.00
820.00	5804.00
821.00	6048.00
822.00	6398.00
823.00	6606.00
824.00	6999.00
825.00	7521.00
826.00	8240.00
827.00	8456.00
828.00	8884.00
829.00	9303.00
830.00	9902.00
831.00	9909.00
832.00	10363.00
833.00	10425.00
834.00	10411.00
835.00	10145.00
836.00	10179.00
837.00	9577.00
838.00	9283.00
839.00	8877.00
840.00	8294.00
841.00	7851.00
842.00	7447.00
843.00	7021.00
844.00	6610.00
845.00	6486.00
846.00	6212.00
847.00	5858.00
848.00	5775.00
849.00	5692.00
850.00	5689.00
851.00	5569.00
852.00	5437.00
853.00	5605.00
854.00	5561.00
855.00	5515.00
856.00	5565.00
857.00	5461.00
858.00	5733.00
859.00	5612.00
860.00	5823.00
861.00	5873.00
862.00	5610.00
863.00	5707.00
864.00	5583.00
865.00	5610.00
866.00	5622.00
867.00	5572.00
868.00	5622.00
869.00	5777.00
870.00	5618.00
871.00	5724.00
872.00	5579.00
873.00	5843.00
874.00	5819.00
875.00	5802.00
876.00	6027.00
877.00	5951.00
878.00	6053.00
879.00	6167.00
880.00	6260.00
881.00	6299.00
882.00	6268.00
883.00	6248.00
884.00	6371.00
885.00	6414.00
886.00	6571.00
887.00	6756.00
888.00	6800.00
889.00	6759.00
890.00	6775.00
891.00	6967.00
892.00	6852.00
893.00	6631.00
894.00	6926.00
895.00	6873.00
896.00	6716.00
897.00	6629.00
898.00	6839.00
899.00	6970.00
900.00	6797.00
901.00	6738.00
902.00	6783.00
903.00	6751.00
904.00	6738.00
905.00	6854.00
906.00	6674.00
907.00	6584.00
908.00	6775.00
909.00	6754.00
910.00	6766.00
911.00	6838.00
912.00	6822.00
913.00	6815.00
914.00	7088.00
915.00	6940.00
916.00	7324.00
917.00	7266.00
918.00	7261.00
919.00	7539.00
920.00	7533.00
921.00	7732.00
922.00	7566.00
923.00	7735.00
924.00	7783.00
925.00	7647.00
926.00	7781.00
927.00	7813.00
928.00	7639.00
929.00	7676.00
930.00	7719.00
931.00	7449.00
932.00	7440.00
933.00	7621.00
934.00	7381.00
935.00	7252.00
936.00	7380.00
937.00	7132.00
938.00	7183.00
939.00	7037.00
940.00	7035.00
941.00	6960.00
942.00	6969.00
943.00	6959.00
944.00	6868.00
945.00	6919.00
946.00	7119.00
947.00	6865.00
948.00	6971.00
949.00	6789.00
950.00	6761.00
951.00	6831.00
952.00	6904.00
953.00	6724.00
954.00	6863.00
955.00	6906.00
956.00	6788.00
957.00	6872.00
958.00	6951.00
959.00	6917.00
960.00	6975.00
961.00	6977.00
962.00	6883.00
963.00	7041.00
964.00	6908.00
965.00	6917.00
966.00	7013.00
967.00	7029.00
968.00	7087.00
969.00	6932.00
970.00	6960.00
971.00	7072.00
972.00	7038.00
973.00	6956.00
974.00	7019.00
975.00	6999.00
976.00	7028.00
977.00	7138.00
978.00	7035.00
979.00	7182.00
980.00	7040.00
981.00	7132.00
982.00	7122.00
983.00	7072.00
984.00	7270.00
985.00	7161.00
986.00	7123.00
987.00	7178.00
988.00	7252.00
989.00	7358.00
990.00	7121.00
991.00	7195.00
992.00	7220.00
993.00	7236.00
994.00	7413.00
995.00	7196.00
996.00	7152.00
997.00	7102.00
998.00	7025.00
999.00	7329.00
1000.00	7175.00
1001.00	7349.00
1002.00	7274.00
1003.00	7234.00
1004.00	7515.00
1005.00	7352.00
1006.00	7407.00
1007.00	7534.00
1008.00	7719.00
1009.00	7618.00
1010.00	7655.00
1011.00	7833.00
1012.00	7800.00
1013.00	7985.00
1014.00	8047.00
1015.00	8159.00
1016.00	7910.00
1017.00	8098.00
1018.00	8213.00
1019.00	8063.00
1020.00	7908.00
1021.00	7989.00
1022.00	7866.00
1023.00	7977.00
1024.00	7738.00
1025.00	7619.00
1026.00	7609.00
1027.00	7371.00
1028.00	7508.00
1029.00	7517.00
1030.00	7361.00
1031.00	7298.00
1032.00	7243.00
1033.00	7113.00
1034.00	7280.00
1035.00	7157.00
1036.00	7140.00
1037.00	7209.00
1038.00	6987.00
1039.00	7088.00
1040.00	7257.00
1041.00	7042.00
1042.00	7132.00
1043.00	7207.00
1044.00	7320.00
1045.00	7266.00
1046.00	7299.00
1047.00	7264.00
1048.00	7224.00
1049.00	7261.00
1050.00	7241.00
1051.00	7455.00
1052.00	7327.00
1053.00	7455.00
1054.00	7336.00
1055.00	7503.00
1056.00	7344.00
1057.00	7549.00
1058.00	7534.00
1059.00	7437.00
1060.00	7437.00
1061.00	7384.00
1062.00	7486.00
1063.00	7554.00
1064.00	7417.00
1065.00	7537.00
1066.00	7572.00
1067.00	7584.00
1068.00	7683.00
1069.00	7597.00
1070.00	7612.00
1071.00	7670.00
1072.00	7517.00
1073.00	7520.00
1074.00	7643.00
1075.00	7579.00
1076.00	7627.00
1077.00	7487.00
1078.00	7618.00
1079.00	7710.00
1080.00	7677.00
1081.00	7813.00
1082.00	7537.00
1083.00	7699.00
1084.00	7803.00
1085.00	7751.00
1086.00	7863.00
1087.00	7848.00
1088.00	7990.00
1089.00	7824.00
1090.00	7616.00
1091.00	7958.00
1092.00	7859.00
1093.00	7906.00
1094.00	7659.00
1095.00	7779.00
1096.00	7872.00
1097.00	7787.00
1098.00	8003.00
1099.00	7971.00
1100.00	7954.00
1101.00	7953.00
1102.00	7930.00
1103.00	7850.00
1104.00	7859.00
1105.00	7975.00
1106.00	7943.00
1107.00	7852.00
1108.00	7901.00
1109.00	7879.00
1110.00	7837.00
1111.00	7800.00
1112.00	7879.00
1113.00	7981.00
1114.00	7867.00
1115.00	8009.00
1116.00	7808.00
1117.00	7873.00
1118.00	7725.00
1119.00	7871.00
1120.00	7857.00
1121.00	8062.00
1122.00	7910.00
1123.00	7973.00
1124.00	7862.00
1125.00	7848.00
1126.00	7962.00
1127.00	7786.00
1128.00	7771.00
1129.00	7830.00
1130.00	7894.00
1131.00	7982.00
1132.00	7660.00
1133.00	7773.00
1134.00	7881.00
1135.00	7946.00
1136.00	7854.00
1137.00	7896.00
1138.00	8069.00
1139.00	7846.00
1140.00	7897.00
1141.00	7859.00
1142.00	7964.00
1143.00	7934.00
1144.00	7991.00
1145.00	7952.00
1146.00	7949.00
1147.00	7961.00
1148.00	7925.00
1149.00	8098.00
1150.00	8040.00
1151.00	7947.00
1152.00	7861.00
1153.00	7889.00
1154.00	7932.00
1155.00	7911.00
1156.00	7813.00
1157.00	7787.00
1158.00	7954.00
1159.00	7669.00
1160.00	7838.00
1161.00	7617.00
1162.00	7622.00
1163.00	7728.00
1164.00	7784.00
1165.00	7680.00
1166.00	7764.00
1167.00	7552.00
1168.00	7609.00
1169.00	7696.00
1170.00	7605.00
1171.00	7530.00
1172.00	7780.00
1173.00	7804.00
1174.00	7710.00
1175.00	8005.00
1176.00	7745.00
1177.00	7720.00
1178.00	7588.00
1179.00	7878.00
1180.00	7759.00
1181.00	7704.00
1182.00	7815.00
1183.00	7792.00
1184.00	7932.00
1185.00	7999.00
1186.00	7825.00
1187.00	8175.00
1188.00	7814.00
1189.00	7905.00
1190.00	7949.00
1191.00	7790.00
1192.00	7847.00
1193.00	7811.00
1194.00	7924.00
1195.00	7737.00
1196.00	7833.00
1197.00	7923.00
1198.00	7964.00
1199.00	7832.00
1200.00	7834.00
1201.00	8020.00
1202.00	7752.00
1203.00	7903.00
1204.00	7919.00
1205.00	7978.00
1206.00	8144.00
1207.00	7848.00
1208.00	7975.00
1209.00	8167.00
1210.00	7968.00
1211.00	8518.00
1212.00	8341.00
1213.00	8465.00
1214.00	8373.00
1215.00	8309.00
1216.00	8426.00
1217.00	8381.00
1218.00	8449.00
1219.00	8482.00
1220.00	8420.00
1221.00	8424.00
1222.00	8634.00
1223.00	8502.00
1224.00	8693.00
1225.00	8602.00
1226.00	8690.00
1227.00	8703.00
1228.00	8956.00
1229.00	8957.00
1230.00	9071.00
1231.00	8960.00
1232.00	8892.00
1233.00	9039.00
1234.00	9071.00
1235.00	8916.00
1236.00	8937.00
1237.00	8969.00
1238.00	8889.00
1239.00	8730.00
1240.00	8640.00
1241.00	8673.00
1242.00	8604.00
1243.00	8359.00
1244.00	8420.00
1245.00	8450.00
1246.00	8506.00
1247.00	8266.00
1248.00	8297.00
1249.00	8122.00
1250.00	8134.00
1251.00	8183.00
1252.00	8159.00
1253.00	8025.00
1254.00	7982.00
1255.00	8037.00
1256.00	7964.00
1257.00	7976.00
1258.00	7857.00
1259.00	7963.00
1260.00	7997.00
1261.00	7848.00
1262.00	7772.00
1263.00	8097.00
1264.00	7937.00
1265.00	8003.00
1266.00	8095.00
1267.00	8021.00
1268.00	7920.00
1269.00	8043.00
1270.00	7776.00
1271.00	8028.00
1272.00	8202.00
1273.00	8147.00
1274.00	8140.00
1275.00	8272.00
1276.00	8369.00
1277.00	8420.00
1278.00	8604.00
1279.00	8789.00
1280.00	8706.00
1281.00	8822.00
1282.00	8934.00
1283.00	8979.00
1284.00	9154.00
1285.00	9288.00
1286.00	9556.00
1287.00	9515.00
1288.00	9610.00
1289.00	9452.00
1290.00	9504.00
1291.00	9690.00
1292.00	9556.00
1293.00	9641.00
1294.00	9529.00
1295.00	9331.00
1296.00	9165.00
1297.00	9417.00
1298.00	9193.00
1299.00	8953.00
1300.00	8868.00
1301.00	8585.00
1302.00	8626.00
1303.00	8483.00
1304.00	8397.00
1305.00	8243.00
1306.00	7987.00
1307.00	8069.00
1308.00	8229.00
1309.00	7914.00
1310.00	8003.00
1311.00	7895.00
1312.00	7852.00
1313.00	7866.00
1314.00	7841.00
1315.00	7759.00
1316.00	7750.00
1317.00	7806.00
1318.00	7731.00
1319.00	7837.00
1320.00	7738.00
1321.00	7597.00
1322.00	7850.00
1323.00	7827.00
1324.00	7706.00
1325.00	7656.00
1326.00	7479.00
1327.00	7595.00
1328.00	7594.00
1329.00	7642.00
1330.00	7422.00
1331.00	7607.00
1332.00	7621.00
1333.00	7707.00
1334.00	7690.00
1335.00	7400.00
1336.00	7624.00
1337.00	7629.00
1338.00	7629.00
1339.00	7642.00
1340.00	7551.00
1341.00	7654.00
1342.00	7554.00
1343.00	7650.00
1344.00	7805.00
1345.00	7708.00
1346.00	7811.00
1347.00	7772.00
1348.00	7766.00
1349.00	7864.00
1350.00	7901.00
1351.00	7998.00
1352.00	8137.00
1353.00	8032.00
1354.00	8264.00
1355.00	8261.00
1356.00	8377.00
1357.00	8551.00
1358.00	8453.00
1359.00	8637.00
1360.00	8810.00
1361.00	8934.00
1362.00	8746.00
1363.00	9049.00
1364.00	8859.00
1365.00	8722.00
1366.00	8865.00
1367.00	8807.00
1368.00	8650.00
1369.00	8539.00
1370.00	8431.00
1371.00	8436.00
1372.00	8085.00
1373.00	7987.00
1374.00	8140.00
1375.00	7964.00
1376.00	7758.00
1377.00	7597.00
1378.00	7463.00
1379.00	7577.00
1380.00	7300.00
1381.00	7440.00
1382.00	7188.00
1383.00	7081.00
1384.00	7185.00
1385.00	7071.00
1386.00	7135.00
1387.00	7053.00
1388.00	6948.00
1389.00	6983.00
1390.00	7066.00
1391.00	6988.00
1392.00	7075.00
1393.00	6959.00
1394.00	6839.00
1395.00	6993.00
1396.00	6827.00
1397.00	6898.00
1398.00	6860.00
1399.00	6840.00
1400.00	6860.00
1401.00	6935.00
1402.00	6743.00
1403.00	6851.00
1404.00	6744.00
1405.00	6872.00
1406.00	6714.00
1407.00	6693.00
1408.00	6814.00
1409.00	6774.00
1410.00	6748.00
1411.00	6661.00
1412.00	6868.00
1413.00	6542.00
1414.00	6779.00
1415.00	6674.00
1416.00	6682.00
1417.00	6638.00
1418.00	6833.00
1419.00	6660.00
1420.00	6795.00
1421.00	6932.00
1422.00	6695.00
1423.00	6655.00
1424.00	6955.00
1425.00	6810.00
1426.00	6903.00
1427.00	6794.00
1428.00	6901.00
1429.00	6894.00
1430.00	6896.00
1431.00	7040.00
1432.00	6970.00
1433.00	7205.00
1434.00	7052.00
1435.00	7193.00
1436.00	7231.00
1437.00	7261.00
1438.00	7159.00
1439.00	7250.00
1440.00	7334.00
1441.00	7175.00
1442.00	7322.00
1443.00	7364.00
1444.00	7219.00
1445.00	7248.00
1446.00	7089.00
1447.00	7179.00
1448.00	7204.00
1449.00	6983.00
1450.00	7046.00
1451.00	6862.00
1452.00	6734.00
1453.00	6699.00
1454.00	6855.00
1455.00	6793.00
1456.00	6655.00
1457.00	6632.00
1458.00	6410.00
1459.00	6623.00
1460.00	6545.00
1461.00	6458.00
1462.00	6626.00
1463.00	6424.00
1464.00	6431.00
1465.00	6421.00
1466.00	6513.00
1467.00	6459.00
1468.00	6569.00
1469.00	6448.00
1470.00	6445.00
1471.00	6427.00
1472.00	6445.00
1473.00	6341.00
1474.00	6374.00
1475.00	6363.00
1476.00	6388.00
1477.00	6528.00
1478.00	6264.00
1479.00	6437.00
1480.00	6283.00
1481.00	6439.00
1482.00	6305.00
1483.00	6386.00
1484.00	6440.00
1485.00	6363.00
1486.00	6386.00
1487.00	6577.00
1488.00	6470.00
1489.00	6325.00
1490.00	6362.00
1491.00	6520.00
1492.00	6460.00
1493.00	6457.00
1494.00	6332.00
1495.00	6522.00
1496.00	6483.00
1497.00	6489.00
1498.00	6437.00
1499.00	6547.00
1500.00	6610.00
1501.00	6619.00
1502.00	6783.00
1503.00	6803.00
1504.00	6604.00
1505.00	6784.00
1506.00	6813.00
1507.00	6842.00
1508.00	7009.00
1509.00	6995.00
1510.00	7162.00
1511.00	7268.00
1512.00	7242.00
1513.00	7353.00
1514.00	7570.00
1515.00	7469.00
1516.00	7471.00
1517.00	7500.00
1518.00	7632.00
1519.00	7708.00
1520.00	7810.00
1521.00	7657.00
1522.00	7672.00
1523.00	7614.00
1524.00	7656.00
1525.00	7559.00
1526.00	7439.00
1527.00	7523.00
1528.00	7414.00
1529.00	7356.00
1530.00	7227.00
1531.00	7126.00
1532.00	7400.00
1533.00	7099.00
1534.00	7235.00
1535.00	7016.00
1536.00	7099.00
1537.00	7029.00
1538.00	7054.00
1539.00	6844.00
1540.00	6992.00
1541.00	6849.00
1542.00	7028.00
1543.00	7109.00
1544.00	7096.00
1545.00	7022.00
1546.00	7198.00
1547.00	7239.00
1548.00	7325.00
1549.00	7288.00
1550.00	7492.00
1551.00	7489.00
1552.00	7760.00
1553.00	7604.00
1554.00	7584.00
1555.00	7790.00
1556.00	7820.00
1557.00	8069.00
1558.00	8105.00
1559.00	8290.00
1560.00	8344.00
1561.00	8560.00
1562.00	8402.00
1563.00	8673.00
1564.00	9036.00
1565.00	8967.00
1566.00	9117.00
1567.00	9250.00
1568.00	9394.00
1569.00	9519.00
1570.00	9646.00
1571.00	9764.00
1572.00	9945.00
1573.00	10140.00
1574.00	10375.00
1575.00	10333.00
1576.00	10505.00
1577.00	10440.00
1578.00	10858.00
1579.00	10886.00
1580.00	11047.00
1581.00	11076.00
1582.00	11231.00
1583.00	11308.00
1584.00	11150.00
1585.00	11231.00
1586.00	11298.00
1587.00	11246.00
1588.00	11535.00
1589.00	11419.00
1590.00	11444.00
1591.00	11495.00
1592.00	11356.00
1593.00	11265.00
1594.00	11342.00
1595.00	11250.00
1596.00	11120.00
1597.00	10897.00
1598.00	10818.00
1599.00	10724.00
1600.00	10460.00
1601.00	10603.00
1602.00	10600.00
1603.00	10128.00
1604.00	10035.00
1605.00	9917.00
1606.00	9739.00
1607.00	9717.00
1608.00	9673.00
1609.00	9364.00
1610.00	9311.00
1611.00	9041.00
1612.00	8904.00
1613.00	8740.00
1614.00	8594.00
1615.00	8375.00
1616.00	8284.00
1617.00	7999.00
1618.00	8057.00
1619.00	7880.00
1620.00	7888.00
1621.00	7644.00
1622.00	7418.00
1623.00	7203.00
1624.00	7092.00
1625.00	7058.00
1626.00	6843.00
1627.00	6876.00
1628.00	6716.00
1629.00	6816.00
1630.00	6434.00
1631.00	6477.00
1632.00	6383.00
1633.00	6187.00
1634.00	6175.00
1635.00	6125.00
1636.00	6028.00
1637.00	6231.00
1638.00	5907.00
1639.00	5836.00
1640.00	5809.00
1641.00	5813.00
1642.00	5743.00
1643.00	5674.00
1644.00	5646.00
1645.00	5622.00
1646.00	5429.00
1647.00	5494.00
1648.00	5472.00
1649.00	5442.00
1650.00	5415.00
1651.00	5254.00
1652.00	5446.00
1653.00	5352.00
1654.00	5236.00
1655.00	5295.00
1656.00	5412.00
1657.00	5390.00
1658.00	5513.00
1659.00	5517.00
1660.00	5650.00
1661.00	5644.00
1662.00	5764.00
1663.00	5939.00
1664.00	6086.00
1665.00	6284.00
1666.00	6393.00
1667.00	6710.00
1668.00	6983.00
1669.00	7139.00
1670.00	7287.00
1671.00	7429.00
1672.00	7934.00
1673.00	8127.00
1674.00	8490.00
1675.00	8672.00
1676.00	8821.00
1677.00	9063.00
1678.00	9223.00
1679.00	9390.00
1680.00	9426.00
1681.00	9486.00
1682.00	9629.00
1683.00	9510.00
1684.00	9487.00
1685.00	9535.00
1686.00	9214.00
1687.00	9210.00
1688.00	8968.00
1689.00	8602.00
1690.00	8173.00
1691.00	8077.00
1692.00	7687.00
1693.00	7227.00
1694.00	7073.00
1695.00	6615.00
1696.00	6381.00
1697.00	6019.00
1698.00	5899.00
1699.00	5683.00
1700.00	5334.00
1701.00	5231.00
1702.00	5255.00
1703.00	4970.00
1704.00	4790.00
1705.00	4735.00
1706.00	4587.00
1707.00	4503.00
1708.00	4621.00
1709.00	4431.00
1710.00	4248.00
1711.00	4237.00
1712.00	4317.00
1713.00	4332.00
1714.00	4206.00
1715.00	4266.00
1716.00	4120.00
1717.00	4137.00
1718.00	4052.00
1719.00	4070.00
1720.00	4131.00
1721.00	4180.00
1722.00	4039.00
1723.00	4068.00
1724.00	4068.00
1725.00	4100.00
1726.00	3970.00
1727.00	4020.00
1728.00	4222.00
1729.00	4089.00
1730.00	4229.00
1731.00	3970.00
1732.00	4094.00
1733.00	4174.00
1734.00	3965.00
1735.00	4143.00
1736.00	4044.00
1737.00	4119.00
1738.00	4230.00
1739.00	4020.00
1740.00	4102.00
1741.00	4132.00
1742.00	3998.00
1743.00	4088.00
1744.00	4105.00
1745.00	4081.00
1746.00	4064.00
1747.00	4054.00
1748.00	4130.00
1749.00	4247.00
1750.00	4166.00
1751.00	4170.00
1752.00	4096.00
1753.00	4277.00
1754.00	4267.00
1755.00	4296.00
1756.00	4140.00
1757.00	4277.00
1758.00	4188.00
1759.00	4229.00
1760.00	4276.00
1761.00	4350.00
1762.00	4365.00
1763.00	4284.00
1764.00	4353.00
1765.00	4276.00
1766.00	4237.00
1767.00	4150.00
1768.00	4314.00
1769.00	4320.00
1770.00	4266.00
1771.00	4291.00
1772.00	4244.00
1773.00	4325.00
1774.00	4223.00
1775.00	4259.00
1776.00	4295.00
1777.00	4328.00
1778.00	4235.00
1779.00	4157.00
1780.00	4209.00
1781.00	4066.00
1782.00	4149.00
1783.00	4150.00
1784.00	4028.00
1785.00	4062.00
1786.00	4028.00
1787.00	3953.00
1788.00	3991.00
1789.00	3856.00
1790.00	3703.00
1791.00	3834.00
1792.00	3810.00
1793.00	3714.00
1794.00	3691.00
1795.00	3629.00
1796.00	3679.00
1797.00	3686.00
1798.00	3549.00
1799.00	3490.00
1800.00	3480.00
1801.00	3499.00
1802.00	3461.00
1803.00	3283.00
1804.00	3361.00
1805.00	3395.00
1806.00	3372.00
1807.00	3272.00
1808.00	3185.00
1809.00	3094.00
1810.00	3145.00
1811.00	3072.00
1812.00	3164.00
1813.00	3055.00
1814.00	3036.00
1815.00	2931.00
1816.00	2947.00
1817.00	2846.00
1818.00	2906.00
1819.00	2873.00
1820.00	2868.00
1821.00	2784.00
1822.00	2809.00
1823.00	2696.00
1824.00	2780.00
1825.00	2699.00
1826.00	2666.00
1827.00	2587.00
1828.00	2777.00
1829.00	2640.00
1830.00	2536.00
1831.00	2561.00
1832.00	2651.00
1833.00	2457.00
1834.00	2525.00
1835.00	2451.00
1836.00	2429.00
1837.00	2516.00
1838.00	2396.00
1839.00	2397.00
1840.00	2371.00
1841.00	2363.00
1842.00	2310.00
1843.00	2277.00
1844.00	2287.00
1845.00	2294.00
1846.00	2338.00
1847.00	2256.00
1848.00	2224.00
1849.00	2255.00
1850.00	2170.00
1851.00	2303.00
1852.00	2182.00
1853.00	2308.00
1854.00	2185.00
1855.00	2221.00
1856.00	2176.00
1857.00	2120.00
1858.00	2177.00
1859.00	2117.00
1860.00	2122.00
1861.00	2112.00
1862.00	2110.00
1863.00	2028.00
1864.00	2122.00
1865.00	2033.00
1866.00	2135.00
1867.00	2024.00
1868.00	2123.00
1869.00	2153.00
1870.00	2115.00
1871.00	2080.00
1872.00	2107.00
1873.00	2188.00
1874.00	2194.00
1875.00	2232.00
1876.00	2147.00
1877.00	2242.00
1878.00	2264.00
1879.00	2279.00
1880.00	2292.00
1881.00	2378.00
1882.00	2331.00
1883.00	2466.00
1884.00	2434.00
1885.00	2516.00
1886.00	2494.00
1887.00	2512.00
1888.00	2576.00
1889.00	2495.00
1890.00	2571.00
1891.00	2500.00
1892.00	2492.00
1893.00	2413.00
1894.00	2445.00
1895.00	2351.00
1896.00	2291.00
1897.00	2283.00
1898.00	2288.00
1899.00	2139.00
1900.00	2145.00
1901.00	2125.00
1902.00	2105.00
1903.00	2020.00
1904.00	1932.00
1905.00	1933.00
1906.00	1922.00
1907.00	1879.00
1908.00	1782.00
1909.00	1803.00
1910.00	1865.00
1911.00	1834.00
1912.00	1734.00
1913.00	1798.00
1914.00	1711.00
1915.00	1770.00
1916.00	1732.00
1917.00	1679.00
1918.00	1653.00
1919.00	1771.00
1920.00	1751.00
1921.00	1720.00
1922.00	1725.00
1923.00	1754.00
1924.00	1638.00
1925.00	1678.00
1926.00	1630.00
1927.00	1620.00
1928.00	1656.00
1929.00	1588.00
1930.00	1568.00
1931.00	1538.00
1932.00	1485.00
1933.00	1534.00
1934.00	1462.00
1935.00	1468.00
1936.00	1469.00
1937.00	1442.00
1938.00	1449.00
1939.00	1455.00
1940.00	1469.00
1941.00	1536.00
1942.00	1387.00
1943.00	1416.00
1944.00	1403.00
1945.00	1359.00
1946.00	1388.00
1947.00	1324.00
1948.00	1378.00
1949.00	1411.00
1950.00	1312.00
1951.00	1355.00
1952.00	1322.00
1953.00	1295.00
1954.00	1260.00
1955.00	1279.00
1956.00	1272.00
1957.00	1384.00
1958.00	1280.00
1959.00	1270.00
1960.00	1305.00
1961.00	1273.00
1962.00	1301.00
1963.00	1302.00
1964.00	1288.00
1965.00	1264.00
1966.00	1222.00
1967.00	1195.00
1968.00	1258.00
1969.00	1202.00
1970.00	1264.00
1971.00	1225.00
1972.00	1241.00
1973.00	1170.00
1974.00	1181.00
1975.00	1167.00
1976.00	1222.00
1977.00	1206.00
1978.00	1158.00
1979.00	1097.00
1980.00	1124.00
1981.00	1186.00
1982.00	1199.00
1983.00	1122.00
1984.00	1142.00
1985.00	1176.00
1986.00	1185.00
1987.00	1130.00
1988.00	1080.00
1989.00	1146.00
1990.00	1141.00
1991.00	1094.00
1992.00	1065.00
1993.00	1136.00
1994.00	1061.00
1995.00	1074.00
1996.00	1095.00
1997.00	1064.00
1998.00	1016.00
1999.00	1041.00
2000.00	990.00
2001.00	997.00
2002.00	1014.00
2003.00	1031.00
2004.00	1026.00
2005.00	1046.00
2006.00	980.00
2007.00	976.00
2008.00	1042.00
2009.00	978.00
2010.00	1030.00
2011.00	979.00
2012.00	989.00
2013.00	1000.00
2014.00	974.00
2015.00	997.00
2016.00	987.00
2017.00	950.00
2018.00	881.00
2019.00	923.00
2020.00	949.00
2021.00	928.00
2022.00	936.00
2023.00	945.00
2024.00	843.00
2025.00	945.00
2026.00	909.00
2027.00	829.00
2028.00	917.00
2029.00	854.00
2030.00	877.00
2031.00	859.00
2032.00	862.00
2033.00	861.00
2034.00	859.00
2035.00	786.00
2036.00	824.00
2037.00	870.00
2038.00	812.00
2039.00	828.00
2040.00	835.00
2041.00	775.00
2042.00	844.00
2043.00	771.00
2044.00	854.00
2045.00	792.00
2046.00	772.00
2047.00	778.00
2048.00	 0.00
