Date:	2023-09-18		
Time:	20:03		
Sample name:	Pellets		
Position:	432.200011	mm	
Sample surface:	6.004212	cm	
Tube anode:	Mo		
Tube voltage:	30	kV	
Tube current:	50	mA	
Comments	in position		
Gain	5.810000		
peaking_time	0.300000	m-sec	
trigger_threshold	30.000000	V	
mca_bin_width	2.000000	no:	
number_mca_channels	2048.000000	no:	
gap_time	0.100000	m-sec	
trigger_peaking_time	0.050000	m-sec	
livetime	17.268506	seconds	
runtime	20.000042	seconds	
input_count_rate	118330.099543	cps	
output_count_rate	102168.982891	cps	
triggers	2283540.000000	seconds	
events_in_run	2034019.000000	seconds	
channel	content		
 1.00	 0.00
 2.00	 0.00
 3.00	 0.00
 4.00	 0.00
 5.00	 0.00
 6.00	 0.00
 7.00	 0.00
 8.00	 0.00
 9.00	 0.00
10.00	 0.00
11.00	 0.00
12.00	 0.00
13.00	 0.00
14.00	 0.00
15.00	 0.00
16.00	 0.00
17.00	 0.00
18.00	 0.00
19.00	 0.00
20.00	 0.00
21.00	 0.00
22.00	 0.00
23.00	 0.00
24.00	 0.00
25.00	 0.00
26.00	 0.00
27.00	 0.00
28.00	 0.00
29.00	 0.00
30.00	 0.00
31.00	 0.00
32.00	 1.00
33.00	 0.00
34.00	 0.00
35.00	 0.00
36.00	 3.00
37.00	 2.00
38.00	 2.00
39.00	 2.00
40.00	 4.00
41.00	 8.00
42.00	 7.00
43.00	 4.00
44.00	11.00
45.00	13.00
46.00	11.00
47.00	13.00
48.00	17.00
49.00	23.00
50.00	21.00
51.00	25.00
52.00	18.00
53.00	30.00
54.00	35.00
55.00	34.00
56.00	30.00
57.00	34.00
58.00	43.00
59.00	30.00
60.00	36.00
61.00	49.00
62.00	27.00
63.00	47.00
64.00	36.00
65.00	33.00
66.00	28.00
67.00	34.00
68.00	46.00
69.00	46.00
70.00	43.00
71.00	40.00
72.00	32.00
73.00	39.00
74.00	45.00
75.00	41.00
76.00	46.00
77.00	38.00
78.00	32.00
79.00	28.00
80.00	47.00
81.00	31.00
82.00	34.00
83.00	39.00
84.00	35.00
85.00	40.00
86.00	37.00
87.00	33.00
88.00	43.00
89.00	35.00
90.00	36.00
91.00	35.00
92.00	49.00
93.00	36.00
94.00	30.00
95.00	34.00
96.00	31.00
97.00	34.00
98.00	26.00
99.00	33.00
100.00	31.00
101.00	42.00
102.00	26.00
103.00	29.00
104.00	37.00
105.00	31.00
106.00	33.00
107.00	26.00
108.00	21.00
109.00	28.00
110.00	26.00
111.00	27.00
112.00	29.00
113.00	33.00
114.00	32.00
115.00	18.00
116.00	29.00
117.00	29.00
118.00	24.00
119.00	37.00
120.00	38.00
121.00	23.00
122.00	20.00
123.00	21.00
124.00	21.00
125.00	43.00
126.00	34.00
127.00	17.00
128.00	26.00
129.00	20.00
130.00	25.00
131.00	28.00
132.00	18.00
133.00	26.00
134.00	30.00
135.00	21.00
136.00	29.00
137.00	39.00
138.00	48.00
139.00	45.00
140.00	80.00
141.00	79.00
142.00	98.00
143.00	123.00
144.00	131.00
145.00	126.00
146.00	127.00
147.00	91.00
148.00	124.00
149.00	84.00
150.00	96.00
151.00	71.00
152.00	74.00
153.00	71.00
154.00	69.00
155.00	50.00
156.00	43.00
157.00	54.00
158.00	54.00
159.00	56.00
160.00	99.00
161.00	173.00
162.00	260.00
163.00	428.00
164.00	686.00
165.00	891.00
166.00	1153.00
167.00	1475.00
168.00	1537.00
169.00	1685.00
170.00	1572.00
171.00	1473.00
172.00	1206.00
173.00	858.00
174.00	712.00
175.00	445.00
176.00	345.00
177.00	254.00
178.00	189.00
179.00	145.00
180.00	104.00
181.00	89.00
182.00	75.00
183.00	63.00
184.00	56.00
185.00	67.00
186.00	60.00
187.00	71.00
188.00	87.00
189.00	73.00
190.00	77.00
191.00	73.00
192.00	62.00
193.00	59.00
194.00	45.00
195.00	44.00
196.00	35.00
197.00	46.00
198.00	25.00
199.00	37.00
200.00	18.00
201.00	20.00
202.00	18.00
203.00	17.00
204.00	19.00
205.00	22.00
206.00	20.00
207.00	23.00
208.00	13.00
209.00	12.00
210.00	19.00
211.00	22.00
212.00	13.00
213.00	26.00
214.00	21.00
215.00	12.00
216.00	24.00
217.00	26.00
218.00	29.00
219.00	26.00
220.00	24.00
221.00	24.00
222.00	28.00
223.00	27.00
224.00	33.00
225.00	19.00
226.00	19.00
227.00	28.00
228.00	27.00
229.00	22.00
230.00	23.00
231.00	15.00
232.00	29.00
233.00	19.00
234.00	20.00
235.00	17.00
236.00	17.00
237.00	21.00
238.00	29.00
239.00	21.00
240.00	16.00
241.00	14.00
242.00	16.00
243.00	22.00
244.00	22.00
245.00	12.00
246.00	25.00
247.00	26.00
248.00	25.00
249.00	20.00
250.00	19.00
251.00	23.00
252.00	19.00
253.00	25.00
254.00	26.00
255.00	18.00
256.00	17.00
257.00	26.00
258.00	27.00
259.00	17.00
260.00	15.00
261.00	20.00
262.00	20.00
263.00	26.00
264.00	23.00
265.00	34.00
266.00	30.00
267.00	31.00
268.00	31.00
269.00	36.00
270.00	28.00
271.00	19.00
272.00	32.00
273.00	27.00
274.00	26.00
275.00	24.00
276.00	28.00
277.00	30.00
278.00	58.00
279.00	57.00
280.00	83.00
281.00	115.00
282.00	124.00
283.00	137.00
284.00	208.00
285.00	216.00
286.00	256.00
287.00	225.00
288.00	215.00
289.00	184.00
290.00	176.00
291.00	148.00
292.00	127.00
293.00	106.00
294.00	80.00
295.00	41.00
296.00	41.00
297.00	27.00
298.00	36.00
299.00	32.00
300.00	21.00
301.00	29.00
302.00	29.00
303.00	29.00
304.00	30.00
305.00	52.00
306.00	66.00
307.00	61.00
308.00	89.00
309.00	117.00
310.00	151.00
311.00	246.00
312.00	348.00
313.00	528.00
314.00	689.00
315.00	1052.00
316.00	1218.00
317.00	1637.00
318.00	1990.00
319.00	2252.00
320.00	2458.00
321.00	2512.00
322.00	2410.00
323.00	2371.00
324.00	2065.00
325.00	1704.00
326.00	1368.00
327.00	1068.00
328.00	759.00
329.00	576.00
330.00	363.00
331.00	263.00
332.00	149.00
333.00	119.00
334.00	83.00
335.00	51.00
336.00	59.00
337.00	65.00
338.00	74.00
339.00	105.00
340.00	123.00
341.00	126.00
342.00	225.00
343.00	247.00
344.00	350.00
345.00	412.00
346.00	528.00
347.00	641.00
348.00	827.00
349.00	1038.00
350.00	1344.00
351.00	1727.00
352.00	2161.00
353.00	2755.00
354.00	3002.00
355.00	3461.00
356.00	3781.00
357.00	3989.00
358.00	3990.00
359.00	3795.00
360.00	3406.00
361.00	2947.00
362.00	2478.00
363.00	1871.00
364.00	1448.00
365.00	1060.00
366.00	741.00
367.00	413.00
368.00	299.00
369.00	205.00
370.00	126.00
371.00	80.00
372.00	64.00
373.00	54.00
374.00	58.00
375.00	44.00
376.00	64.00
377.00	71.00
378.00	100.00
379.00	95.00
380.00	141.00
381.00	216.00
382.00	300.00
383.00	352.00
384.00	418.00
385.00	488.00
386.00	542.00
387.00	606.00
388.00	591.00
389.00	664.00
390.00	590.00
391.00	553.00
392.00	539.00
393.00	442.00
394.00	367.00
395.00	290.00
396.00	224.00
397.00	171.00
398.00	127.00
399.00	80.00
400.00	57.00
401.00	72.00
402.00	42.00
403.00	34.00
404.00	39.00
405.00	45.00
406.00	48.00
407.00	39.00
408.00	38.00
409.00	35.00
410.00	39.00
411.00	34.00
412.00	27.00
413.00	34.00
414.00	36.00
415.00	53.00
416.00	50.00
417.00	45.00
418.00	42.00
419.00	54.00
420.00	61.00
421.00	66.00
422.00	97.00
423.00	89.00
424.00	138.00
425.00	185.00
426.00	293.00
427.00	400.00
428.00	522.00
429.00	677.00
430.00	927.00
431.00	1132.00
432.00	1341.00
433.00	1537.00
434.00	1688.00
435.00	1696.00
436.00	1833.00
437.00	1826.00
438.00	1668.00
439.00	1612.00
440.00	1372.00
441.00	1152.00
442.00	1083.00
443.00	817.00
444.00	634.00
445.00	541.00
446.00	448.00
447.00	401.00
448.00	349.00
449.00	298.00
450.00	309.00
451.00	258.00
452.00	255.00
453.00	238.00
454.00	207.00
455.00	205.00
456.00	189.00
457.00	171.00
458.00	153.00
459.00	143.00
460.00	150.00
461.00	138.00
462.00	131.00
463.00	158.00
464.00	172.00
465.00	177.00
466.00	220.00
467.00	238.00
468.00	269.00
469.00	283.00
470.00	325.00
471.00	317.00
472.00	365.00
473.00	429.00
474.00	386.00
475.00	451.00
476.00	458.00
477.00	465.00
478.00	485.00
479.00	459.00
480.00	427.00
481.00	426.00
482.00	329.00
483.00	266.00
484.00	268.00
485.00	241.00
486.00	189.00
487.00	148.00
488.00	129.00
489.00	124.00
490.00	114.00
491.00	98.00
492.00	75.00
493.00	107.00
494.00	121.00
495.00	126.00
496.00	102.00
497.00	118.00
498.00	110.00
499.00	111.00
500.00	118.00
501.00	129.00
502.00	119.00
503.00	137.00
504.00	140.00
505.00	158.00
506.00	142.00
507.00	139.00
508.00	145.00
509.00	146.00
510.00	150.00
511.00	169.00
512.00	186.00
513.00	186.00
514.00	183.00
515.00	221.00
516.00	204.00
517.00	205.00
518.00	272.00
519.00	277.00
520.00	243.00
521.00	276.00
522.00	275.00
523.00	285.00
524.00	309.00
525.00	285.00
526.00	307.00
527.00	261.00
528.00	250.00
529.00	247.00
530.00	226.00
531.00	225.00
532.00	208.00
533.00	211.00
534.00	194.00
535.00	193.00
536.00	187.00
537.00	201.00
538.00	219.00
539.00	202.00
540.00	211.00
541.00	200.00
542.00	190.00
543.00	186.00
544.00	202.00
545.00	222.00
546.00	193.00
547.00	222.00
548.00	194.00
549.00	213.00
550.00	236.00
551.00	185.00
552.00	230.00
553.00	240.00
554.00	263.00
555.00	297.00
556.00	290.00
557.00	363.00
558.00	537.00
559.00	575.00
560.00	768.00
561.00	931.00
562.00	1125.00
563.00	1449.00
564.00	1731.00
565.00	2093.00
566.00	2343.00
567.00	2531.00
568.00	2775.00
569.00	2844.00
570.00	2873.00
571.00	2959.00
572.00	2772.00
573.00	2518.00
574.00	2261.00
575.00	1972.00
576.00	1585.00
577.00	1293.00
578.00	1098.00
579.00	867.00
580.00	693.00
581.00	553.00
582.00	460.00
583.00	367.00
584.00	314.00
585.00	281.00
586.00	252.00
587.00	265.00
588.00	266.00
589.00	257.00
590.00	254.00
591.00	282.00
592.00	296.00
593.00	267.00
594.00	310.00
595.00	349.00
596.00	379.00
597.00	427.00
598.00	513.00
599.00	633.00
600.00	813.00
601.00	1056.00
602.00	1499.00
603.00	2112.00
604.00	3019.00
605.00	4228.00
606.00	5916.00
607.00	8308.00
608.00	11413.00
609.00	15183.00
610.00	19564.00
611.00	24824.00
612.00	30567.00
613.00	35998.00
614.00	42015.00
615.00	47479.00
616.00	51760.00
617.00	55086.00
618.00	55965.00
619.00	55798.00
620.00	54297.00
621.00	50556.00
622.00	46014.00
623.00	40729.00
624.00	35107.00
625.00	28962.00
626.00	23793.00
627.00	18810.00
628.00	14010.00
629.00	10592.00
630.00	7760.00
631.00	5521.00
632.00	3901.00
633.00	2738.00
634.00	1862.00
635.00	1347.00
636.00	1024.00
637.00	802.00
638.00	597.00
639.00	548.00
640.00	472.00
641.00	424.00
642.00	391.00
643.00	399.00
644.00	389.00
645.00	413.00
646.00	415.00
647.00	415.00
648.00	398.00
649.00	428.00
650.00	408.00
651.00	438.00
652.00	435.00
653.00	433.00
654.00	486.00
655.00	453.00
656.00	483.00
657.00	488.00
658.00	513.00
659.00	520.00
660.00	564.00
661.00	576.00
662.00	641.00
663.00	638.00
664.00	722.00
665.00	801.00
666.00	997.00
667.00	1126.00
668.00	1357.00
669.00	1619.00
670.00	2016.00
671.00	2528.00
672.00	3076.00
673.00	3725.00
674.00	4439.00
675.00	5144.00
676.00	5971.00
677.00	7017.00
678.00	7671.00
679.00	8278.00
680.00	8557.00
681.00	8715.00
682.00	8854.00
683.00	8637.00
684.00	8175.00
685.00	7568.00
686.00	6686.00
687.00	5988.00
688.00	5148.00
689.00	4275.00
690.00	3589.00
691.00	2860.00
692.00	2220.00
693.00	1680.00
694.00	1345.00
695.00	1011.00
696.00	738.00
697.00	645.00
698.00	551.00
699.00	469.00
700.00	402.00
701.00	337.00
702.00	352.00
703.00	333.00
704.00	353.00
705.00	372.00
706.00	344.00
707.00	346.00
708.00	336.00
709.00	371.00
710.00	374.00
711.00	424.00
712.00	437.00
713.00	416.00
714.00	452.00
715.00	536.00
716.00	503.00
717.00	552.00
718.00	550.00
719.00	530.00
720.00	583.00
721.00	589.00
722.00	518.00
723.00	571.00
724.00	575.00
725.00	597.00
726.00	556.00
727.00	499.00
728.00	471.00
729.00	451.00
730.00	429.00
731.00	410.00
732.00	384.00
733.00	340.00
734.00	391.00
735.00	383.00
736.00	375.00
737.00	342.00
738.00	377.00
739.00	348.00
740.00	346.00
741.00	328.00
742.00	324.00
743.00	346.00
744.00	332.00
745.00	350.00
746.00	341.00
747.00	349.00
748.00	327.00
749.00	320.00
750.00	339.00
751.00	311.00
752.00	346.00
753.00	322.00
754.00	330.00
755.00	340.00
756.00	366.00
757.00	358.00
758.00	387.00
759.00	374.00
760.00	380.00
761.00	349.00
762.00	375.00
763.00	407.00
764.00	436.00
765.00	410.00
766.00	425.00
767.00	431.00
768.00	432.00
769.00	426.00
770.00	510.00
771.00	564.00
772.00	567.00
773.00	510.00
774.00	590.00
775.00	564.00
776.00	622.00
777.00	615.00
778.00	619.00
779.00	619.00
780.00	630.00
781.00	644.00
782.00	595.00
783.00	634.00
784.00	677.00
785.00	614.00
786.00	659.00
787.00	606.00
788.00	627.00
789.00	705.00
790.00	655.00
791.00	669.00
792.00	616.00
793.00	658.00
794.00	625.00
795.00	583.00
796.00	629.00
797.00	640.00
798.00	591.00
799.00	587.00
800.00	620.00
801.00	615.00
802.00	594.00
803.00	594.00
804.00	641.00
805.00	576.00
806.00	607.00
807.00	627.00
808.00	638.00
809.00	664.00
810.00	634.00
811.00	646.00
812.00	638.00
813.00	614.00
814.00	634.00
815.00	612.00
816.00	593.00
817.00	617.00
818.00	632.00
819.00	664.00
820.00	649.00
821.00	645.00
822.00	695.00
823.00	756.00
824.00	774.00
825.00	770.00
826.00	826.00
827.00	900.00
828.00	866.00
829.00	983.00
830.00	1012.00
831.00	1051.00
832.00	1002.00
833.00	1009.00
834.00	1035.00
835.00	1030.00
836.00	1027.00
837.00	973.00
838.00	904.00
839.00	890.00
840.00	861.00
841.00	793.00
842.00	775.00
843.00	710.00
844.00	695.00
845.00	659.00
846.00	707.00
847.00	619.00
848.00	609.00
849.00	582.00
850.00	559.00
851.00	593.00
852.00	599.00
853.00	567.00
854.00	600.00
855.00	602.00
856.00	598.00
857.00	617.00
858.00	669.00
859.00	590.00
860.00	576.00
861.00	579.00
862.00	617.00
863.00	608.00
864.00	582.00
865.00	546.00
866.00	573.00
867.00	601.00
868.00	592.00
869.00	636.00
870.00	632.00
871.00	609.00
872.00	608.00
873.00	633.00
874.00	615.00
875.00	610.00
876.00	615.00
877.00	636.00
878.00	599.00
879.00	583.00
880.00	643.00
881.00	646.00
882.00	647.00
883.00	647.00
884.00	655.00
885.00	660.00
886.00	704.00
887.00	712.00
888.00	736.00
889.00	723.00
890.00	719.00
891.00	744.00
892.00	724.00
893.00	689.00
894.00	741.00
895.00	723.00
896.00	712.00
897.00	789.00
898.00	796.00
899.00	769.00
900.00	681.00
901.00	693.00
902.00	757.00
903.00	741.00
904.00	731.00
905.00	779.00
906.00	804.00
907.00	794.00
908.00	800.00
909.00	802.00
910.00	864.00
911.00	868.00
912.00	811.00
913.00	756.00
914.00	808.00
915.00	761.00
916.00	779.00
917.00	799.00
918.00	812.00
919.00	797.00
920.00	794.00
921.00	802.00
922.00	821.00
923.00	843.00
924.00	769.00
925.00	795.00
926.00	752.00
927.00	791.00
928.00	817.00
929.00	815.00
930.00	807.00
931.00	834.00
932.00	755.00
933.00	806.00
934.00	764.00
935.00	764.00
936.00	734.00
937.00	769.00
938.00	796.00
939.00	717.00
940.00	740.00
941.00	673.00
942.00	712.00
943.00	774.00
944.00	749.00
945.00	729.00
946.00	770.00
947.00	690.00
948.00	778.00
949.00	731.00
950.00	735.00
951.00	747.00
952.00	713.00
953.00	730.00
954.00	725.00
955.00	709.00
956.00	764.00
957.00	768.00
958.00	794.00
959.00	727.00
960.00	725.00
961.00	752.00
962.00	733.00
963.00	793.00
964.00	773.00
965.00	733.00
966.00	782.00
967.00	770.00
968.00	780.00
969.00	775.00
970.00	771.00
971.00	762.00
972.00	751.00
973.00	736.00
974.00	778.00
975.00	768.00
976.00	722.00
977.00	818.00
978.00	808.00
979.00	731.00
980.00	761.00
981.00	727.00
982.00	749.00
983.00	752.00
984.00	789.00
985.00	730.00
986.00	755.00
987.00	758.00
988.00	746.00
989.00	771.00
990.00	739.00
991.00	747.00
992.00	805.00
993.00	730.00
994.00	758.00
995.00	714.00
996.00	726.00
997.00	764.00
998.00	798.00
999.00	766.00
1000.00	782.00
1001.00	764.00
1002.00	783.00
1003.00	772.00
1004.00	799.00
1005.00	797.00
1006.00	811.00
1007.00	774.00
1008.00	801.00
1009.00	826.00
1010.00	803.00
1011.00	784.00
1012.00	876.00
1013.00	805.00
1014.00	890.00
1015.00	835.00
1016.00	791.00
1017.00	838.00
1018.00	857.00
1019.00	823.00
1020.00	840.00
1021.00	794.00
1022.00	788.00
1023.00	770.00
1024.00	728.00
1025.00	741.00
1026.00	802.00
1027.00	790.00
1028.00	787.00
1029.00	775.00
1030.00	775.00
1031.00	819.00
1032.00	779.00
1033.00	726.00
1034.00	715.00
1035.00	769.00
1036.00	729.00
1037.00	766.00
1038.00	754.00
1039.00	740.00
1040.00	806.00
1041.00	777.00
1042.00	744.00
1043.00	786.00
1044.00	759.00
1045.00	788.00
1046.00	778.00
1047.00	732.00
1048.00	762.00
1049.00	807.00
1050.00	832.00
1051.00	814.00
1052.00	820.00
1053.00	801.00
1054.00	743.00
1055.00	765.00
1056.00	800.00
1057.00	818.00
1058.00	815.00
1059.00	811.00
1060.00	817.00
1061.00	735.00
1062.00	808.00
1063.00	760.00
1064.00	806.00
1065.00	842.00
1066.00	773.00
1067.00	805.00
1068.00	807.00
1069.00	781.00
1070.00	761.00
1071.00	801.00
1072.00	836.00
1073.00	802.00
1074.00	821.00
1075.00	782.00
1076.00	888.00
1077.00	767.00
1078.00	825.00
1079.00	805.00
1080.00	803.00
1081.00	837.00
1082.00	843.00
1083.00	825.00
1084.00	773.00
1085.00	881.00
1086.00	834.00
1087.00	848.00
1088.00	888.00
1089.00	883.00
1090.00	850.00
1091.00	847.00
1092.00	830.00
1093.00	843.00
1094.00	813.00
1095.00	804.00
1096.00	838.00
1097.00	815.00
1098.00	826.00
1099.00	790.00
1100.00	842.00
1101.00	823.00
1102.00	773.00
1103.00	775.00
1104.00	778.00
1105.00	804.00
1106.00	819.00
1107.00	875.00
1108.00	808.00
1109.00	806.00
1110.00	862.00
1111.00	774.00
1112.00	835.00
1113.00	809.00
1114.00	824.00
1115.00	797.00
1116.00	812.00
1117.00	841.00
1118.00	827.00
1119.00	751.00
1120.00	840.00
1121.00	798.00
1122.00	853.00
1123.00	831.00
1124.00	857.00
1125.00	793.00
1126.00	764.00
1127.00	819.00
1128.00	786.00
1129.00	831.00
1130.00	857.00
1131.00	832.00
1132.00	823.00
1133.00	795.00
1134.00	864.00
1135.00	820.00
1136.00	768.00
1137.00	816.00
1138.00	820.00
1139.00	809.00
1140.00	849.00
1141.00	824.00
1142.00	811.00
1143.00	828.00
1144.00	851.00
1145.00	887.00
1146.00	844.00
1147.00	830.00
1148.00	819.00
1149.00	807.00
1150.00	874.00
1151.00	849.00
1152.00	908.00
1153.00	813.00
1154.00	836.00
1155.00	815.00
1156.00	844.00
1157.00	820.00
1158.00	859.00
1159.00	805.00
1160.00	790.00
1161.00	846.00
1162.00	789.00
1163.00	818.00
1164.00	786.00
1165.00	801.00
1166.00	814.00
1167.00	813.00
1168.00	744.00
1169.00	843.00
1170.00	789.00
1171.00	783.00
1172.00	801.00
1173.00	875.00
1174.00	784.00
1175.00	782.00
1176.00	800.00
1177.00	811.00
1178.00	793.00
1179.00	843.00
1180.00	838.00
1181.00	782.00
1182.00	824.00
1183.00	839.00
1184.00	785.00
1185.00	808.00
1186.00	777.00
1187.00	824.00
1188.00	827.00
1189.00	849.00
1190.00	816.00
1191.00	847.00
1192.00	805.00
1193.00	788.00
1194.00	845.00
1195.00	773.00
1196.00	831.00
1197.00	770.00
1198.00	868.00
1199.00	833.00
1200.00	828.00
1201.00	875.00
1202.00	817.00
1203.00	882.00
1204.00	858.00
1205.00	844.00
1206.00	835.00
1207.00	833.00
1208.00	876.00
1209.00	826.00
1210.00	842.00
1211.00	867.00
1212.00	838.00
1213.00	907.00
1214.00	864.00
1215.00	839.00
1216.00	936.00
1217.00	898.00
1218.00	877.00
1219.00	866.00
1220.00	885.00
1221.00	874.00
1222.00	875.00
1223.00	886.00
1224.00	922.00
1225.00	932.00
1226.00	866.00
1227.00	945.00
1228.00	896.00
1229.00	911.00
1230.00	901.00
1231.00	941.00
1232.00	955.00
1233.00	933.00
1234.00	899.00
1235.00	849.00
1236.00	920.00
1237.00	980.00
1238.00	893.00
1239.00	929.00
1240.00	903.00
1241.00	910.00
1242.00	863.00
1243.00	829.00
1244.00	862.00
1245.00	928.00
1246.00	845.00
1247.00	902.00
1248.00	880.00
1249.00	811.00
1250.00	860.00
1251.00	887.00
1252.00	834.00
1253.00	847.00
1254.00	853.00
1255.00	766.00
1256.00	829.00
1257.00	821.00
1258.00	857.00
1259.00	830.00
1260.00	823.00
1261.00	812.00
1262.00	878.00
1263.00	829.00
1264.00	842.00
1265.00	799.00
1266.00	833.00
1267.00	806.00
1268.00	818.00
1269.00	857.00
1270.00	878.00
1271.00	906.00
1272.00	814.00
1273.00	881.00
1274.00	851.00
1275.00	838.00
1276.00	826.00
1277.00	872.00
1278.00	921.00
1279.00	877.00
1280.00	884.00
1281.00	919.00
1282.00	897.00
1283.00	957.00
1284.00	920.00
1285.00	917.00
1286.00	1016.00
1287.00	1003.00
1288.00	940.00
1289.00	1047.00
1290.00	1057.00
1291.00	992.00
1292.00	1033.00
1293.00	1001.00
1294.00	988.00
1295.00	1005.00
1296.00	1023.00
1297.00	1014.00
1298.00	978.00
1299.00	949.00
1300.00	918.00
1301.00	929.00
1302.00	897.00
1303.00	904.00
1304.00	909.00
1305.00	894.00
1306.00	887.00
1307.00	886.00
1308.00	832.00
1309.00	815.00
1310.00	849.00
1311.00	887.00
1312.00	762.00
1313.00	808.00
1314.00	855.00
1315.00	813.00
1316.00	798.00
1317.00	810.00
1318.00	831.00
1319.00	815.00
1320.00	804.00
1321.00	805.00
1322.00	815.00
1323.00	782.00
1324.00	796.00
1325.00	807.00
1326.00	770.00
1327.00	783.00
1328.00	747.00
1329.00	820.00
1330.00	784.00
1331.00	795.00
1332.00	790.00
1333.00	817.00
1334.00	791.00
1335.00	792.00
1336.00	732.00
1337.00	768.00
1338.00	743.00
1339.00	727.00
1340.00	776.00
1341.00	759.00
1342.00	743.00
1343.00	777.00
1344.00	760.00
1345.00	784.00
1346.00	831.00
1347.00	820.00
1348.00	774.00
1349.00	824.00
1350.00	817.00
1351.00	861.00
1352.00	825.00
1353.00	853.00
1354.00	835.00
1355.00	862.00
1356.00	842.00
1357.00	899.00
1358.00	873.00
1359.00	898.00
1360.00	912.00
1361.00	889.00
1362.00	908.00
1363.00	873.00
1364.00	919.00
1365.00	935.00
1366.00	870.00
1367.00	934.00
1368.00	909.00
1369.00	916.00
1370.00	867.00
1371.00	828.00
1372.00	893.00
1373.00	861.00
1374.00	829.00
1375.00	810.00
1376.00	741.00
1377.00	782.00
1378.00	714.00
1379.00	766.00
1380.00	723.00
1381.00	766.00
1382.00	736.00
1383.00	710.00
1384.00	683.00
1385.00	630.00
1386.00	747.00
1387.00	711.00
1388.00	739.00
1389.00	714.00
1390.00	719.00
1391.00	717.00
1392.00	722.00
1393.00	704.00
1394.00	748.00
1395.00	688.00
1396.00	736.00
1397.00	721.00
1398.00	691.00
1399.00	711.00
1400.00	722.00
1401.00	672.00
1402.00	697.00
1403.00	682.00
1404.00	765.00
1405.00	740.00
1406.00	702.00
1407.00	652.00
1408.00	653.00
1409.00	738.00
1410.00	704.00
1411.00	683.00
1412.00	679.00
1413.00	684.00
1414.00	644.00
1415.00	726.00
1416.00	690.00
1417.00	689.00
1418.00	717.00
1419.00	700.00
1420.00	729.00
1421.00	690.00
1422.00	749.00
1423.00	703.00
1424.00	685.00
1425.00	717.00
1426.00	769.00
1427.00	723.00
1428.00	659.00
1429.00	734.00
1430.00	674.00
1431.00	726.00
1432.00	748.00
1433.00	712.00
1434.00	770.00
1435.00	703.00
1436.00	704.00
1437.00	740.00
1438.00	760.00
1439.00	740.00
1440.00	712.00
1441.00	765.00
1442.00	762.00
1443.00	764.00
1444.00	765.00
1445.00	737.00
1446.00	749.00
1447.00	743.00
1448.00	744.00
1449.00	708.00
1450.00	727.00
1451.00	733.00
1452.00	709.00
1453.00	693.00
1454.00	705.00
1455.00	736.00
1456.00	678.00
1457.00	677.00
1458.00	694.00
1459.00	693.00
1460.00	697.00
1461.00	691.00
1462.00	704.00
1463.00	742.00
1464.00	698.00
1465.00	661.00
1466.00	695.00
1467.00	676.00
1468.00	649.00
1469.00	664.00
1470.00	686.00
1471.00	680.00
1472.00	660.00
1473.00	654.00
1474.00	667.00
1475.00	636.00
1476.00	689.00
1477.00	663.00
1478.00	646.00
1479.00	656.00
1480.00	682.00
1481.00	629.00
1482.00	632.00
1483.00	640.00
1484.00	693.00
1485.00	613.00
1486.00	642.00
1487.00	643.00
1488.00	631.00
1489.00	649.00
1490.00	614.00
1491.00	637.00
1492.00	675.00
1493.00	704.00
1494.00	661.00
1495.00	648.00
1496.00	685.00
1497.00	667.00
1498.00	709.00
1499.00	676.00
1500.00	714.00
1501.00	682.00
1502.00	679.00
1503.00	682.00
1504.00	727.00
1505.00	718.00
1506.00	739.00
1507.00	701.00
1508.00	740.00
1509.00	765.00
1510.00	749.00
1511.00	774.00
1512.00	754.00
1513.00	813.00
1514.00	829.00
1515.00	867.00
1516.00	826.00
1517.00	816.00
1518.00	844.00
1519.00	810.00
1520.00	896.00
1521.00	772.00
1522.00	848.00
1523.00	803.00
1524.00	850.00
1525.00	804.00
1526.00	776.00
1527.00	755.00
1528.00	769.00
1529.00	776.00
1530.00	771.00
1531.00	753.00
1532.00	781.00
1533.00	745.00
1534.00	746.00
1535.00	713.00
1536.00	711.00
1537.00	718.00
1538.00	747.00
1539.00	703.00
1540.00	686.00
1541.00	718.00
1542.00	735.00
1543.00	705.00
1544.00	796.00
1545.00	701.00
1546.00	744.00
1547.00	738.00
1548.00	798.00
1549.00	783.00
1550.00	805.00
1551.00	798.00
1552.00	728.00
1553.00	789.00
1554.00	783.00
1555.00	809.00
1556.00	813.00
1557.00	881.00
1558.00	793.00
1559.00	905.00
1560.00	898.00
1561.00	856.00
1562.00	893.00
1563.00	871.00
1564.00	895.00
1565.00	925.00
1566.00	949.00
1567.00	956.00
1568.00	969.00
1569.00	1010.00
1570.00	981.00
1571.00	1006.00
1572.00	1004.00
1573.00	1024.00
1574.00	1075.00
1575.00	1063.00
1576.00	1031.00
1577.00	1060.00
1578.00	1067.00
1579.00	1091.00
1580.00	1150.00
1581.00	1185.00
1582.00	1173.00
1583.00	1136.00
1584.00	1181.00
1585.00	1151.00
1586.00	1207.00
1587.00	1129.00
1588.00	1186.00
1589.00	1125.00
1590.00	1142.00
1591.00	1154.00
1592.00	1172.00
1593.00	1147.00
1594.00	1153.00
1595.00	1096.00
1596.00	1108.00
1597.00	1112.00
1598.00	1179.00
1599.00	1126.00
1600.00	1104.00
1601.00	1085.00
1602.00	1088.00
1603.00	1053.00
1604.00	1067.00
1605.00	1049.00
1606.00	1045.00
1607.00	1014.00
1608.00	963.00
1609.00	927.00
1610.00	948.00
1611.00	917.00
1612.00	915.00
1613.00	854.00
1614.00	879.00
1615.00	879.00
1616.00	813.00
1617.00	821.00
1618.00	830.00
1619.00	806.00
1620.00	801.00
1621.00	786.00
1622.00	765.00
1623.00	732.00
1624.00	723.00
1625.00	724.00
1626.00	696.00
1627.00	651.00
1628.00	671.00
1629.00	673.00
1630.00	691.00
1631.00	663.00
1632.00	648.00
1633.00	627.00
1634.00	597.00
1635.00	609.00
1636.00	640.00
1637.00	610.00
1638.00	577.00
1639.00	555.00
1640.00	567.00
1641.00	584.00
1642.00	591.00
1643.00	570.00
1644.00	582.00
1645.00	549.00
1646.00	590.00
1647.00	546.00
1648.00	562.00
1649.00	536.00
1650.00	549.00
1651.00	478.00
1652.00	565.00
1653.00	576.00
1654.00	567.00
1655.00	542.00
1656.00	561.00
1657.00	558.00
1658.00	503.00
1659.00	552.00
1660.00	592.00
1661.00	556.00
1662.00	570.00
1663.00	568.00
1664.00	635.00
1665.00	643.00
1666.00	624.00
1667.00	697.00
1668.00	685.00
1669.00	747.00
1670.00	718.00
1671.00	773.00
1672.00	883.00
1673.00	855.00
1674.00	894.00
1675.00	978.00
1676.00	930.00
1677.00	954.00
1678.00	923.00
1679.00	962.00
1680.00	978.00
1681.00	966.00
1682.00	1026.00
1683.00	991.00
1684.00	970.00
1685.00	920.00
1686.00	943.00
1687.00	984.00
1688.00	954.00
1689.00	853.00
1690.00	854.00
1691.00	837.00
1692.00	777.00
1693.00	767.00
1694.00	718.00
1695.00	723.00
1696.00	676.00
1697.00	662.00
1698.00	597.00
1699.00	565.00
1700.00	566.00
1701.00	558.00
1702.00	536.00
1703.00	494.00
1704.00	507.00
1705.00	482.00
1706.00	452.00
1707.00	480.00
1708.00	506.00
1709.00	443.00
1710.00	405.00
1711.00	461.00
1712.00	423.00
1713.00	468.00
1714.00	412.00
1715.00	429.00
1716.00	393.00
1717.00	420.00
1718.00	443.00
1719.00	441.00
1720.00	390.00
1721.00	448.00
1722.00	458.00
1723.00	411.00
1724.00	431.00
1725.00	409.00
1726.00	405.00
1727.00	440.00
1728.00	405.00
1729.00	423.00
1730.00	417.00
1731.00	386.00
1732.00	458.00
1733.00	398.00
1734.00	410.00
1735.00	402.00
1736.00	430.00
1737.00	447.00
1738.00	428.00
1739.00	424.00
1740.00	424.00
1741.00	386.00
1742.00	394.00
1743.00	438.00
1744.00	438.00
1745.00	464.00
1746.00	401.00
1747.00	435.00
1748.00	425.00
1749.00	423.00
1750.00	459.00
1751.00	440.00
1752.00	394.00
1753.00	430.00
1754.00	440.00
1755.00	464.00
1756.00	467.00
1757.00	377.00
1758.00	445.00
1759.00	434.00
1760.00	472.00
1761.00	467.00
1762.00	437.00
1763.00	472.00
1764.00	441.00
1765.00	457.00
1766.00	444.00
1767.00	418.00
1768.00	443.00
1769.00	385.00
1770.00	433.00
1771.00	429.00
1772.00	452.00
1773.00	427.00
1774.00	438.00
1775.00	405.00
1776.00	396.00
1777.00	431.00
1778.00	397.00
1779.00	421.00
1780.00	452.00
1781.00	429.00
1782.00	400.00
1783.00	424.00
1784.00	400.00
1785.00	403.00
1786.00	412.00
1787.00	419.00
1788.00	418.00
1789.00	388.00
1790.00	387.00
1791.00	382.00
1792.00	405.00
1793.00	378.00
1794.00	405.00
1795.00	374.00
1796.00	381.00
1797.00	368.00
1798.00	381.00
1799.00	350.00
1800.00	380.00
1801.00	389.00
1802.00	355.00
1803.00	359.00
1804.00	323.00
1805.00	356.00
1806.00	324.00
1807.00	340.00
1808.00	343.00
1809.00	336.00
1810.00	342.00
1811.00	322.00
1812.00	317.00
1813.00	306.00
1814.00	329.00
1815.00	346.00
1816.00	293.00
1817.00	319.00
1818.00	315.00
1819.00	287.00
1820.00	281.00
1821.00	301.00
1822.00	290.00
1823.00	284.00
1824.00	292.00
1825.00	277.00
1826.00	268.00
1827.00	277.00
1828.00	250.00
1829.00	252.00
1830.00	233.00
1831.00	260.00
1832.00	275.00
1833.00	258.00
1834.00	245.00
1835.00	218.00
1836.00	251.00
1837.00	246.00
1838.00	239.00
1839.00	238.00
1840.00	280.00
1841.00	237.00
1842.00	264.00
1843.00	239.00
1844.00	263.00
1845.00	233.00
1846.00	235.00
1847.00	229.00
1848.00	231.00
1849.00	216.00
1850.00	212.00
1851.00	221.00
1852.00	246.00
1853.00	216.00
1854.00	208.00
1855.00	211.00
1856.00	235.00
1857.00	238.00
1858.00	224.00
1859.00	211.00
1860.00	201.00
1861.00	246.00
1862.00	236.00
1863.00	236.00
1864.00	221.00
1865.00	211.00
1866.00	214.00
1867.00	216.00
1868.00	229.00
1869.00	213.00
1870.00	215.00
1871.00	214.00
1872.00	198.00
1873.00	203.00
1874.00	210.00
1875.00	226.00
1876.00	226.00
1877.00	219.00
1878.00	253.00
1879.00	243.00
1880.00	291.00
1881.00	230.00
1882.00	246.00
1883.00	266.00
1884.00	233.00
1885.00	288.00
1886.00	244.00
1887.00	243.00
1888.00	265.00
1889.00	267.00
1890.00	279.00
1891.00	255.00
1892.00	235.00
1893.00	247.00
1894.00	252.00
1895.00	219.00
1896.00	254.00
1897.00	249.00
1898.00	223.00
1899.00	251.00
1900.00	229.00
1901.00	225.00
1902.00	225.00
1903.00	193.00
1904.00	206.00
1905.00	194.00
1906.00	182.00
1907.00	189.00
1908.00	185.00
1909.00	162.00
1910.00	209.00
1911.00	162.00
1912.00	172.00
1913.00	173.00
1914.00	190.00
1915.00	179.00
1916.00	171.00
1917.00	206.00
1918.00	185.00
1919.00	185.00
1920.00	181.00
1921.00	162.00
1922.00	192.00
1923.00	164.00
1924.00	154.00
1925.00	155.00
1926.00	185.00
1927.00	150.00
1928.00	159.00
1929.00	173.00
1930.00	151.00
1931.00	174.00
1932.00	176.00
1933.00	168.00
1934.00	149.00
1935.00	156.00
1936.00	146.00
1937.00	142.00
1938.00	148.00
1939.00	163.00
1940.00	158.00
1941.00	162.00
1942.00	144.00
1943.00	152.00
1944.00	142.00
1945.00	131.00
1946.00	134.00
1947.00	140.00
1948.00	153.00
1949.00	152.00
1950.00	134.00
1951.00	152.00
1952.00	134.00
1953.00	156.00
1954.00	141.00
1955.00	138.00
1956.00	119.00
1957.00	156.00
1958.00	153.00
1959.00	133.00
1960.00	110.00
1961.00	135.00
1962.00	132.00
1963.00	121.00
1964.00	142.00
1965.00	136.00
1966.00	133.00
1967.00	131.00
1968.00	140.00
1969.00	121.00
1970.00	126.00
1971.00	137.00
1972.00	141.00
1973.00	121.00
1974.00	129.00
1975.00	108.00
1976.00	136.00
1977.00	137.00
1978.00	135.00
1979.00	118.00
1980.00	115.00
1981.00	141.00
1982.00	120.00
1983.00	115.00
1984.00	122.00
1985.00	122.00
1986.00	122.00
1987.00	111.00
1988.00	125.00
1989.00	116.00
1990.00	112.00
1991.00	118.00
1992.00	96.00
1993.00	124.00
1994.00	119.00
1995.00	117.00
1996.00	117.00
1997.00	94.00
1998.00	122.00
1999.00	104.00
2000.00	108.00
2001.00	110.00
2002.00	113.00
2003.00	86.00
2004.00	88.00
2005.00	107.00
2006.00	107.00
2007.00	111.00
2008.00	93.00
2009.00	102.00
2010.00	104.00
2011.00	108.00
2012.00	106.00
2013.00	113.00
2014.00	106.00
2015.00	95.00
2016.00	99.00
2017.00	89.00
2018.00	82.00
2019.00	83.00
2020.00	96.00
2021.00	101.00
2022.00	101.00
2023.00	82.00
2024.00	90.00
2025.00	101.00
2026.00	87.00
2027.00	113.00
2028.00	86.00
2029.00	115.00
2030.00	97.00
2031.00	84.00
2032.00	88.00
2033.00	89.00
2034.00	91.00
2035.00	101.00
2036.00	83.00
2037.00	92.00
2038.00	95.00
2039.00	65.00
2040.00	85.00
2041.00	97.00
2042.00	73.00
2043.00	88.00
2044.00	87.00
2045.00	63.00
2046.00	83.00
2047.00	77.00
2048.00	 0.00
