Date:	2023-09-18		
Time:	20:04		
Sample name:	Pellets		
Position:	432.600011	mm	
Sample surface:	6.004057	cm	
Tube anode:	Mo		
Tube voltage:	30	kV	
Tube current:	50	mA	
Comments	in position		
Gain	5.810000		
peaking_time	0.300000	m-sec	
trigger_threshold	30.000000	V	
mca_bin_width	2.000000	no:	
number_mca_channels	2048.000000	no:	
gap_time	0.100000	m-sec	
trigger_peaking_time	0.050000	m-sec	
livetime	17.227431	seconds	
runtime	20.000286	seconds	
input_count_rate	122698.561603	cps	
output_count_rate	105687.536026	cps	
triggers	2366209.000000	seconds	
events_in_run	2104337.000000	seconds	
channel	content		
 1.00	 0.00
 2.00	 0.00
 3.00	 0.00
 4.00	 0.00
 5.00	 0.00
 6.00	 0.00
 7.00	 0.00
 8.00	 0.00
 9.00	 0.00
10.00	 0.00
11.00	 0.00
12.00	 0.00
13.00	 0.00
14.00	 0.00
15.00	 0.00
16.00	 0.00
17.00	 0.00
18.00	 0.00
19.00	 0.00
20.00	 0.00
21.00	 0.00
22.00	 0.00
23.00	 0.00
24.00	 0.00
25.00	 0.00
26.00	 0.00
27.00	 0.00
28.00	 0.00
29.00	 0.00
30.00	 0.00
31.00	 0.00
32.00	 0.00
33.00	 1.00
34.00	 0.00
35.00	 3.00
36.00	 0.00
37.00	 1.00
38.00	 3.00
39.00	 3.00
40.00	 2.00
41.00	 7.00
42.00	 6.00
43.00	 8.00
44.00	 9.00
45.00	12.00
46.00	13.00
47.00	20.00
48.00	20.00
49.00	18.00
50.00	34.00
51.00	28.00
52.00	30.00
53.00	33.00
54.00	26.00
55.00	33.00
56.00	33.00
57.00	32.00
58.00	32.00
59.00	40.00
60.00	33.00
61.00	33.00
62.00	44.00
63.00	30.00
64.00	35.00
65.00	37.00
66.00	34.00
67.00	42.00
68.00	30.00
69.00	32.00
70.00	40.00
71.00	35.00
72.00	32.00
73.00	34.00
74.00	34.00
75.00	37.00
76.00	34.00
77.00	36.00
78.00	29.00
79.00	46.00
80.00	34.00
81.00	37.00
82.00	35.00
83.00	31.00
84.00	33.00
85.00	40.00
86.00	27.00
87.00	39.00
88.00	48.00
89.00	42.00
90.00	45.00
91.00	42.00
92.00	38.00
93.00	32.00
94.00	33.00
95.00	28.00
96.00	42.00
97.00	33.00
98.00	30.00
99.00	30.00
100.00	33.00
101.00	39.00
102.00	35.00
103.00	23.00
104.00	36.00
105.00	41.00
106.00	28.00
107.00	37.00
108.00	29.00
109.00	28.00
110.00	31.00
111.00	32.00
112.00	21.00
113.00	35.00
114.00	19.00
115.00	28.00
116.00	31.00
117.00	29.00
118.00	41.00
119.00	28.00
120.00	25.00
121.00	41.00
122.00	25.00
123.00	21.00
124.00	20.00
125.00	30.00
126.00	30.00
127.00	19.00
128.00	26.00
129.00	22.00
130.00	17.00
131.00	26.00
132.00	24.00
133.00	20.00
134.00	24.00
135.00	22.00
136.00	24.00
137.00	37.00
138.00	48.00
139.00	68.00
140.00	73.00
141.00	100.00
142.00	99.00
143.00	133.00
144.00	130.00
145.00	131.00
146.00	136.00
147.00	128.00
148.00	90.00
149.00	90.00
150.00	89.00
151.00	69.00
152.00	88.00
153.00	65.00
154.00	55.00
155.00	62.00
156.00	53.00
157.00	55.00
158.00	44.00
159.00	66.00
160.00	105.00
161.00	157.00
162.00	246.00
163.00	421.00
164.00	657.00
165.00	841.00
166.00	1147.00
167.00	1442.00
168.00	1571.00
169.00	1725.00
170.00	1570.00
171.00	1385.00
172.00	1246.00
173.00	917.00
174.00	714.00
175.00	500.00
176.00	301.00
177.00	255.00
178.00	169.00
179.00	132.00
180.00	115.00
181.00	94.00
182.00	92.00
183.00	57.00
184.00	65.00
185.00	53.00
186.00	63.00
187.00	65.00
188.00	61.00
189.00	63.00
190.00	71.00
191.00	61.00
192.00	61.00
193.00	57.00
194.00	45.00
195.00	55.00
196.00	38.00
197.00	31.00
198.00	30.00
199.00	23.00
200.00	24.00
201.00	26.00
202.00	20.00
203.00	18.00
204.00	25.00
205.00	28.00
206.00	18.00
207.00	17.00
208.00	21.00
209.00	22.00
210.00	22.00
211.00	19.00
212.00	14.00
213.00	22.00
214.00	25.00
215.00	28.00
216.00	23.00
217.00	22.00
218.00	25.00
219.00	28.00
220.00	26.00
221.00	33.00
222.00	32.00
223.00	33.00
224.00	33.00
225.00	23.00
226.00	29.00
227.00	20.00
228.00	20.00
229.00	23.00
230.00	13.00
231.00	26.00
232.00	17.00
233.00	15.00
234.00	17.00
235.00	28.00
236.00	23.00
237.00	24.00
238.00	14.00
239.00	15.00
240.00	17.00
241.00	17.00
242.00	17.00
243.00	13.00
244.00	23.00
245.00	16.00
246.00	19.00
247.00	26.00
248.00	10.00
249.00	17.00
250.00	26.00
251.00	16.00
252.00	21.00
253.00	20.00
254.00	20.00
255.00	33.00
256.00	26.00
257.00	27.00
258.00	22.00
259.00	20.00
260.00	22.00
261.00	18.00
262.00	32.00
263.00	24.00
264.00	28.00
265.00	20.00
266.00	31.00
267.00	31.00
268.00	32.00
269.00	43.00
270.00	23.00
271.00	34.00
272.00	23.00
273.00	25.00
274.00	35.00
275.00	22.00
276.00	28.00
277.00	44.00
278.00	42.00
279.00	54.00
280.00	77.00
281.00	98.00
282.00	140.00
283.00	172.00
284.00	182.00
285.00	225.00
286.00	235.00
287.00	242.00
288.00	216.00
289.00	206.00
290.00	183.00
291.00	151.00
292.00	124.00
293.00	103.00
294.00	73.00
295.00	55.00
296.00	43.00
297.00	37.00
298.00	26.00
299.00	26.00
300.00	22.00
301.00	30.00
302.00	34.00
303.00	36.00
304.00	37.00
305.00	48.00
306.00	47.00
307.00	61.00
308.00	96.00
309.00	118.00
310.00	189.00
311.00	240.00
312.00	338.00
313.00	478.00
314.00	715.00
315.00	980.00
316.00	1292.00
317.00	1649.00
318.00	1980.00
319.00	2223.00
320.00	2476.00
321.00	2466.00
322.00	2491.00
323.00	2359.00
324.00	2083.00
325.00	1662.00
326.00	1340.00
327.00	1097.00
328.00	801.00
329.00	577.00
330.00	380.00
331.00	250.00
332.00	135.00
333.00	97.00
334.00	69.00
335.00	62.00
336.00	72.00
337.00	61.00
338.00	69.00
339.00	94.00
340.00	94.00
341.00	169.00
342.00	243.00
343.00	269.00
344.00	322.00
345.00	360.00
346.00	576.00
347.00	646.00
348.00	796.00
349.00	1036.00
350.00	1299.00
351.00	1638.00
352.00	2071.00
353.00	2549.00
354.00	2982.00
355.00	3345.00
356.00	3711.00
357.00	3882.00
358.00	3838.00
359.00	3534.00
360.00	3252.00
361.00	2937.00
362.00	2463.00
363.00	1851.00
364.00	1394.00
365.00	981.00
366.00	644.00
367.00	461.00
368.00	274.00
369.00	219.00
370.00	119.00
371.00	87.00
372.00	61.00
373.00	50.00
374.00	43.00
375.00	57.00
376.00	61.00
377.00	88.00
378.00	85.00
379.00	135.00
380.00	157.00
381.00	173.00
382.00	271.00
383.00	322.00
384.00	381.00
385.00	447.00
386.00	528.00
387.00	565.00
388.00	576.00
389.00	616.00
390.00	573.00
391.00	533.00
392.00	505.00
393.00	388.00
394.00	307.00
395.00	266.00
396.00	206.00
397.00	190.00
398.00	143.00
399.00	126.00
400.00	84.00
401.00	66.00
402.00	72.00
403.00	50.00
404.00	60.00
405.00	55.00
406.00	56.00
407.00	43.00
408.00	38.00
409.00	38.00
410.00	40.00
411.00	38.00
412.00	30.00
413.00	46.00
414.00	43.00
415.00	41.00
416.00	46.00
417.00	42.00
418.00	52.00
419.00	52.00
420.00	70.00
421.00	68.00
422.00	109.00
423.00	110.00
424.00	173.00
425.00	222.00
426.00	323.00
427.00	475.00
428.00	589.00
429.00	768.00
430.00	978.00
431.00	1240.00
432.00	1418.00
433.00	1688.00
434.00	1812.00
435.00	1938.00
436.00	2041.00
437.00	2049.00
438.00	1871.00
439.00	1779.00
440.00	1477.00
441.00	1292.00
442.00	1067.00
443.00	922.00
444.00	727.00
445.00	554.00
446.00	526.00
447.00	393.00
448.00	420.00
449.00	350.00
450.00	326.00
451.00	296.00
452.00	288.00
453.00	287.00
454.00	215.00
455.00	223.00
456.00	191.00
457.00	166.00
458.00	160.00
459.00	156.00
460.00	165.00
461.00	147.00
462.00	161.00
463.00	174.00
464.00	181.00
465.00	252.00
466.00	231.00
467.00	252.00
468.00	307.00
469.00	326.00
470.00	343.00
471.00	342.00
472.00	403.00
473.00	458.00
474.00	494.00
475.00	469.00
476.00	476.00
477.00	534.00
478.00	507.00
479.00	476.00
480.00	453.00
481.00	416.00
482.00	372.00
483.00	312.00
484.00	270.00
485.00	219.00
486.00	166.00
487.00	164.00
488.00	133.00
489.00	130.00
490.00	123.00
491.00	109.00
492.00	115.00
493.00	109.00
494.00	111.00
495.00	120.00
496.00	119.00
497.00	139.00
498.00	116.00
499.00	121.00
500.00	144.00
501.00	164.00
502.00	138.00
503.00	141.00
504.00	152.00
505.00	166.00
506.00	143.00
507.00	153.00
508.00	175.00
509.00	159.00
510.00	162.00
511.00	187.00
512.00	151.00
513.00	170.00
514.00	181.00
515.00	183.00
516.00	229.00
517.00	239.00
518.00	247.00
519.00	257.00
520.00	279.00
521.00	296.00
522.00	303.00
523.00	284.00
524.00	292.00
525.00	288.00
526.00	279.00
527.00	280.00
528.00	266.00
529.00	237.00
530.00	217.00
531.00	252.00
532.00	220.00
533.00	204.00
534.00	196.00
535.00	210.00
536.00	192.00
537.00	208.00
538.00	209.00
539.00	218.00
540.00	206.00
541.00	221.00
542.00	256.00
543.00	220.00
544.00	216.00
545.00	205.00
546.00	215.00
547.00	236.00
548.00	270.00
549.00	237.00
550.00	236.00
551.00	275.00
552.00	278.00
553.00	314.00
554.00	322.00
555.00	429.00
556.00	533.00
557.00	673.00
558.00	836.00
559.00	1101.00
560.00	1468.00
561.00	1963.00
562.00	2557.00
563.00	3088.00
564.00	3791.00
565.00	4257.00
566.00	4877.00
567.00	5479.00
568.00	5831.00
569.00	6147.00
570.00	6215.00
571.00	6034.00
572.00	5773.00
573.00	5382.00
574.00	4823.00
575.00	4208.00
576.00	3464.00
577.00	2671.00
578.00	2124.00
579.00	1759.00
580.00	1352.00
581.00	993.00
582.00	750.00
583.00	545.00
584.00	472.00
585.00	365.00
586.00	337.00
587.00	281.00
588.00	291.00
589.00	269.00
590.00	286.00
591.00	319.00
592.00	304.00
593.00	341.00
594.00	341.00
595.00	366.00
596.00	419.00
597.00	496.00
598.00	563.00
599.00	682.00
600.00	875.00
601.00	1090.00
602.00	1542.00
603.00	2247.00
604.00	3147.00
605.00	4429.00
606.00	6142.00
607.00	8679.00
608.00	11766.00
609.00	15644.00
610.00	20480.00
611.00	25826.00
612.00	31476.00
613.00	37833.00
614.00	43916.00
615.00	49186.00
616.00	53808.00
617.00	57003.00
618.00	58182.00
619.00	58487.00
620.00	56643.00
621.00	53214.00
622.00	48197.00
623.00	42812.00
624.00	36721.00
625.00	30823.00
626.00	24747.00
627.00	19901.00
628.00	15494.00
629.00	11340.00
630.00	8557.00
631.00	6068.00
632.00	4349.00
633.00	3175.00
634.00	2274.00
635.00	1643.00
636.00	1187.00
637.00	881.00
638.00	707.00
639.00	537.00
640.00	522.00
641.00	460.00
642.00	411.00
643.00	400.00
644.00	343.00
645.00	402.00
646.00	353.00
647.00	386.00
648.00	406.00
649.00	374.00
650.00	364.00
651.00	399.00
652.00	397.00
653.00	427.00
654.00	400.00
655.00	469.00
656.00	485.00
657.00	475.00
658.00	503.00
659.00	516.00
660.00	553.00
661.00	604.00
662.00	602.00
663.00	687.00
664.00	765.00
665.00	828.00
666.00	988.00
667.00	1075.00
668.00	1322.00
669.00	1585.00
670.00	2007.00
671.00	2643.00
672.00	3231.00
673.00	3792.00
674.00	4523.00
675.00	5460.00
676.00	6263.00
677.00	7113.00
678.00	7838.00
679.00	8526.00
680.00	8920.00
681.00	9085.00
682.00	8960.00
683.00	8712.00
684.00	8526.00
685.00	7796.00
686.00	7005.00
687.00	6201.00
688.00	5260.00
689.00	4471.00
690.00	3629.00
691.00	2877.00
692.00	2246.00
693.00	1766.00
694.00	1382.00
695.00	1036.00
696.00	814.00
697.00	629.00
698.00	519.00
699.00	504.00
700.00	443.00
701.00	400.00
702.00	331.00
703.00	347.00
704.00	372.00
705.00	356.00
706.00	355.00
707.00	383.00
708.00	396.00
709.00	386.00
710.00	389.00
711.00	407.00
712.00	425.00
713.00	469.00
714.00	479.00
715.00	477.00
716.00	527.00
717.00	571.00
718.00	604.00
719.00	547.00
720.00	652.00
721.00	666.00
722.00	642.00
723.00	666.00
724.00	632.00
725.00	615.00
726.00	558.00
727.00	542.00
728.00	539.00
729.00	465.00
730.00	471.00
731.00	412.00
732.00	428.00
733.00	414.00
734.00	400.00
735.00	353.00
736.00	368.00
737.00	343.00
738.00	339.00
739.00	342.00
740.00	344.00
741.00	341.00
742.00	329.00
743.00	323.00
744.00	334.00
745.00	331.00
746.00	310.00
747.00	341.00
748.00	330.00
749.00	365.00
750.00	369.00
751.00	353.00
752.00	324.00
753.00	348.00
754.00	339.00
755.00	344.00
756.00	382.00
757.00	352.00
758.00	338.00
759.00	370.00
760.00	346.00
761.00	437.00
762.00	401.00
763.00	404.00
764.00	429.00
765.00	464.00
766.00	442.00
767.00	460.00
768.00	503.00
769.00	498.00
770.00	534.00
771.00	513.00
772.00	543.00
773.00	551.00
774.00	571.00
775.00	537.00
776.00	563.00
777.00	591.00
778.00	602.00
779.00	578.00
780.00	631.00
781.00	583.00
782.00	586.00
783.00	561.00
784.00	548.00
785.00	555.00
786.00	583.00
787.00	577.00
788.00	568.00
789.00	562.00
790.00	552.00
791.00	612.00
792.00	576.00
793.00	608.00
794.00	585.00
795.00	632.00
796.00	612.00
797.00	594.00
798.00	604.00
799.00	585.00
800.00	578.00
801.00	566.00
802.00	589.00
803.00	578.00
804.00	580.00
805.00	609.00
806.00	582.00
807.00	595.00
808.00	560.00
809.00	597.00
810.00	593.00
811.00	591.00
812.00	606.00
813.00	634.00
814.00	534.00
815.00	594.00
816.00	613.00
817.00	583.00
818.00	637.00
819.00	598.00
820.00	601.00
821.00	642.00
822.00	667.00
823.00	689.00
824.00	749.00
825.00	784.00
826.00	782.00
827.00	868.00
828.00	935.00
829.00	918.00
830.00	910.00
831.00	992.00
832.00	1068.00
833.00	1028.00
834.00	1027.00
835.00	997.00
836.00	1024.00
837.00	951.00
838.00	969.00
839.00	854.00
840.00	824.00
841.00	795.00
842.00	757.00
843.00	749.00
844.00	705.00
845.00	669.00
846.00	635.00
847.00	588.00
848.00	610.00
849.00	580.00
850.00	581.00
851.00	575.00
852.00	586.00
853.00	603.00
854.00	579.00
855.00	553.00
856.00	567.00
857.00	576.00
858.00	594.00
859.00	616.00
860.00	571.00
861.00	594.00
862.00	596.00
863.00	612.00
864.00	594.00
865.00	583.00
866.00	611.00
867.00	576.00
868.00	603.00
869.00	568.00
870.00	615.00
871.00	553.00
872.00	561.00
873.00	586.00
874.00	629.00
875.00	590.00
876.00	619.00
877.00	615.00
878.00	617.00
879.00	626.00
880.00	635.00
881.00	614.00
882.00	643.00
883.00	614.00
884.00	669.00
885.00	662.00
886.00	697.00
887.00	672.00
888.00	673.00
889.00	692.00
890.00	682.00
891.00	714.00
892.00	739.00
893.00	693.00
894.00	659.00
895.00	712.00
896.00	673.00
897.00	697.00
898.00	710.00
899.00	698.00
900.00	780.00
901.00	706.00
902.00	701.00
903.00	727.00
904.00	725.00
905.00	672.00
906.00	685.00
907.00	720.00
908.00	675.00
909.00	756.00
910.00	656.00
911.00	715.00
912.00	774.00
913.00	721.00
914.00	763.00
915.00	685.00
916.00	745.00
917.00	728.00
918.00	793.00
919.00	743.00
920.00	780.00
921.00	792.00
922.00	797.00
923.00	768.00
924.00	836.00
925.00	789.00
926.00	754.00
927.00	790.00
928.00	805.00
929.00	800.00
930.00	726.00
931.00	796.00
932.00	754.00
933.00	764.00
934.00	769.00
935.00	731.00
936.00	702.00
937.00	708.00
938.00	754.00
939.00	787.00
940.00	754.00
941.00	720.00
942.00	741.00
943.00	702.00
944.00	738.00
945.00	746.00
946.00	748.00
947.00	730.00
948.00	719.00
949.00	711.00
950.00	725.00
951.00	724.00
952.00	724.00
953.00	751.00
954.00	764.00
955.00	723.00
956.00	737.00
957.00	728.00
958.00	706.00
959.00	721.00
960.00	722.00
961.00	753.00
962.00	729.00
963.00	763.00
964.00	728.00
965.00	746.00
966.00	781.00
967.00	756.00
968.00	745.00
969.00	715.00
970.00	811.00
971.00	684.00
972.00	713.00
973.00	765.00
974.00	772.00
975.00	764.00
976.00	776.00
977.00	744.00
978.00	710.00
979.00	762.00
980.00	754.00
981.00	760.00
982.00	745.00
983.00	758.00
984.00	738.00
985.00	739.00
986.00	735.00
987.00	801.00
988.00	767.00
989.00	747.00
990.00	752.00
991.00	757.00
992.00	760.00
993.00	728.00
994.00	682.00
995.00	803.00
996.00	739.00
997.00	779.00
998.00	689.00
999.00	743.00
1000.00	715.00
1001.00	692.00
1002.00	705.00
1003.00	738.00
1004.00	804.00
1005.00	716.00
1006.00	743.00
1007.00	749.00
1008.00	755.00
1009.00	787.00
1010.00	766.00
1011.00	800.00
1012.00	795.00
1013.00	793.00
1014.00	842.00
1015.00	814.00
1016.00	777.00
1017.00	840.00
1018.00	841.00
1019.00	834.00
1020.00	863.00
1021.00	817.00
1022.00	772.00
1023.00	783.00
1024.00	817.00
1025.00	785.00
1026.00	755.00
1027.00	738.00
1028.00	702.00
1029.00	725.00
1030.00	744.00
1031.00	715.00
1032.00	740.00
1033.00	765.00
1034.00	698.00
1035.00	714.00
1036.00	711.00
1037.00	753.00
1038.00	718.00
1039.00	717.00
1040.00	760.00
1041.00	752.00
1042.00	767.00
1043.00	773.00
1044.00	689.00
1045.00	722.00
1046.00	759.00
1047.00	748.00
1048.00	765.00
1049.00	792.00
1050.00	733.00
1051.00	750.00
1052.00	764.00
1053.00	802.00
1054.00	804.00
1055.00	750.00
1056.00	756.00
1057.00	754.00
1058.00	804.00
1059.00	766.00
1060.00	766.00
1061.00	742.00
1062.00	764.00
1063.00	746.00
1064.00	749.00
1065.00	769.00
1066.00	748.00
1067.00	770.00
1068.00	672.00
1069.00	748.00
1070.00	783.00
1071.00	747.00
1072.00	772.00
1073.00	756.00
1074.00	809.00
1075.00	791.00
1076.00	749.00
1077.00	770.00
1078.00	763.00
1079.00	790.00
1080.00	810.00
1081.00	778.00
1082.00	797.00
1083.00	759.00
1084.00	770.00
1085.00	804.00
1086.00	755.00
1087.00	799.00
1088.00	782.00
1089.00	760.00
1090.00	822.00
1091.00	811.00
1092.00	834.00
1093.00	782.00
1094.00	798.00
1095.00	764.00
1096.00	804.00
1097.00	825.00
1098.00	799.00
1099.00	775.00
1100.00	835.00
1101.00	770.00
1102.00	757.00
1103.00	790.00
1104.00	869.00
1105.00	813.00
1106.00	809.00
1107.00	786.00
1108.00	736.00
1109.00	763.00
1110.00	807.00
1111.00	727.00
1112.00	771.00
1113.00	747.00
1114.00	823.00
1115.00	833.00
1116.00	795.00
1117.00	767.00
1118.00	818.00
1119.00	789.00
1120.00	861.00
1121.00	837.00
1122.00	809.00
1123.00	807.00
1124.00	793.00
1125.00	796.00
1126.00	777.00
1127.00	831.00
1128.00	778.00
1129.00	795.00
1130.00	736.00
1131.00	790.00
1132.00	840.00
1133.00	777.00
1134.00	797.00
1135.00	792.00
1136.00	813.00
1137.00	829.00
1138.00	815.00
1139.00	772.00
1140.00	775.00
1141.00	790.00
1142.00	771.00
1143.00	778.00
1144.00	799.00
1145.00	805.00
1146.00	795.00
1147.00	788.00
1148.00	798.00
1149.00	763.00
1150.00	799.00
1151.00	788.00
1152.00	771.00
1153.00	807.00
1154.00	788.00
1155.00	799.00
1156.00	800.00
1157.00	769.00
1158.00	775.00
1159.00	763.00
1160.00	805.00
1161.00	720.00
1162.00	772.00
1163.00	769.00
1164.00	825.00
1165.00	797.00
1166.00	742.00
1167.00	745.00
1168.00	807.00
1169.00	824.00
1170.00	793.00
1171.00	753.00
1172.00	804.00
1173.00	784.00
1174.00	786.00
1175.00	796.00
1176.00	793.00
1177.00	858.00
1178.00	769.00
1179.00	801.00
1180.00	819.00
1181.00	828.00
1182.00	785.00
1183.00	806.00
1184.00	848.00
1185.00	783.00
1186.00	746.00
1187.00	814.00
1188.00	811.00
1189.00	818.00
1190.00	813.00
1191.00	867.00
1192.00	769.00
1193.00	804.00
1194.00	779.00
1195.00	778.00
1196.00	787.00
1197.00	812.00
1198.00	766.00
1199.00	780.00
1200.00	815.00
1201.00	817.00
1202.00	830.00
1203.00	788.00
1204.00	826.00
1205.00	820.00
1206.00	788.00
1207.00	807.00
1208.00	773.00
1209.00	809.00
1210.00	853.00
1211.00	767.00
1212.00	829.00
1213.00	862.00
1214.00	825.00
1215.00	839.00
1216.00	855.00
1217.00	852.00
1218.00	834.00
1219.00	814.00
1220.00	920.00
1221.00	841.00
1222.00	876.00
1223.00	852.00
1224.00	878.00
1225.00	876.00
1226.00	856.00
1227.00	876.00
1228.00	896.00
1229.00	955.00
1230.00	794.00
1231.00	914.00
1232.00	921.00
1233.00	957.00
1234.00	891.00
1235.00	936.00
1236.00	904.00
1237.00	898.00
1238.00	951.00
1239.00	856.00
1240.00	870.00
1241.00	857.00
1242.00	916.00
1243.00	838.00
1244.00	893.00
1245.00	891.00
1246.00	837.00
1247.00	794.00
1248.00	871.00
1249.00	789.00
1250.00	768.00
1251.00	843.00
1252.00	810.00
1253.00	775.00
1254.00	805.00
1255.00	789.00
1256.00	829.00
1257.00	812.00
1258.00	804.00
1259.00	815.00
1260.00	774.00
1261.00	830.00
1262.00	785.00
1263.00	761.00
1264.00	780.00
1265.00	797.00
1266.00	784.00
1267.00	799.00
1268.00	880.00
1269.00	844.00
1270.00	815.00
1271.00	830.00
1272.00	821.00
1273.00	806.00
1274.00	786.00
1275.00	850.00
1276.00	838.00
1277.00	830.00
1278.00	851.00
1279.00	900.00
1280.00	851.00
1281.00	879.00
1282.00	852.00
1283.00	942.00
1284.00	951.00
1285.00	924.00
1286.00	936.00
1287.00	953.00
1288.00	952.00
1289.00	956.00
1290.00	977.00
1291.00	978.00
1292.00	958.00
1293.00	996.00
1294.00	950.00
1295.00	979.00
1296.00	930.00
1297.00	988.00
1298.00	952.00
1299.00	954.00
1300.00	917.00
1301.00	904.00
1302.00	885.00
1303.00	832.00
1304.00	810.00
1305.00	850.00
1306.00	812.00
1307.00	857.00
1308.00	826.00
1309.00	765.00
1310.00	803.00
1311.00	783.00
1312.00	747.00
1313.00	815.00
1314.00	801.00
1315.00	767.00
1316.00	802.00
1317.00	823.00
1318.00	771.00
1319.00	766.00
1320.00	816.00
1321.00	755.00
1322.00	759.00
1323.00	817.00
1324.00	801.00
1325.00	752.00
1326.00	748.00
1327.00	798.00
1328.00	712.00
1329.00	739.00
1330.00	742.00
1331.00	755.00
1332.00	824.00
1333.00	752.00
1334.00	739.00
1335.00	730.00
1336.00	736.00
1337.00	783.00
1338.00	774.00
1339.00	732.00
1340.00	786.00
1341.00	749.00
1342.00	770.00
1343.00	763.00
1344.00	702.00
1345.00	764.00
1346.00	781.00
1347.00	744.00
1348.00	738.00
1349.00	762.00
1350.00	804.00
1351.00	762.00
1352.00	778.00
1353.00	807.00
1354.00	820.00
1355.00	827.00
1356.00	839.00
1357.00	824.00
1358.00	887.00
1359.00	850.00
1360.00	907.00
1361.00	908.00
1362.00	894.00
1363.00	902.00
1364.00	880.00
1365.00	899.00
1366.00	838.00
1367.00	853.00
1368.00	873.00
1369.00	871.00
1370.00	782.00
1371.00	863.00
1372.00	804.00
1373.00	754.00
1374.00	781.00
1375.00	801.00
1376.00	779.00
1377.00	747.00
1378.00	773.00
1379.00	775.00
1380.00	741.00
1381.00	756.00
1382.00	748.00
1383.00	737.00
1384.00	752.00
1385.00	715.00
1386.00	689.00
1387.00	704.00
1388.00	711.00
1389.00	712.00
1390.00	722.00
1391.00	711.00
1392.00	682.00
1393.00	696.00
1394.00	673.00
1395.00	747.00
1396.00	675.00
1397.00	693.00
1398.00	683.00
1399.00	681.00
1400.00	683.00
1401.00	704.00
1402.00	692.00
1403.00	647.00
1404.00	715.00
1405.00	645.00
1406.00	696.00
1407.00	699.00
1408.00	666.00
1409.00	681.00
1410.00	650.00
1411.00	713.00
1412.00	692.00
1413.00	691.00
1414.00	704.00
1415.00	682.00
1416.00	701.00
1417.00	685.00
1418.00	694.00
1419.00	691.00
1420.00	642.00
1421.00	720.00
1422.00	675.00
1423.00	652.00
1424.00	693.00
1425.00	725.00
1426.00	684.00
1427.00	694.00
1428.00	696.00
1429.00	767.00
1430.00	727.00
1431.00	742.00
1432.00	722.00
1433.00	715.00
1434.00	688.00
1435.00	754.00
1436.00	700.00
1437.00	702.00
1438.00	761.00
1439.00	723.00
1440.00	727.00
1441.00	697.00
1442.00	748.00
1443.00	689.00
1444.00	718.00
1445.00	722.00
1446.00	744.00
1447.00	678.00
1448.00	679.00
1449.00	696.00
1450.00	714.00
1451.00	711.00
1452.00	679.00
1453.00	700.00
1454.00	686.00
1455.00	684.00
1456.00	642.00
1457.00	664.00
1458.00	645.00
1459.00	689.00
1460.00	653.00
1461.00	682.00
1462.00	713.00
1463.00	677.00
1464.00	609.00
1465.00	650.00
1466.00	657.00
1467.00	653.00
1468.00	626.00
1469.00	632.00
1470.00	653.00
1471.00	676.00
1472.00	662.00
1473.00	680.00
1474.00	644.00
1475.00	655.00
1476.00	644.00
1477.00	675.00
1478.00	657.00
1479.00	649.00
1480.00	616.00
1481.00	696.00
1482.00	627.00
1483.00	617.00
1484.00	613.00
1485.00	690.00
1486.00	653.00
1487.00	609.00
1488.00	602.00
1489.00	668.00
1490.00	686.00
1491.00	640.00
1492.00	581.00
1493.00	644.00
1494.00	629.00
1495.00	691.00
1496.00	652.00
1497.00	643.00
1498.00	666.00
1499.00	671.00
1500.00	696.00
1501.00	637.00
1502.00	660.00
1503.00	658.00
1504.00	641.00
1505.00	724.00
1506.00	682.00
1507.00	694.00
1508.00	655.00
1509.00	693.00
1510.00	688.00
1511.00	678.00
1512.00	748.00
1513.00	752.00
1514.00	742.00
1515.00	726.00
1516.00	771.00
1517.00	759.00
1518.00	747.00
1519.00	724.00
1520.00	801.00
1521.00	756.00
1522.00	800.00
1523.00	743.00
1524.00	761.00
1525.00	710.00
1526.00	750.00
1527.00	761.00
1528.00	718.00
1529.00	717.00
1530.00	761.00
1531.00	732.00
1532.00	716.00
1533.00	715.00
1534.00	711.00
1535.00	718.00
1536.00	709.00
1537.00	719.00
1538.00	673.00
1539.00	716.00
1540.00	690.00
1541.00	674.00
1542.00	694.00
1543.00	731.00
1544.00	745.00
1545.00	712.00
1546.00	703.00
1547.00	762.00
1548.00	710.00
1549.00	765.00
1550.00	699.00
1551.00	770.00
1552.00	803.00
1553.00	790.00
1554.00	775.00
1555.00	779.00
1556.00	739.00
1557.00	786.00
1558.00	831.00
1559.00	784.00
1560.00	830.00
1561.00	869.00
1562.00	863.00
1563.00	875.00
1564.00	847.00
1565.00	873.00
1566.00	895.00
1567.00	934.00
1568.00	963.00
1569.00	984.00
1570.00	1003.00
1571.00	963.00
1572.00	996.00
1573.00	978.00
1574.00	1021.00
1575.00	1092.00
1576.00	1025.00
1577.00	1025.00
1578.00	1075.00
1579.00	1116.00
1580.00	1134.00
1581.00	1072.00
1582.00	1104.00
1583.00	1070.00
1584.00	1083.00
1585.00	1082.00
1586.00	1138.00
1587.00	1150.00
1588.00	1143.00
1589.00	1130.00
1590.00	1106.00
1591.00	1131.00
1592.00	1104.00
1593.00	1097.00
1594.00	1084.00
1595.00	1149.00
1596.00	1132.00
1597.00	1086.00
1598.00	1078.00
1599.00	1087.00
1600.00	1026.00
1601.00	1053.00
1602.00	1053.00
1603.00	1001.00
1604.00	1022.00
1605.00	1065.00
1606.00	993.00
1607.00	1009.00
1608.00	909.00
1609.00	902.00
1610.00	851.00
1611.00	923.00
1612.00	877.00
1613.00	834.00
1614.00	878.00
1615.00	852.00
1616.00	843.00
1617.00	814.00
1618.00	813.00
1619.00	782.00
1620.00	777.00
1621.00	763.00
1622.00	743.00
1623.00	752.00
1624.00	697.00
1625.00	709.00
1626.00	695.00
1627.00	753.00
1628.00	651.00
1629.00	672.00
1630.00	627.00
1631.00	628.00
1632.00	631.00
1633.00	650.00
1634.00	687.00
1635.00	613.00
1636.00	628.00
1637.00	567.00
1638.00	589.00
1639.00	601.00
1640.00	545.00
1641.00	579.00
1642.00	557.00
1643.00	563.00
1644.00	543.00
1645.00	572.00
1646.00	600.00
1647.00	558.00
1648.00	553.00
1649.00	509.00
1650.00	568.00
1651.00	531.00
1652.00	557.00
1653.00	549.00
1654.00	531.00
1655.00	526.00
1656.00	575.00
1657.00	533.00
1658.00	559.00
1659.00	515.00
1660.00	531.00
1661.00	587.00
1662.00	635.00
1663.00	638.00
1664.00	578.00
1665.00	672.00
1666.00	635.00
1667.00	669.00
1668.00	745.00
1669.00	757.00
1670.00	720.00
1671.00	749.00
1672.00	831.00
1673.00	853.00
1674.00	866.00
1675.00	935.00
1676.00	942.00
1677.00	939.00
1678.00	960.00
1679.00	989.00
1680.00	993.00
1681.00	996.00
1682.00	1011.00
1683.00	979.00
1684.00	1020.00
1685.00	987.00
1686.00	955.00
1687.00	922.00
1688.00	938.00
1689.00	877.00
1690.00	864.00
1691.00	815.00
1692.00	746.00
1693.00	716.00
1694.00	723.00
1695.00	711.00
1696.00	673.00
1697.00	653.00
1698.00	628.00
1699.00	595.00
1700.00	555.00
1701.00	505.00
1702.00	493.00
1703.00	518.00
1704.00	440.00
1705.00	458.00
1706.00	473.00
1707.00	463.00
1708.00	454.00
1709.00	453.00
1710.00	418.00
1711.00	443.00
1712.00	405.00
1713.00	441.00
1714.00	427.00
1715.00	400.00
1716.00	406.00
1717.00	422.00
1718.00	420.00
1719.00	396.00
1720.00	419.00
1721.00	410.00
1722.00	420.00
1723.00	388.00
1724.00	413.00
1725.00	440.00
1726.00	429.00
1727.00	435.00
1728.00	415.00
1729.00	437.00
1730.00	419.00
1731.00	398.00
1732.00	398.00
1733.00	403.00
1734.00	407.00
1735.00	446.00
1736.00	404.00
1737.00	395.00
1738.00	390.00
1739.00	412.00
1740.00	402.00
1741.00	411.00
1742.00	455.00
1743.00	417.00
1744.00	432.00
1745.00	431.00
1746.00	388.00
1747.00	404.00
1748.00	425.00
1749.00	423.00
1750.00	425.00
1751.00	420.00
1752.00	408.00
1753.00	400.00
1754.00	426.00
1755.00	413.00
1756.00	398.00
1757.00	436.00
1758.00	450.00
1759.00	428.00
1760.00	450.00
1761.00	443.00
1762.00	435.00
1763.00	438.00
1764.00	434.00
1765.00	446.00
1766.00	403.00
1767.00	463.00
1768.00	441.00
1769.00	431.00
1770.00	430.00
1771.00	424.00
1772.00	470.00
1773.00	397.00
1774.00	439.00
1775.00	418.00
1776.00	418.00
1777.00	396.00
1778.00	416.00
1779.00	414.00
1780.00	425.00
1781.00	415.00
1782.00	382.00
1783.00	415.00
1784.00	397.00
1785.00	415.00
1786.00	368.00
1787.00	396.00
1788.00	414.00
1789.00	388.00
1790.00	391.00
1791.00	400.00
1792.00	379.00
1793.00	390.00
1794.00	396.00
1795.00	386.00
1796.00	374.00
1797.00	386.00
1798.00	365.00
1799.00	348.00
1800.00	351.00
1801.00	335.00
1802.00	362.00
1803.00	328.00
1804.00	336.00
1805.00	326.00
1806.00	332.00
1807.00	331.00
1808.00	329.00
1809.00	335.00
1810.00	311.00
1811.00	290.00
1812.00	301.00
1813.00	321.00
1814.00	304.00
1815.00	294.00
1816.00	296.00
1817.00	336.00
1818.00	293.00
1819.00	281.00
1820.00	277.00
1821.00	265.00
1822.00	307.00
1823.00	265.00
1824.00	285.00
1825.00	261.00
1826.00	307.00
1827.00	259.00
1828.00	271.00
1829.00	260.00
1830.00	301.00
1831.00	279.00
1832.00	293.00
1833.00	246.00
1834.00	268.00
1835.00	255.00
1836.00	256.00
1837.00	244.00
1838.00	273.00
1839.00	235.00
1840.00	247.00
1841.00	251.00
1842.00	216.00
1843.00	239.00
1844.00	226.00
1845.00	239.00
1846.00	239.00
1847.00	252.00
1848.00	230.00
1849.00	218.00
1850.00	216.00
1851.00	248.00
1852.00	205.00
1853.00	227.00
1854.00	231.00
1855.00	201.00
1856.00	207.00
1857.00	217.00
1858.00	237.00
1859.00	206.00
1860.00	221.00
1861.00	212.00
1862.00	207.00
1863.00	238.00
1864.00	237.00
1865.00	208.00
1866.00	215.00
1867.00	221.00
1868.00	213.00
1869.00	235.00
1870.00	226.00
1871.00	246.00
1872.00	221.00
1873.00	214.00
1874.00	218.00
1875.00	220.00
1876.00	225.00
1877.00	233.00
1878.00	223.00
1879.00	211.00
1880.00	242.00
1881.00	267.00
1882.00	213.00
1883.00	262.00
1884.00	232.00
1885.00	246.00
1886.00	272.00
1887.00	245.00
1888.00	271.00
1889.00	259.00
1890.00	247.00
1891.00	234.00
1892.00	236.00
1893.00	270.00
1894.00	258.00
1895.00	228.00
1896.00	252.00
1897.00	213.00
1898.00	225.00
1899.00	215.00
1900.00	215.00
1901.00	225.00
1902.00	205.00
1903.00	205.00
1904.00	187.00
1905.00	193.00
1906.00	179.00
1907.00	195.00
1908.00	177.00
1909.00	209.00
1910.00	174.00
1911.00	185.00
1912.00	193.00
1913.00	218.00
1914.00	176.00
1915.00	185.00
1916.00	182.00
1917.00	177.00
1918.00	176.00
1919.00	173.00
1920.00	175.00
1921.00	159.00
1922.00	182.00
1923.00	155.00
1924.00	156.00
1925.00	187.00
1926.00	148.00
1927.00	143.00
1928.00	156.00
1929.00	174.00
1930.00	154.00
1931.00	187.00
1932.00	160.00
1933.00	159.00
1934.00	157.00
1935.00	158.00
1936.00	148.00
1937.00	173.00
1938.00	153.00
1939.00	156.00
1940.00	167.00
1941.00	124.00
1942.00	134.00
1943.00	132.00
1944.00	154.00
1945.00	132.00
1946.00	123.00
1947.00	111.00
1948.00	128.00
1949.00	138.00
1950.00	115.00
1951.00	130.00
1952.00	138.00
1953.00	134.00
1954.00	126.00
1955.00	147.00
1956.00	144.00
1957.00	118.00
1958.00	148.00
1959.00	135.00
1960.00	119.00
1961.00	131.00
1962.00	124.00
1963.00	122.00
1964.00	136.00
1965.00	123.00
1966.00	128.00
1967.00	113.00
1968.00	143.00
1969.00	133.00
1970.00	139.00
1971.00	139.00
1972.00	115.00
1973.00	112.00
1974.00	123.00
1975.00	121.00
1976.00	119.00
1977.00	121.00
1978.00	119.00
1979.00	123.00
1980.00	109.00
1981.00	111.00
1982.00	136.00
1983.00	111.00
1984.00	133.00
1985.00	128.00
1986.00	124.00
1987.00	108.00
1988.00	143.00
1989.00	115.00
1990.00	113.00
1991.00	131.00
1992.00	108.00
1993.00	96.00
1994.00	94.00
1995.00	116.00
1996.00	112.00
1997.00	126.00
1998.00	91.00
1999.00	122.00
2000.00	116.00
2001.00	116.00
2002.00	94.00
2003.00	111.00
2004.00	133.00
2005.00	105.00
2006.00	111.00
2007.00	100.00
2008.00	105.00
2009.00	108.00
2010.00	95.00
2011.00	100.00
2012.00	112.00
2013.00	92.00
2014.00	98.00
2015.00	118.00
2016.00	75.00
2017.00	96.00
2018.00	84.00
2019.00	97.00
2020.00	107.00
2021.00	86.00
2022.00	86.00
2023.00	78.00
2024.00	83.00
2025.00	91.00
2026.00	95.00
2027.00	97.00
2028.00	81.00
2029.00	98.00
2030.00	80.00
2031.00	72.00
2032.00	77.00
2033.00	100.00
2034.00	88.00
2035.00	84.00
2036.00	86.00
2037.00	91.00
2038.00	86.00
2039.00	74.00
2040.00	85.00
2041.00	85.00
2042.00	87.00
2043.00	82.00
2044.00	82.00
2045.00	77.00
2046.00	77.00
2047.00	90.00
2048.00	 0.00
