Date:	2023-09-18		
Time:	19:42		
Sample name:	Pellets		
Position:	228.600011	mm	
Sample surface:	5.941347	cm	
Tube anode:	Mo		
Tube voltage:	30	kV	
Tube current:	50	mA	
Comments	not in position		
Gain	5.810000		
peaking_time	0.300000	m-sec	
trigger_threshold	30.000000	V	
mca_bin_width	2.000000	no:	
number_mca_channels	2048.000000	no:	
gap_time	0.100000	m-sec	
trigger_peaking_time	0.050000	m-sec	
livetime	17.276263	seconds	
runtime	20.000299	seconds	
input_count_rate	117426.783254	cps	
output_count_rate	101433.283572	cps	
triggers	2266418.000000	seconds	
events_in_run	2019230.000000	seconds	
channel	content		
 1.00	 0.00
 2.00	 0.00
 3.00	 0.00
 4.00	 0.00
 5.00	 0.00
 6.00	 0.00
 7.00	 0.00
 8.00	 0.00
 9.00	 0.00
10.00	 0.00
11.00	 0.00
12.00	 0.00
13.00	 0.00
14.00	 0.00
15.00	 0.00
16.00	 0.00
17.00	 0.00
18.00	 0.00
19.00	 0.00
20.00	 0.00
21.00	 0.00
22.00	 0.00
23.00	 0.00
24.00	 0.00
25.00	 0.00
26.00	 0.00
27.00	 0.00
28.00	 0.00
29.00	 0.00
30.00	 0.00
31.00	 0.00
32.00	 0.00
33.00	 6.00
34.00	 3.00
35.00	 5.00
36.00	14.00
37.00	16.00
38.00	21.00
39.00	27.00
40.00	47.00
41.00	55.00
42.00	63.00
43.00	74.00
44.00	99.00
45.00	106.00
46.00	133.00
47.00	150.00
48.00	171.00
49.00	188.00
50.00	196.00
51.00	195.00
52.00	248.00
53.00	238.00
54.00	268.00
55.00	232.00
56.00	292.00
57.00	319.00
58.00	299.00
59.00	311.00
60.00	299.00
61.00	309.00
62.00	302.00
63.00	323.00
64.00	338.00
65.00	340.00
66.00	364.00
67.00	315.00
68.00	344.00
69.00	355.00
70.00	345.00
71.00	321.00
72.00	308.00
73.00	362.00
74.00	364.00
75.00	322.00
76.00	370.00
77.00	331.00
78.00	316.00
79.00	344.00
80.00	307.00
81.00	358.00
82.00	354.00
83.00	315.00
84.00	302.00
85.00	350.00
86.00	342.00
87.00	316.00
88.00	302.00
89.00	313.00
90.00	338.00
91.00	308.00
92.00	329.00
93.00	301.00
94.00	327.00
95.00	284.00
96.00	287.00
97.00	276.00
98.00	286.00
99.00	263.00
100.00	276.00
101.00	272.00
102.00	259.00
103.00	256.00
104.00	265.00
105.00	274.00
106.00	275.00
107.00	255.00
108.00	229.00
109.00	252.00
110.00	267.00
111.00	283.00
112.00	216.00
113.00	259.00
114.00	246.00
115.00	257.00
116.00	245.00
117.00	246.00
118.00	276.00
119.00	272.00
120.00	250.00
121.00	264.00
122.00	256.00
123.00	227.00
124.00	214.00
125.00	224.00
126.00	218.00
127.00	221.00
128.00	206.00
129.00	217.00
130.00	211.00
131.00	188.00
132.00	215.00
133.00	203.00
134.00	213.00
135.00	229.00
136.00	367.00
137.00	555.00
138.00	767.00
139.00	1141.00
140.00	1626.00
141.00	2127.00
142.00	2747.00
143.00	3187.00
144.00	3555.00
145.00	3439.00
146.00	3234.00
147.00	2821.00
148.00	2307.00
149.00	1853.00
150.00	1406.00
151.00	1096.00
152.00	846.00
153.00	664.00
154.00	611.00
155.00	532.00
156.00	442.00
157.00	403.00
158.00	397.00
159.00	476.00
160.00	798.00
161.00	1292.00
162.00	2047.00
163.00	3405.00
164.00	4986.00
165.00	7017.00
166.00	9149.00
167.00	11241.00
168.00	12582.00
169.00	12891.00
170.00	12397.00
171.00	11341.00
172.00	9491.00
173.00	7385.00
174.00	5461.00
175.00	3828.00
176.00	2657.00
177.00	1922.00
178.00	1385.00
179.00	1104.00
180.00	836.00
181.00	692.00
182.00	550.00
183.00	482.00
184.00	450.00
185.00	355.00
186.00	392.00
187.00	377.00
188.00	404.00
189.00	360.00
190.00	369.00
191.00	384.00
192.00	353.00
193.00	332.00
194.00	304.00
195.00	320.00
196.00	264.00
197.00	283.00
198.00	209.00
199.00	231.00
200.00	207.00
201.00	176.00
202.00	206.00
203.00	182.00
204.00	178.00
205.00	180.00
206.00	175.00
207.00	173.00
208.00	162.00
209.00	144.00
210.00	162.00
211.00	169.00
212.00	170.00
213.00	167.00
214.00	172.00
215.00	185.00
216.00	164.00
217.00	185.00
218.00	201.00
219.00	183.00
220.00	213.00
221.00	201.00
222.00	191.00
223.00	217.00
224.00	220.00
225.00	179.00
226.00	209.00
227.00	211.00
228.00	197.00
229.00	147.00
230.00	186.00
231.00	178.00
232.00	157.00
233.00	155.00
234.00	172.00
235.00	147.00
236.00	151.00
237.00	153.00
238.00	146.00
239.00	163.00
240.00	162.00
241.00	166.00
242.00	165.00
243.00	139.00
244.00	183.00
245.00	165.00
246.00	159.00
247.00	160.00
248.00	176.00
249.00	174.00
250.00	157.00
251.00	185.00
252.00	176.00
253.00	201.00
254.00	179.00
255.00	162.00
256.00	182.00
257.00	180.00
258.00	176.00
259.00	170.00
260.00	201.00
261.00	197.00
262.00	228.00
263.00	211.00
264.00	270.00
265.00	243.00
266.00	262.00
267.00	294.00
268.00	248.00
269.00	276.00
270.00	274.00
271.00	277.00
272.00	242.00
273.00	197.00
274.00	237.00
275.00	245.00
276.00	267.00
277.00	322.00
278.00	390.00
279.00	599.00
280.00	842.00
281.00	1077.00
282.00	1318.00
283.00	1649.00
284.00	1902.00
285.00	2243.00
286.00	2291.00
287.00	2405.00
288.00	2294.00
289.00	2083.00
290.00	1773.00
291.00	1539.00
292.00	1160.00
293.00	942.00
294.00	692.00
295.00	502.00
296.00	361.00
297.00	317.00
298.00	231.00
299.00	241.00
300.00	223.00
301.00	229.00
302.00	284.00
303.00	275.00
304.00	359.00
305.00	399.00
306.00	520.00
307.00	634.00
308.00	740.00
309.00	980.00
310.00	1361.00
311.00	1911.00
312.00	2926.00
313.00	4151.00
314.00	5792.00
315.00	8164.00
316.00	10685.00
317.00	13533.00
318.00	16005.00
319.00	18538.00
320.00	20324.00
321.00	20769.00
322.00	20669.00
323.00	19292.00
324.00	17116.00
325.00	14446.00
326.00	11359.00
327.00	8734.00
328.00	6477.00
329.00	4441.00
330.00	3041.00
331.00	2002.00
332.00	1263.00
333.00	832.00
334.00	593.00
335.00	457.00
336.00	482.00
337.00	478.00
338.00	600.00
339.00	752.00
340.00	930.00
341.00	1308.00
342.00	1673.00
343.00	2014.00
344.00	2453.00
345.00	3020.00
346.00	3589.00
347.00	4209.00
348.00	4829.00
349.00	5606.00
350.00	6827.00
351.00	8082.00
352.00	9634.00
353.00	11101.00
354.00	12704.00
355.00	14262.00
356.00	15222.00
357.00	15820.00
358.00	15598.00
359.00	14802.00
360.00	13387.00
361.00	11705.00
362.00	9593.00
363.00	7558.00
364.00	5739.00
365.00	4096.00
366.00	3047.00
367.00	1941.00
368.00	1304.00
369.00	817.00
370.00	545.00
371.00	441.00
372.00	319.00
373.00	314.00
374.00	280.00
375.00	324.00
376.00	340.00
377.00	340.00
378.00	474.00
379.00	569.00
380.00	751.00
381.00	863.00
382.00	1151.00
383.00	1384.00
384.00	1662.00
385.00	1937.00
386.00	2154.00
387.00	2386.00
388.00	2443.00
389.00	2465.00
390.00	2364.00
391.00	2241.00
392.00	2049.00
393.00	1762.00
394.00	1542.00
395.00	1267.00
396.00	1017.00
397.00	832.00
398.00	665.00
399.00	602.00
400.00	522.00
401.00	460.00
402.00	385.00
403.00	395.00
404.00	341.00
405.00	360.00
406.00	315.00
407.00	337.00
408.00	295.00
409.00	307.00
410.00	299.00
411.00	312.00
412.00	330.00
413.00	298.00
414.00	332.00
415.00	362.00
416.00	378.00
417.00	397.00
418.00	424.00
419.00	459.00
420.00	506.00
421.00	607.00
422.00	714.00
423.00	930.00
424.00	1260.00
425.00	1724.00
426.00	2374.00
427.00	3359.00
428.00	4477.00
429.00	5980.00
430.00	7330.00
431.00	9376.00
432.00	11282.00
433.00	13017.00
434.00	14490.00
435.00	15324.00
436.00	15851.00
437.00	15421.00
438.00	14899.00
439.00	13585.00
440.00	11996.00
441.00	10310.00
442.00	8727.00
443.00	7127.00
444.00	5794.00
445.00	4872.00
446.00	4095.00
447.00	3349.00
448.00	3034.00
449.00	2789.00
450.00	2675.00
451.00	2563.00
452.00	2340.00
453.00	2171.00
454.00	1930.00
455.00	1730.00
456.00	1554.00
457.00	1370.00
458.00	1271.00
459.00	1262.00
460.00	1187.00
461.00	1216.00
462.00	1234.00
463.00	1331.00
464.00	1455.00
465.00	1543.00
466.00	1790.00
467.00	1904.00
468.00	2126.00
469.00	2300.00
470.00	2551.00
471.00	2882.00
472.00	3184.00
473.00	3436.00
474.00	3708.00
475.00	3977.00
476.00	3991.00
477.00	4179.00
478.00	3998.00
479.00	3778.00
480.00	3595.00
481.00	3230.00
482.00	2822.00
483.00	2524.00
484.00	2231.00
485.00	1743.00
486.00	1538.00
487.00	1280.00
488.00	1113.00
489.00	1041.00
490.00	928.00
491.00	861.00
492.00	868.00
493.00	862.00
494.00	871.00
495.00	848.00
496.00	970.00
497.00	950.00
498.00	996.00
499.00	1050.00
500.00	1067.00
501.00	1086.00
502.00	1150.00
503.00	1153.00
504.00	1194.00
505.00	1204.00
506.00	1251.00
507.00	1316.00
508.00	1291.00
509.00	1359.00
510.00	1364.00
511.00	1429.00
512.00	1512.00
513.00	1457.00
514.00	1568.00
515.00	1579.00
516.00	1707.00
517.00	1819.00
518.00	1874.00
519.00	2099.00
520.00	2141.00
521.00	2213.00
522.00	2173.00
523.00	2383.00
524.00	2378.00
525.00	2236.00
526.00	2205.00
527.00	2167.00
528.00	2137.00
529.00	1963.00
530.00	1952.00
531.00	1795.00
532.00	1751.00
533.00	1749.00
534.00	1709.00
535.00	1792.00
536.00	1725.00
537.00	1696.00
538.00	1831.00
539.00	1766.00
540.00	1751.00
541.00	1814.00
542.00	1756.00
543.00	1835.00
544.00	1749.00
545.00	1748.00
546.00	1820.00
547.00	1860.00
548.00	1755.00
549.00	1841.00
550.00	1788.00
551.00	1909.00
552.00	1869.00
553.00	2092.00
554.00	2261.00
555.00	2620.00
556.00	3213.00
557.00	3791.00
558.00	4904.00
559.00	6404.00
560.00	8130.00
561.00	10592.00
562.00	13456.00
563.00	16328.00
564.00	19643.00
565.00	22959.00
566.00	26438.00
567.00	29244.00
568.00	31664.00
569.00	32885.00
570.00	33179.00
571.00	32602.00
572.00	30681.00
573.00	28415.00
574.00	25148.00
575.00	21885.00
576.00	18665.00
577.00	15109.00
578.00	12180.00
579.00	9544.00
580.00	7561.00
581.00	5828.00
582.00	4495.00
583.00	3640.00
584.00	3091.00
585.00	2697.00
586.00	2491.00
587.00	2400.00
588.00	2196.00
589.00	2293.00
590.00	2300.00
591.00	2438.00
592.00	2513.00
593.00	2627.00
594.00	2922.00
595.00	3021.00
596.00	3317.00
597.00	3683.00
598.00	4382.00
599.00	5412.00
600.00	6811.00
601.00	9038.00
602.00	12710.00
603.00	17555.00
604.00	25137.00
605.00	35384.00
606.00	50491.00
607.00	69871.00
608.00	96160.00
609.00	127111.00
610.00	165028.00
611.00	208540.00
612.00	256254.00
613.00	305080.00
614.00	355161.00
615.00	398980.00
616.00	436749.00
617.00	462392.00
618.00	475382.00
619.00	474662.00
620.00	459475.00
621.00	433536.00
622.00	393979.00
623.00	348784.00
624.00	301455.00
625.00	250990.00
626.00	202425.00
627.00	160033.00
628.00	123030.00
629.00	92589.00
630.00	67327.00
631.00	48683.00
632.00	34428.00
633.00	24478.00
634.00	17190.00
635.00	12128.00
636.00	8813.00
637.00	6647.00
638.00	5287.00
639.00	4375.00
640.00	3955.00
641.00	3677.00
642.00	3359.00
643.00	3275.00
644.00	3382.00
645.00	3098.00
646.00	3253.00
647.00	3121.00
648.00	3228.00
649.00	3342.00
650.00	3331.00
651.00	3414.00
652.00	3394.00
653.00	3502.00
654.00	3693.00
655.00	3791.00
656.00	3988.00
657.00	3886.00
658.00	4083.00
659.00	4348.00
660.00	4402.00
661.00	4723.00
662.00	5049.00
663.00	5615.00
664.00	6160.00
665.00	7000.00
666.00	8055.00
667.00	9331.00
668.00	11310.00
669.00	14000.00
670.00	17080.00
671.00	21165.00
672.00	25835.00
673.00	31434.00
674.00	37626.00
675.00	44766.00
676.00	51672.00
677.00	58582.00
678.00	64763.00
679.00	69763.00
680.00	73294.00
681.00	75351.00
682.00	75371.00
683.00	73394.00
684.00	70284.00
685.00	64579.00
686.00	58160.00
687.00	51218.00
688.00	43883.00
689.00	36778.00
690.00	30096.00
691.00	23996.00
692.00	19132.00
693.00	14818.00
694.00	11446.00
695.00	8889.00
696.00	6981.00
697.00	5773.00
698.00	4731.00
699.00	4012.00
700.00	3678.00
701.00	3364.00
702.00	3139.00
703.00	3169.00
704.00	3035.00
705.00	3186.00
706.00	3213.00
707.00	3157.00
708.00	3318.00
709.00	3401.00
710.00	3449.00
711.00	3547.00
712.00	3715.00
713.00	3816.00
714.00	3941.00
715.00	4179.00
716.00	4396.00
717.00	4362.00
718.00	4666.00
719.00	4796.00
720.00	4878.00
721.00	4825.00
722.00	5042.00
723.00	4933.00
724.00	4757.00
725.00	4781.00
726.00	4502.00
727.00	4330.00
728.00	4024.00
729.00	3976.00
730.00	3631.00
731.00	3610.00
732.00	3413.00
733.00	3359.00
734.00	3242.00
735.00	3085.00
736.00	3177.00
737.00	3004.00
738.00	3014.00
739.00	2909.00
740.00	2830.00
741.00	2847.00
742.00	2893.00
743.00	2887.00
744.00	2817.00
745.00	2878.00
746.00	2759.00
747.00	2820.00
748.00	2803.00
749.00	2865.00
750.00	2837.00
751.00	2919.00
752.00	2847.00
753.00	2901.00
754.00	3001.00
755.00	3036.00
756.00	2996.00
757.00	3128.00
758.00	3098.00
759.00	3163.00
760.00	3310.00
761.00	3429.00
762.00	3450.00
763.00	3584.00
764.00	3888.00
765.00	4133.00
766.00	4352.00
767.00	4566.00
768.00	4946.00
769.00	5263.00
770.00	5768.00
771.00	6035.00
772.00	6509.00
773.00	6828.00
774.00	7214.00
775.00	7382.00
776.00	7532.00
777.00	7607.00
778.00	7484.00
779.00	7474.00
780.00	7245.00
781.00	7057.00
782.00	6678.00
783.00	6345.00
784.00	6235.00
785.00	5946.00
786.00	5708.00
787.00	5451.00
788.00	5267.00
789.00	5040.00
790.00	5121.00
791.00	5034.00
792.00	4996.00
793.00	4990.00
794.00	4997.00
795.00	4930.00
796.00	4980.00
797.00	4931.00
798.00	4999.00
799.00	5082.00
800.00	5072.00
801.00	5085.00
802.00	4913.00
803.00	5047.00
804.00	5041.00
805.00	5057.00
806.00	4969.00
807.00	5023.00
808.00	4953.00
809.00	4847.00
810.00	4993.00
811.00	4961.00
812.00	4956.00
813.00	4998.00
814.00	4985.00
815.00	4876.00
816.00	4929.00
817.00	4996.00
818.00	4925.00
819.00	5002.00
820.00	5101.00
821.00	5269.00
822.00	5518.00
823.00	5762.00
824.00	5872.00
825.00	6155.00
826.00	6396.00
827.00	6773.00
828.00	7304.00
829.00	7559.00
830.00	7912.00
831.00	8047.00
832.00	8213.00
833.00	8392.00
834.00	8337.00
835.00	8188.00
836.00	8033.00
837.00	7958.00
838.00	7395.00
839.00	7239.00
840.00	7048.00
841.00	6655.00
842.00	6378.00
843.00	6053.00
844.00	5867.00
845.00	5674.00
846.00	5415.00
847.00	5300.00
848.00	5215.00
849.00	5243.00
850.00	5285.00
851.00	5230.00
852.00	5056.00
853.00	5220.00
854.00	5247.00
855.00	5328.00
856.00	5282.00
857.00	5521.00
858.00	5511.00
859.00	5539.00
860.00	5547.00
861.00	5401.00
862.00	5538.00
863.00	5351.00
864.00	5433.00
865.00	5394.00
866.00	5395.00
867.00	5373.00
868.00	5429.00
869.00	5406.00
870.00	5384.00
871.00	5221.00
872.00	5266.00
873.00	5253.00
874.00	5469.00
875.00	5392.00
876.00	5549.00
877.00	5536.00
878.00	5491.00
879.00	5638.00
880.00	5510.00
881.00	5721.00
882.00	5666.00
883.00	5956.00
884.00	5920.00
885.00	5870.00
886.00	6055.00
887.00	6276.00
888.00	6174.00
889.00	6172.00
890.00	6307.00
891.00	6438.00
892.00	6352.00
893.00	6372.00
894.00	6465.00
895.00	6305.00
896.00	6455.00
897.00	6439.00
898.00	6274.00
899.00	6178.00
900.00	6118.00
901.00	6205.00
902.00	6212.00
903.00	6163.00
904.00	6067.00
905.00	6047.00
906.00	5999.00
907.00	6008.00
908.00	6029.00
909.00	6088.00
910.00	6068.00
911.00	6109.00
912.00	6127.00
913.00	6186.00
914.00	6357.00
915.00	6325.00
916.00	6443.00
917.00	6344.00
918.00	6464.00
919.00	6569.00
920.00	6586.00
921.00	6651.00
922.00	6763.00
923.00	6826.00
924.00	6871.00
925.00	6844.00
926.00	6819.00
927.00	6807.00
928.00	6842.00
929.00	6850.00
930.00	6796.00
931.00	6739.00
932.00	6654.00
933.00	6627.00
934.00	6704.00
935.00	6733.00
936.00	6719.00
937.00	6762.00
938.00	6735.00
939.00	6431.00
940.00	6539.00
941.00	6563.00
942.00	6510.00
943.00	6664.00
944.00	6569.00
945.00	6245.00
946.00	6339.00
947.00	6494.00
948.00	6357.00
949.00	6449.00
950.00	6441.00
951.00	6383.00
952.00	6461.00
953.00	6360.00
954.00	6408.00
955.00	6386.00
956.00	6221.00
957.00	6384.00
958.00	6438.00
959.00	6336.00
960.00	6456.00
961.00	6362.00
962.00	6317.00
963.00	6349.00
964.00	6431.00
965.00	6585.00
966.00	6478.00
967.00	6398.00
968.00	6356.00
969.00	6352.00
970.00	6323.00
971.00	6244.00
972.00	6355.00
973.00	6394.00
974.00	6473.00
975.00	6468.00
976.00	6399.00
977.00	6382.00
978.00	6477.00
979.00	6482.00
980.00	6419.00
981.00	6441.00
982.00	6409.00
983.00	6553.00
984.00	6580.00
985.00	6562.00
986.00	6504.00
987.00	6640.00
988.00	6700.00
989.00	6619.00
990.00	6472.00
991.00	6697.00
992.00	6446.00
993.00	6565.00
994.00	6638.00
995.00	6491.00
996.00	6605.00
997.00	6600.00
998.00	6411.00
999.00	6485.00
1000.00	6572.00
1001.00	6594.00
1002.00	6513.00
1003.00	6445.00
1004.00	6583.00
1005.00	6615.00
1006.00	6783.00
1007.00	6637.00
1008.00	6693.00
1009.00	6818.00
1010.00	6962.00
1011.00	6877.00
1012.00	6869.00
1013.00	7005.00
1014.00	7121.00
1015.00	6980.00
1016.00	7121.00
1017.00	7087.00
1018.00	7038.00
1019.00	7065.00
1020.00	6926.00
1021.00	6994.00
1022.00	6978.00
1023.00	6839.00
1024.00	6932.00
1025.00	6737.00
1026.00	6651.00
1027.00	6838.00
1028.00	6565.00
1029.00	6568.00
1030.00	6510.00
1031.00	6496.00
1032.00	6427.00
1033.00	6547.00
1034.00	6469.00
1035.00	6514.00
1036.00	6378.00
1037.00	6484.00
1038.00	6517.00
1039.00	6558.00
1040.00	6513.00
1041.00	6589.00
1042.00	6548.00
1043.00	6783.00
1044.00	6731.00
1045.00	6674.00
1046.00	6629.00
1047.00	6612.00
1048.00	6589.00
1049.00	6679.00
1050.00	6712.00
1051.00	6664.00
1052.00	6770.00
1053.00	6835.00
1054.00	6751.00
1055.00	6763.00
1056.00	6792.00
1057.00	6731.00
1058.00	6718.00
1059.00	6745.00
1060.00	6699.00
1061.00	6835.00
1062.00	6962.00
1063.00	6740.00
1064.00	6668.00
1065.00	6839.00
1066.00	6729.00
1067.00	6900.00
1068.00	6951.00
1069.00	7135.00
1070.00	6865.00
1071.00	6925.00
1072.00	6839.00
1073.00	6913.00
1074.00	7027.00
1075.00	7103.00
1076.00	6956.00
1077.00	6867.00
1078.00	6892.00
1079.00	6766.00
1080.00	6989.00
1081.00	6939.00
1082.00	6875.00
1083.00	6894.00
1084.00	6882.00
1085.00	7014.00
1086.00	6932.00
1087.00	7034.00
1088.00	7082.00
1089.00	7232.00
1090.00	7122.00
1091.00	7013.00
1092.00	7060.00
1093.00	6941.00
1094.00	7036.00
1095.00	7222.00
1096.00	7135.00
1097.00	7140.00
1098.00	7066.00
1099.00	7044.00
1100.00	6980.00
1101.00	6985.00
1102.00	7072.00
1103.00	7134.00
1104.00	7036.00
1105.00	7100.00
1106.00	7046.00
1107.00	6958.00
1108.00	7000.00
1109.00	6993.00
1110.00	6980.00
1111.00	7104.00
1112.00	7102.00
1113.00	7056.00
1114.00	7058.00
1115.00	7020.00
1116.00	6984.00
1117.00	6951.00
1118.00	7023.00
1119.00	7081.00
1120.00	6949.00
1121.00	7015.00
1122.00	6923.00
1123.00	7074.00
1124.00	6888.00
1125.00	6868.00
1126.00	6978.00
1127.00	7019.00
1128.00	7052.00
1129.00	7098.00
1130.00	7070.00
1131.00	7143.00
1132.00	6968.00
1133.00	7113.00
1134.00	7046.00
1135.00	6936.00
1136.00	6995.00
1137.00	6995.00
1138.00	7071.00
1139.00	6889.00
1140.00	7037.00
1141.00	6963.00
1142.00	7133.00
1143.00	7029.00
1144.00	6940.00
1145.00	7093.00
1146.00	7013.00
1147.00	7259.00
1148.00	7060.00
1149.00	7064.00
1150.00	7141.00
1151.00	7002.00
1152.00	6791.00
1153.00	6993.00
1154.00	7077.00
1155.00	6983.00
1156.00	6990.00
1157.00	7022.00
1158.00	6936.00
1159.00	7099.00
1160.00	6956.00
1161.00	7010.00
1162.00	6913.00
1163.00	7029.00
1164.00	6869.00
1165.00	7044.00
1166.00	6885.00
1167.00	7056.00
1168.00	6965.00
1169.00	7057.00
1170.00	7023.00
1171.00	7027.00
1172.00	7046.00
1173.00	7077.00
1174.00	7014.00
1175.00	6924.00
1176.00	6982.00
1177.00	7074.00
1178.00	7110.00
1179.00	7266.00
1180.00	7140.00
1181.00	7152.00
1182.00	7183.00
1183.00	7090.00
1184.00	7110.00
1185.00	7329.00
1186.00	7100.00
1187.00	7102.00
1188.00	7155.00
1189.00	7150.00
1190.00	7251.00
1191.00	7086.00
1192.00	7182.00
1193.00	7260.00
1194.00	7207.00
1195.00	7340.00
1196.00	7108.00
1197.00	7211.00
1198.00	7218.00
1199.00	7161.00
1200.00	7116.00
1201.00	7033.00
1202.00	7240.00
1203.00	7303.00
1204.00	7285.00
1205.00	7265.00
1206.00	7297.00
1207.00	7261.00
1208.00	7376.00
1209.00	7195.00
1210.00	7335.00
1211.00	7323.00
1212.00	7413.00
1213.00	7534.00
1214.00	7592.00
1215.00	7404.00
1216.00	7410.00
1217.00	7387.00
1218.00	7637.00
1219.00	7707.00
1220.00	7696.00
1221.00	7762.00
1222.00	7650.00
1223.00	7705.00
1224.00	7861.00
1225.00	7651.00
1226.00	7925.00
1227.00	7891.00
1228.00	7926.00
1229.00	7953.00
1230.00	7956.00
1231.00	8074.00
1232.00	8175.00
1233.00	8197.00
1234.00	8145.00
1235.00	8099.00
1236.00	8068.00
1237.00	8096.00
1238.00	7924.00
1239.00	7931.00
1240.00	8154.00
1241.00	7822.00
1242.00	7589.00
1243.00	7602.00
1244.00	7646.00
1245.00	7689.00
1246.00	7536.00
1247.00	7540.00
1248.00	7405.00
1249.00	7484.00
1250.00	7360.00
1251.00	7518.00
1252.00	7349.00
1253.00	7220.00
1254.00	7190.00
1255.00	7305.00
1256.00	7254.00
1257.00	7144.00
1258.00	7139.00
1259.00	7185.00
1260.00	7002.00
1261.00	7207.00
1262.00	7236.00
1263.00	7210.00
1264.00	7033.00
1265.00	7221.00
1266.00	7185.00
1267.00	7115.00
1268.00	7108.00
1269.00	7130.00
1270.00	7043.00
1271.00	7190.00
1272.00	7430.00
1273.00	7413.00
1274.00	7316.00
1275.00	7384.00
1276.00	7433.00
1277.00	7703.00
1278.00	7615.00
1279.00	7792.00
1280.00	8017.00
1281.00	8073.00
1282.00	8058.00
1283.00	8068.00
1284.00	8281.00
1285.00	8582.00
1286.00	8609.00
1287.00	8549.00
1288.00	8751.00
1289.00	8642.00
1290.00	8515.00
1291.00	8730.00
1292.00	8783.00
1293.00	8713.00
1294.00	8578.00
1295.00	8619.00
1296.00	8441.00
1297.00	8408.00
1298.00	8267.00
1299.00	8269.00
1300.00	8053.00
1301.00	8007.00
1302.00	7740.00
1303.00	7861.00
1304.00	7461.00
1305.00	7456.00
1306.00	7347.00
1307.00	7246.00
1308.00	7383.00
1309.00	7315.00
1310.00	7161.00
1311.00	7185.00
1312.00	7021.00
1313.00	7200.00
1314.00	7200.00
1315.00	7068.00
1316.00	6987.00
1317.00	6948.00
1318.00	6927.00
1319.00	7038.00
1320.00	6892.00
1321.00	6902.00
1322.00	6952.00
1323.00	6915.00
1324.00	6902.00
1325.00	6957.00
1326.00	6974.00
1327.00	6760.00
1328.00	6964.00
1329.00	6806.00
1330.00	6982.00
1331.00	6879.00
1332.00	6959.00
1333.00	6976.00
1334.00	6825.00
1335.00	6769.00
1336.00	6918.00
1337.00	6859.00
1338.00	6902.00
1339.00	6905.00
1340.00	6754.00
1341.00	6827.00
1342.00	6819.00
1343.00	6935.00
1344.00	6908.00
1345.00	6884.00
1346.00	6945.00
1347.00	6863.00
1348.00	7031.00
1349.00	7071.00
1350.00	7173.00
1351.00	7048.00
1352.00	7264.00
1353.00	7261.00
1354.00	7246.00
1355.00	7401.00
1356.00	7557.00
1357.00	7501.00
1358.00	7664.00
1359.00	7704.00
1360.00	7699.00
1361.00	7809.00
1362.00	7724.00
1363.00	7861.00
1364.00	7830.00
1365.00	7934.00
1366.00	7867.00
1367.00	7718.00
1368.00	7692.00
1369.00	7657.00
1370.00	7627.00
1371.00	7366.00
1372.00	7304.00
1373.00	7299.00
1374.00	7024.00
1375.00	7038.00
1376.00	7038.00
1377.00	7072.00
1378.00	6846.00
1379.00	6627.00
1380.00	6623.00
1381.00	6485.00
1382.00	6406.00
1383.00	6510.00
1384.00	6435.00
1385.00	6424.00
1386.00	6318.00
1387.00	6362.00
1388.00	6355.00
1389.00	6481.00
1390.00	6417.00
1391.00	6243.00
1392.00	6342.00
1393.00	6204.00
1394.00	6215.00
1395.00	6271.00
1396.00	6258.00
1397.00	6301.00
1398.00	6249.00
1399.00	6149.00
1400.00	6111.00
1401.00	6115.00
1402.00	6158.00
1403.00	6329.00
1404.00	6184.00
1405.00	6198.00
1406.00	6240.00
1407.00	6226.00
1408.00	6065.00
1409.00	6201.00
1410.00	6075.00
1411.00	6081.00
1412.00	6151.00
1413.00	6288.00
1414.00	6029.00
1415.00	6079.00
1416.00	6094.00
1417.00	6020.00
1418.00	6165.00
1419.00	6214.00
1420.00	6051.00
1421.00	6171.00
1422.00	6069.00
1423.00	6260.00
1424.00	6149.00
1425.00	6223.00
1426.00	6295.00
1427.00	6235.00
1428.00	6317.00
1429.00	6377.00
1430.00	6402.00
1431.00	6345.00
1432.00	6419.00
1433.00	6441.00
1434.00	6356.00
1435.00	6508.00
1436.00	6516.00
1437.00	6681.00
1438.00	6530.00
1439.00	6741.00
1440.00	6681.00
1441.00	6686.00
1442.00	6641.00
1443.00	6714.00
1444.00	6684.00
1445.00	6732.00
1446.00	6419.00
1447.00	6584.00
1448.00	6521.00
1449.00	6372.00
1450.00	6376.00
1451.00	6405.00
1452.00	6240.00
1453.00	6388.00
1454.00	6104.00
1455.00	6122.00
1456.00	6087.00
1457.00	6058.00
1458.00	6092.00
1459.00	6022.00
1460.00	5967.00
1461.00	6088.00
1462.00	6054.00
1463.00	5954.00
1464.00	5919.00
1465.00	5952.00
1466.00	5922.00
1467.00	5825.00
1468.00	5930.00
1469.00	5942.00
1470.00	5909.00
1471.00	5905.00
1472.00	6016.00
1473.00	5922.00
1474.00	5807.00
1475.00	5858.00
1476.00	5862.00
1477.00	5991.00
1478.00	5901.00
1479.00	5835.00
1480.00	5809.00
1481.00	5799.00
1482.00	5810.00
1483.00	5739.00
1484.00	5670.00
1485.00	5838.00
1486.00	5904.00
1487.00	5919.00
1488.00	5943.00
1489.00	5742.00
1490.00	5811.00
1491.00	5837.00
1492.00	5747.00
1493.00	6040.00
1494.00	5692.00
1495.00	5909.00
1496.00	5940.00
1497.00	6065.00
1498.00	5854.00
1499.00	5940.00
1500.00	6003.00
1501.00	6040.00
1502.00	5916.00
1503.00	6164.00
1504.00	6231.00
1505.00	6386.00
1506.00	6447.00
1507.00	6201.00
1508.00	6243.00
1509.00	6529.00
1510.00	6412.00
1511.00	6420.00
1512.00	6614.00
1513.00	6647.00
1514.00	6685.00
1515.00	6729.00
1516.00	6890.00
1517.00	6812.00
1518.00	7008.00
1519.00	6824.00
1520.00	6911.00
1521.00	6885.00
1522.00	7093.00
1523.00	6938.00
1524.00	6853.00
1525.00	7029.00
1526.00	6771.00
1527.00	6737.00
1528.00	6756.00
1529.00	6762.00
1530.00	6672.00
1531.00	6552.00
1532.00	6509.00
1533.00	6443.00
1534.00	6480.00
1535.00	6496.00
1536.00	6340.00
1537.00	6381.00
1538.00	6379.00
1539.00	6397.00
1540.00	6305.00
1541.00	6398.00
1542.00	6370.00
1543.00	6454.00
1544.00	6487.00
1545.00	6515.00
1546.00	6504.00
1547.00	6573.00
1548.00	6652.00
1549.00	6814.00
1550.00	6528.00
1551.00	6820.00
1552.00	6942.00
1553.00	7029.00
1554.00	7111.00
1555.00	7107.00
1556.00	7217.00
1557.00	7080.00
1558.00	7330.00
1559.00	7495.00
1560.00	7377.00
1561.00	7798.00
1562.00	7724.00
1563.00	7902.00
1564.00	7932.00
1565.00	8078.00
1566.00	8285.00
1567.00	8384.00
1568.00	8508.00
1569.00	8743.00
1570.00	8776.00
1571.00	9007.00
1572.00	8965.00
1573.00	9179.00
1574.00	9276.00
1575.00	9138.00
1576.00	9433.00
1577.00	9500.00
1578.00	9817.00
1579.00	9767.00
1580.00	9807.00
1581.00	10103.00
1582.00	9890.00
1583.00	10047.00
1584.00	10181.00
1585.00	10185.00
1586.00	10286.00
1587.00	10040.00
1588.00	10158.00
1589.00	10215.00
1590.00	10210.00
1591.00	10213.00
1592.00	10167.00
1593.00	10135.00
1594.00	10413.00
1595.00	9946.00
1596.00	10009.00
1597.00	9875.00
1598.00	9702.00
1599.00	9731.00
1600.00	9615.00
1601.00	9442.00
1602.00	9354.00
1603.00	9301.00
1604.00	9041.00
1605.00	9106.00
1606.00	8946.00
1607.00	8816.00
1608.00	8596.00
1609.00	8324.00
1610.00	8341.00
1611.00	8095.00
1612.00	8098.00
1613.00	7737.00
1614.00	7708.00
1615.00	7716.00
1616.00	7248.00
1617.00	7233.00
1618.00	7188.00
1619.00	7020.00
1620.00	6977.00
1621.00	6843.00
1622.00	6813.00
1623.00	6573.00
1624.00	6548.00
1625.00	6365.00
1626.00	6271.00
1627.00	6242.00
1628.00	6033.00
1629.00	6019.00
1630.00	5932.00
1631.00	5887.00
1632.00	5851.00
1633.00	5794.00
1634.00	5845.00
1635.00	5483.00
1636.00	5521.00
1637.00	5492.00
1638.00	5437.00
1639.00	5364.00
1640.00	5274.00
1641.00	5266.00
1642.00	5197.00
1643.00	5165.00
1644.00	5304.00
1645.00	5090.00
1646.00	4975.00
1647.00	5043.00
1648.00	5029.00
1649.00	4935.00
1650.00	4972.00
1651.00	4861.00
1652.00	4859.00
1653.00	4843.00
1654.00	4929.00
1655.00	4888.00
1656.00	4853.00
1657.00	4793.00
1658.00	4927.00
1659.00	4943.00
1660.00	5104.00
1661.00	5210.00
1662.00	5372.00
1663.00	5438.00
1664.00	5532.00
1665.00	5686.00
1666.00	5956.00
1667.00	6163.00
1668.00	6418.00
1669.00	6570.00
1670.00	6777.00
1671.00	6938.00
1672.00	7369.00
1673.00	7275.00
1674.00	7838.00
1675.00	7896.00
1676.00	8098.00
1677.00	8210.00
1678.00	8341.00
1679.00	8787.00
1680.00	8729.00
1681.00	8785.00
1682.00	8748.00
1683.00	8728.00
1684.00	8681.00
1685.00	8650.00
1686.00	8433.00
1687.00	8378.00
1688.00	8225.00
1689.00	7949.00
1690.00	7588.00
1691.00	7433.00
1692.00	7090.00
1693.00	6876.00
1694.00	6451.00
1695.00	6184.00
1696.00	5942.00
1697.00	5618.00
1698.00	5424.00
1699.00	5111.00
1700.00	4926.00
1701.00	4668.00
1702.00	4494.00
1703.00	4538.00
1704.00	4445.00
1705.00	4351.00
1706.00	4125.00
1707.00	4081.00
1708.00	4036.00
1709.00	4050.00
1710.00	3974.00
1711.00	3886.00
1712.00	3939.00
1713.00	3819.00
1714.00	3793.00
1715.00	3812.00
1716.00	3743.00
1717.00	3730.00
1718.00	3764.00
1719.00	3744.00
1720.00	3604.00
1721.00	3766.00
1722.00	3760.00
1723.00	3770.00
1724.00	3687.00
1725.00	3687.00
1726.00	3682.00
1727.00	3755.00
1728.00	3806.00
1729.00	3768.00
1730.00	3750.00
1731.00	3719.00
1732.00	3827.00
1733.00	3615.00
1734.00	3645.00
1735.00	3740.00
1736.00	3778.00
1737.00	3590.00
1738.00	3800.00
1739.00	3759.00
1740.00	3730.00
1741.00	3774.00
1742.00	3757.00
1743.00	3775.00
1744.00	3808.00
1745.00	3768.00
1746.00	3861.00
1747.00	3693.00
1748.00	3822.00
1749.00	3742.00
1750.00	3718.00
1751.00	3789.00
1752.00	3890.00
1753.00	3824.00
1754.00	3875.00
1755.00	3881.00
1756.00	3893.00
1757.00	3838.00
1758.00	3771.00
1759.00	3901.00
1760.00	3959.00
1761.00	3933.00
1762.00	3838.00
1763.00	3895.00
1764.00	3806.00
1765.00	3856.00
1766.00	3922.00
1767.00	3897.00
1768.00	3949.00
1769.00	3887.00
1770.00	3835.00
1771.00	3894.00
1772.00	3872.00
1773.00	3899.00
1774.00	3825.00
1775.00	3908.00
1776.00	3851.00
1777.00	3860.00
1778.00	3896.00
1779.00	3796.00
1780.00	3659.00
1781.00	3740.00
1782.00	3635.00
1783.00	3710.00
1784.00	3647.00
1785.00	3720.00
1786.00	3642.00
1787.00	3540.00
1788.00	3534.00
1789.00	3441.00
1790.00	3454.00
1791.00	3527.00
1792.00	3412.00
1793.00	3312.00
1794.00	3435.00
1795.00	3341.00
1796.00	3279.00
1797.00	3251.00
1798.00	3221.00
1799.00	3210.00
1800.00	3169.00
1801.00	3096.00
1802.00	3314.00
1803.00	3153.00
1804.00	3060.00
1805.00	3021.00
1806.00	3041.00
1807.00	2913.00
1808.00	2989.00
1809.00	2843.00
1810.00	2824.00
1811.00	2705.00
1812.00	2873.00
1813.00	2740.00
1814.00	2784.00
1815.00	2671.00
1816.00	2695.00
1817.00	2627.00
1818.00	2574.00
1819.00	2573.00
1820.00	2561.00
1821.00	2504.00
1822.00	2475.00
1823.00	2573.00
1824.00	2535.00
1825.00	2437.00
1826.00	2417.00
1827.00	2416.00
1828.00	2378.00
1829.00	2477.00
1830.00	2408.00
1831.00	2308.00
1832.00	2285.00
1833.00	2304.00
1834.00	2328.00
1835.00	2313.00
1836.00	2239.00
1837.00	2313.00
1838.00	2206.00
1839.00	2216.00
1840.00	2262.00
1841.00	2244.00
1842.00	2151.00
1843.00	2159.00
1844.00	2227.00
1845.00	2256.00
1846.00	2106.00
1847.00	2103.00
1848.00	2061.00
1849.00	2096.00
1850.00	2070.00
1851.00	1987.00
1852.00	2078.00
1853.00	2045.00
1854.00	1980.00
1855.00	2045.00
1856.00	1922.00
1857.00	1948.00
1858.00	2001.00
1859.00	2023.00
1860.00	1983.00
1861.00	1906.00
1862.00	2013.00
1863.00	2002.00
1864.00	1938.00
1865.00	1901.00
1866.00	1901.00
1867.00	1929.00
1868.00	1998.00
1869.00	1915.00
1870.00	1992.00
1871.00	1941.00
1872.00	1942.00
1873.00	1977.00
1874.00	1968.00
1875.00	2048.00
1876.00	2000.00
1877.00	2043.00
1878.00	2181.00
1879.00	2153.00
1880.00	2107.00
1881.00	2200.00
1882.00	2232.00
1883.00	2158.00
1884.00	2228.00
1885.00	2227.00
1886.00	2303.00
1887.00	2336.00
1888.00	2369.00
1889.00	2288.00
1890.00	2346.00
1891.00	2323.00
1892.00	2230.00
1893.00	2256.00
1894.00	2237.00
1895.00	2181.00
1896.00	2197.00
1897.00	2113.00
1898.00	2047.00
1899.00	2032.00
1900.00	2019.00
1901.00	2015.00
1902.00	1816.00
1903.00	1907.00
1904.00	1820.00
1905.00	1809.00
1906.00	1747.00
1907.00	1695.00
1908.00	1674.00
1909.00	1583.00
1910.00	1653.00
1911.00	1640.00
1912.00	1627.00
1913.00	1634.00
1914.00	1585.00
1915.00	1524.00
1916.00	1650.00
1917.00	1603.00
1918.00	1553.00
1919.00	1593.00
1920.00	1585.00
1921.00	1570.00
1922.00	1528.00
1923.00	1525.00
1924.00	1544.00
1925.00	1527.00
1926.00	1592.00
1927.00	1499.00
1928.00	1484.00
1929.00	1434.00
1930.00	1500.00
1931.00	1431.00
1932.00	1451.00
1933.00	1428.00
1934.00	1419.00
1935.00	1473.00
1936.00	1319.00
1937.00	1338.00
1938.00	1376.00
1939.00	1295.00
1940.00	1316.00
1941.00	1321.00
1942.00	1318.00
1943.00	1246.00
1944.00	1278.00
1945.00	1251.00
1946.00	1206.00
1947.00	1262.00
1948.00	1254.00
1949.00	1271.00
1950.00	1187.00
1951.00	1224.00
1952.00	1152.00
1953.00	1250.00
1954.00	1194.00
1955.00	1189.00
1956.00	1191.00
1957.00	1196.00
1958.00	1200.00
1959.00	1205.00
1960.00	1147.00
1961.00	1184.00
1962.00	1119.00
1963.00	1109.00
1964.00	1159.00
1965.00	1159.00
1966.00	1170.00
1967.00	1148.00
1968.00	1155.00
1969.00	1097.00
1970.00	1109.00
1971.00	1071.00
1972.00	1105.00
1973.00	1114.00
1974.00	1130.00
1975.00	1043.00
1976.00	1145.00
1977.00	1114.00
1978.00	1075.00
1979.00	1069.00
1980.00	1030.00
1981.00	1066.00
1982.00	1039.00
1983.00	1103.00
1984.00	1041.00
1985.00	1004.00
1986.00	1005.00
1987.00	1062.00
1988.00	1028.00
1989.00	992.00
1990.00	1027.00
1991.00	1013.00
1992.00	1005.00
1993.00	1044.00
1994.00	1020.00
1995.00	978.00
1996.00	988.00
1997.00	988.00
1998.00	1001.00
1999.00	916.00
2000.00	939.00
2001.00	938.00
2002.00	969.00
2003.00	921.00
2004.00	956.00
2005.00	977.00
2006.00	902.00
2007.00	941.00
2008.00	928.00
2009.00	968.00
2010.00	935.00
2011.00	859.00
2012.00	904.00
2013.00	904.00
2014.00	921.00
2015.00	877.00
2016.00	842.00
2017.00	860.00
2018.00	875.00
2019.00	789.00
2020.00	809.00
2021.00	810.00
2022.00	893.00
2023.00	852.00
2024.00	825.00
2025.00	872.00
2026.00	827.00
2027.00	775.00
2028.00	775.00
2029.00	789.00
2030.00	809.00
2031.00	777.00
2032.00	793.00
2033.00	786.00
2034.00	728.00
2035.00	761.00
2036.00	776.00
2037.00	788.00
2038.00	759.00
2039.00	755.00
2040.00	733.00
2041.00	747.00
2042.00	763.00
2043.00	721.00
2044.00	732.00
2045.00	697.00
2046.00	700.00
2047.00	733.00
2048.00	 0.00
