Date:	2023-09-18		
Time:	21:28		
Sample name:	Pellets		
Position:	1318.800011	mm	
Sample surface:	6.008755	cm	
Tube anode:	Mo		
Tube voltage:	30	kV	
Tube current:	50	mA	
Comments	in position		
Gain	5.810000		
peaking_time	0.300000	m-sec	
trigger_threshold	30.000000	V	
mca_bin_width	2.000000	no:	
number_mca_channels	2048.000000	no:	
gap_time	0.100000	m-sec	
trigger_peaking_time	0.050000	m-sec	
livetime	17.324602	seconds	
runtime	20.000069	seconds	
input_count_rate	118302.629101	cps	
output_count_rate	102476.946455	cps	
triggers	2285835.000000	seconds	
events_in_run	2040912.000000	seconds	
channel	content		
 1.00	 0.00
 2.00	 0.00
 3.00	 0.00
 4.00	 0.00
 5.00	 0.00
 6.00	 0.00
 7.00	 0.00
 8.00	 0.00
 9.00	 0.00
10.00	 0.00
11.00	 0.00
12.00	 0.00
13.00	 0.00
14.00	 0.00
15.00	 0.00
16.00	 0.00
17.00	 0.00
18.00	 0.00
19.00	 0.00
20.00	 0.00
21.00	 0.00
22.00	 0.00
23.00	 0.00
24.00	 0.00
25.00	 0.00
26.00	 0.00
27.00	 0.00
28.00	 0.00
29.00	 0.00
30.00	 0.00
31.00	 0.00
32.00	 0.00
33.00	 1.00
34.00	 1.00
35.00	 0.00
36.00	 1.00
37.00	 0.00
38.00	 4.00
39.00	 5.00
40.00	 3.00
41.00	 8.00
42.00	 6.00
43.00	 8.00
44.00	 9.00
45.00	 9.00
46.00	10.00
47.00	20.00
48.00	14.00
49.00	21.00
50.00	29.00
51.00	27.00
52.00	17.00
53.00	23.00
54.00	25.00
55.00	31.00
56.00	33.00
57.00	35.00
58.00	38.00
59.00	34.00
60.00	24.00
61.00	30.00
62.00	42.00
63.00	52.00
64.00	39.00
65.00	42.00
66.00	41.00
67.00	32.00
68.00	23.00
69.00	34.00
70.00	45.00
71.00	24.00
72.00	36.00
73.00	31.00
74.00	40.00
75.00	30.00
76.00	42.00
77.00	34.00
78.00	38.00
79.00	33.00
80.00	33.00
81.00	39.00
82.00	42.00
83.00	44.00
84.00	32.00
85.00	38.00
86.00	38.00
87.00	32.00
88.00	38.00
89.00	40.00
90.00	35.00
91.00	42.00
92.00	28.00
93.00	30.00
94.00	44.00
95.00	34.00
96.00	28.00
97.00	33.00
98.00	29.00
99.00	27.00
100.00	37.00
101.00	35.00
102.00	24.00
103.00	21.00
104.00	34.00
105.00	34.00
106.00	34.00
107.00	38.00
108.00	40.00
109.00	31.00
110.00	27.00
111.00	39.00
112.00	30.00
113.00	24.00
114.00	38.00
115.00	32.00
116.00	26.00
117.00	32.00
118.00	28.00
119.00	34.00
120.00	25.00
121.00	31.00
122.00	17.00
123.00	29.00
124.00	27.00
125.00	36.00
126.00	21.00
127.00	26.00
128.00	23.00
129.00	25.00
130.00	17.00
131.00	17.00
132.00	22.00
133.00	18.00
134.00	24.00
135.00	26.00
136.00	27.00
137.00	29.00
138.00	42.00
139.00	51.00
140.00	66.00
141.00	90.00
142.00	94.00
143.00	121.00
144.00	127.00
145.00	175.00
146.00	133.00
147.00	105.00
148.00	110.00
149.00	79.00
150.00	70.00
151.00	62.00
152.00	70.00
153.00	63.00
154.00	52.00
155.00	64.00
156.00	51.00
157.00	52.00
158.00	30.00
159.00	63.00
160.00	94.00
161.00	157.00
162.00	229.00
163.00	373.00
164.00	520.00
165.00	744.00
166.00	952.00
167.00	1159.00
168.00	1283.00
169.00	1388.00
170.00	1326.00
171.00	1103.00
172.00	958.00
173.00	805.00
174.00	592.00
175.00	399.00
176.00	297.00
177.00	188.00
178.00	155.00
179.00	127.00
180.00	128.00
181.00	85.00
182.00	81.00
183.00	95.00
184.00	110.00
185.00	130.00
186.00	155.00
187.00	153.00
188.00	147.00
189.00	185.00
190.00	190.00
191.00	136.00
192.00	128.00
193.00	97.00
194.00	88.00
195.00	77.00
196.00	50.00
197.00	51.00
198.00	40.00
199.00	32.00
200.00	23.00
201.00	31.00
202.00	29.00
203.00	23.00
204.00	25.00
205.00	13.00
206.00	23.00
207.00	31.00
208.00	25.00
209.00	23.00
210.00	23.00
211.00	32.00
212.00	20.00
213.00	27.00
214.00	27.00
215.00	15.00
216.00	38.00
217.00	41.00
218.00	38.00
219.00	47.00
220.00	51.00
221.00	42.00
222.00	36.00
223.00	48.00
224.00	45.00
225.00	34.00
226.00	41.00
227.00	27.00
228.00	35.00
229.00	29.00
230.00	25.00
231.00	28.00
232.00	19.00
233.00	24.00
234.00	22.00
235.00	14.00
236.00	18.00
237.00	22.00
238.00	20.00
239.00	15.00
240.00	 9.00
241.00	21.00
242.00	19.00
243.00	22.00
244.00	24.00
245.00	21.00
246.00	21.00
247.00	18.00
248.00	20.00
249.00	22.00
250.00	27.00
251.00	21.00
252.00	17.00
253.00	29.00
254.00	31.00
255.00	27.00
256.00	36.00
257.00	19.00
258.00	17.00
259.00	24.00
260.00	32.00
261.00	26.00
262.00	27.00
263.00	22.00
264.00	32.00
265.00	42.00
266.00	33.00
267.00	31.00
268.00	32.00
269.00	31.00
270.00	32.00
271.00	33.00
272.00	27.00
273.00	27.00
274.00	31.00
275.00	35.00
276.00	31.00
277.00	39.00
278.00	45.00
279.00	57.00
280.00	92.00
281.00	87.00
282.00	142.00
283.00	181.00
284.00	216.00
285.00	222.00
286.00	261.00
287.00	260.00
288.00	235.00
289.00	199.00
290.00	193.00
291.00	186.00
292.00	135.00
293.00	97.00
294.00	76.00
295.00	63.00
296.00	52.00
297.00	51.00
298.00	36.00
299.00	37.00
300.00	37.00
301.00	26.00
302.00	40.00
303.00	45.00
304.00	55.00
305.00	56.00
306.00	65.00
307.00	78.00
308.00	107.00
309.00	121.00
310.00	150.00
311.00	234.00
312.00	321.00
313.00	479.00
314.00	684.00
315.00	944.00
316.00	1288.00
317.00	1570.00
318.00	1945.00
319.00	2121.00
320.00	2287.00
321.00	2401.00
322.00	2363.00
323.00	2185.00
324.00	1889.00
325.00	1635.00
326.00	1274.00
327.00	1002.00
328.00	731.00
329.00	516.00
330.00	372.00
331.00	209.00
332.00	158.00
333.00	102.00
334.00	69.00
335.00	56.00
336.00	76.00
337.00	71.00
338.00	117.00
339.00	111.00
340.00	129.00
341.00	223.00
342.00	277.00
343.00	347.00
344.00	498.00
345.00	682.00
346.00	919.00
347.00	1357.00
348.00	1926.00
349.00	2629.00
350.00	3694.00
351.00	4957.00
352.00	6357.00
353.00	7926.00
354.00	9469.00
355.00	10963.00
356.00	12223.00
357.00	12471.00
358.00	12235.00
359.00	11966.00
360.00	10807.00
361.00	9362.00
362.00	7741.00
363.00	6209.00
364.00	4624.00
365.00	3429.00
366.00	2285.00
367.00	1514.00
368.00	942.00
369.00	557.00
370.00	361.00
371.00	233.00
372.00	161.00
373.00	123.00
374.00	106.00
375.00	134.00
376.00	148.00
377.00	192.00
378.00	228.00
379.00	343.00
380.00	505.00
381.00	555.00
382.00	757.00
383.00	1039.00
384.00	1252.00
385.00	1388.00
386.00	1679.00
387.00	1724.00
388.00	1913.00
389.00	1878.00
390.00	1867.00
391.00	1745.00
392.00	1484.00
393.00	1257.00
394.00	1036.00
395.00	791.00
396.00	573.00
397.00	434.00
398.00	323.00
399.00	216.00
400.00	144.00
401.00	118.00
402.00	68.00
403.00	51.00
404.00	41.00
405.00	44.00
406.00	44.00
407.00	44.00
408.00	41.00
409.00	35.00
410.00	30.00
411.00	37.00
412.00	42.00
413.00	39.00
414.00	33.00
415.00	35.00
416.00	40.00
417.00	37.00
418.00	39.00
419.00	46.00
420.00	48.00
421.00	67.00
422.00	73.00
423.00	123.00
424.00	114.00
425.00	160.00
426.00	243.00
427.00	360.00
428.00	474.00
429.00	575.00
430.00	756.00
431.00	956.00
432.00	1090.00
433.00	1380.00
434.00	1501.00
435.00	1623.00
436.00	1644.00
437.00	1654.00
438.00	1512.00
439.00	1419.00
440.00	1196.00
441.00	1107.00
442.00	881.00
443.00	697.00
444.00	612.00
445.00	545.00
446.00	411.00
447.00	392.00
448.00	316.00
449.00	321.00
450.00	307.00
451.00	306.00
452.00	274.00
453.00	239.00
454.00	230.00
455.00	180.00
456.00	170.00
457.00	153.00
458.00	146.00
459.00	137.00
460.00	129.00
461.00	118.00
462.00	141.00
463.00	145.00
464.00	136.00
465.00	141.00
466.00	164.00
467.00	178.00
468.00	206.00
469.00	222.00
470.00	273.00
471.00	282.00
472.00	308.00
473.00	355.00
474.00	402.00
475.00	384.00
476.00	450.00
477.00	431.00
478.00	438.00
479.00	394.00
480.00	414.00
481.00	350.00
482.00	304.00
483.00	270.00
484.00	232.00
485.00	216.00
486.00	146.00
487.00	133.00
488.00	127.00
489.00	101.00
490.00	100.00
491.00	89.00
492.00	77.00
493.00	102.00
494.00	96.00
495.00	97.00
496.00	108.00
497.00	117.00
498.00	92.00
499.00	105.00
500.00	103.00
501.00	126.00
502.00	121.00
503.00	121.00
504.00	123.00
505.00	142.00
506.00	127.00
507.00	147.00
508.00	135.00
509.00	172.00
510.00	139.00
511.00	153.00
512.00	178.00
513.00	170.00
514.00	167.00
515.00	196.00
516.00	169.00
517.00	189.00
518.00	219.00
519.00	210.00
520.00	224.00
521.00	247.00
522.00	266.00
523.00	249.00
524.00	224.00
525.00	230.00
526.00	225.00
527.00	207.00
528.00	215.00
529.00	201.00
530.00	203.00
531.00	200.00
532.00	197.00
533.00	148.00
534.00	164.00
535.00	167.00
536.00	140.00
537.00	138.00
538.00	169.00
539.00	153.00
540.00	162.00
541.00	183.00
542.00	177.00
543.00	169.00
544.00	158.00
545.00	171.00
546.00	179.00
547.00	180.00
548.00	176.00
549.00	198.00
550.00	197.00
551.00	193.00
552.00	225.00
553.00	241.00
554.00	208.00
555.00	239.00
556.00	235.00
557.00	326.00
558.00	392.00
559.00	464.00
560.00	541.00
561.00	762.00
562.00	924.00
563.00	1092.00
564.00	1304.00
565.00	1502.00
566.00	1668.00
567.00	2021.00
568.00	2024.00
569.00	2214.00
570.00	2174.00
571.00	2177.00
572.00	2026.00
573.00	1777.00
574.00	1705.00
575.00	1517.00
576.00	1227.00
577.00	1003.00
578.00	795.00
579.00	627.00
580.00	529.00
581.00	456.00
582.00	323.00
583.00	268.00
584.00	252.00
585.00	238.00
586.00	250.00
587.00	208.00
588.00	196.00
589.00	228.00
590.00	236.00
591.00	253.00
592.00	292.00
593.00	280.00
594.00	313.00
595.00	339.00
596.00	368.00
597.00	391.00
598.00	494.00
599.00	608.00
600.00	781.00
601.00	1104.00
602.00	1431.00
603.00	2119.00
604.00	3016.00
605.00	4019.00
606.00	5920.00
607.00	8322.00
608.00	11339.00
609.00	14756.00
610.00	19113.00
611.00	24361.00
612.00	29864.00
613.00	35324.00
614.00	41471.00
615.00	46768.00
616.00	51052.00
617.00	53820.00
618.00	55098.00
619.00	54990.00
620.00	53313.00
621.00	49919.00
622.00	45485.00
623.00	40139.00
624.00	34257.00
625.00	28803.00
626.00	23326.00
627.00	18217.00
628.00	14020.00
629.00	10562.00
630.00	7690.00
631.00	5365.00
632.00	3747.00
633.00	2630.00
634.00	1830.00
635.00	1288.00
636.00	909.00
637.00	680.00
638.00	583.00
639.00	481.00
640.00	372.00
641.00	395.00
642.00	378.00
643.00	377.00
644.00	356.00
645.00	385.00
646.00	355.00
647.00	346.00
648.00	356.00
649.00	361.00
650.00	341.00
651.00	354.00
652.00	350.00
653.00	386.00
654.00	443.00
655.00	392.00
656.00	429.00
657.00	473.00
658.00	484.00
659.00	492.00
660.00	481.00
661.00	559.00
662.00	578.00
663.00	621.00
664.00	644.00
665.00	783.00
666.00	924.00
667.00	1146.00
668.00	1371.00
669.00	1607.00
670.00	1996.00
671.00	2452.00
672.00	2958.00
673.00	3626.00
674.00	4477.00
675.00	5254.00
676.00	6049.00
677.00	6869.00
678.00	7489.00
679.00	8261.00
680.00	8593.00
681.00	8782.00
682.00	8686.00
683.00	8474.00
684.00	8031.00
685.00	7430.00
686.00	6721.00
687.00	5916.00
688.00	4987.00
689.00	4247.00
690.00	3370.00
691.00	2719.00
692.00	2238.00
693.00	1709.00
694.00	1317.00
695.00	970.00
696.00	759.00
697.00	589.00
698.00	517.00
699.00	412.00
700.00	362.00
701.00	344.00
702.00	299.00
703.00	284.00
704.00	328.00
705.00	293.00
706.00	300.00
707.00	312.00
708.00	333.00
709.00	329.00
710.00	339.00
711.00	332.00
712.00	384.00
713.00	371.00
714.00	413.00
715.00	466.00
716.00	482.00
717.00	468.00
718.00	551.00
719.00	553.00
720.00	545.00
721.00	536.00
722.00	578.00
723.00	586.00
724.00	529.00
725.00	560.00
726.00	488.00
727.00	496.00
728.00	452.00
729.00	420.00
730.00	443.00
731.00	378.00
732.00	368.00
733.00	351.00
734.00	364.00
735.00	350.00
736.00	313.00
737.00	311.00
738.00	304.00
739.00	259.00
740.00	300.00
741.00	330.00
742.00	318.00
743.00	297.00
744.00	309.00
745.00	316.00
746.00	261.00
747.00	320.00
748.00	324.00
749.00	298.00
750.00	316.00
751.00	292.00
752.00	317.00
753.00	288.00
754.00	298.00
755.00	318.00
756.00	288.00
757.00	307.00
758.00	330.00
759.00	329.00
760.00	341.00
761.00	339.00
762.00	331.00
763.00	315.00
764.00	331.00
765.00	402.00
766.00	372.00
767.00	388.00
768.00	432.00
769.00	478.00
770.00	449.00
771.00	477.00
772.00	465.00
773.00	473.00
774.00	485.00
775.00	499.00
776.00	480.00
777.00	529.00
778.00	488.00
779.00	526.00
780.00	544.00
781.00	529.00
782.00	536.00
783.00	484.00
784.00	463.00
785.00	512.00
786.00	465.00
787.00	501.00
788.00	470.00
789.00	504.00
790.00	462.00
791.00	517.00
792.00	541.00
793.00	519.00
794.00	501.00
795.00	527.00
796.00	526.00
797.00	547.00
798.00	548.00
799.00	549.00
800.00	562.00
801.00	553.00
802.00	552.00
803.00	555.00
804.00	570.00
805.00	531.00
806.00	538.00
807.00	497.00
808.00	569.00
809.00	559.00
810.00	604.00
811.00	555.00
812.00	564.00
813.00	576.00
814.00	591.00
815.00	543.00
816.00	538.00
817.00	535.00
818.00	544.00
819.00	543.00
820.00	603.00
821.00	591.00
822.00	642.00
823.00	631.00
824.00	633.00
825.00	727.00
826.00	750.00
827.00	747.00
828.00	790.00
829.00	904.00
830.00	935.00
831.00	980.00
832.00	1041.00
833.00	1026.00
834.00	1008.00
835.00	933.00
836.00	1001.00
837.00	889.00
838.00	843.00
839.00	856.00
840.00	798.00
841.00	782.00
842.00	733.00
843.00	670.00
844.00	673.00
845.00	600.00
846.00	602.00
847.00	584.00
848.00	522.00
849.00	557.00
850.00	539.00
851.00	521.00
852.00	528.00
853.00	525.00
854.00	511.00
855.00	520.00
856.00	491.00
857.00	505.00
858.00	532.00
859.00	569.00
860.00	515.00
861.00	506.00
862.00	548.00
863.00	512.00
864.00	467.00
865.00	566.00
866.00	560.00
867.00	524.00
868.00	581.00
869.00	566.00
870.00	514.00
871.00	500.00
872.00	573.00
873.00	550.00
874.00	610.00
875.00	509.00
876.00	561.00
877.00	564.00
878.00	586.00
879.00	555.00
880.00	579.00
881.00	594.00
882.00	592.00
883.00	576.00
884.00	615.00
885.00	605.00
886.00	637.00
887.00	608.00
888.00	626.00
889.00	669.00
890.00	635.00
891.00	661.00
892.00	636.00
893.00	647.00
894.00	669.00
895.00	632.00
896.00	671.00
897.00	620.00
898.00	628.00
899.00	669.00
900.00	630.00
901.00	655.00
902.00	689.00
903.00	654.00
904.00	613.00
905.00	605.00
906.00	657.00
907.00	655.00
908.00	707.00
909.00	662.00
910.00	631.00
911.00	692.00
912.00	648.00
913.00	698.00
914.00	690.00
915.00	693.00
916.00	731.00
917.00	709.00
918.00	685.00
919.00	694.00
920.00	699.00
921.00	738.00
922.00	745.00
923.00	788.00
924.00	736.00
925.00	758.00
926.00	722.00
927.00	739.00
928.00	730.00
929.00	762.00
930.00	749.00
931.00	702.00
932.00	789.00
933.00	701.00
934.00	726.00
935.00	661.00
936.00	678.00
937.00	657.00
938.00	635.00
939.00	673.00
940.00	665.00
941.00	690.00
942.00	616.00
943.00	627.00
944.00	663.00
945.00	629.00
946.00	679.00
947.00	629.00
948.00	636.00
949.00	673.00
950.00	689.00
951.00	640.00
952.00	705.00
953.00	644.00
954.00	654.00
955.00	687.00
956.00	681.00
957.00	703.00
958.00	717.00
959.00	693.00
960.00	703.00
961.00	623.00
962.00	715.00
963.00	685.00
964.00	692.00
965.00	676.00
966.00	705.00
967.00	748.00
968.00	684.00
969.00	713.00
970.00	729.00
971.00	692.00
972.00	711.00
973.00	726.00
974.00	708.00
975.00	722.00
976.00	714.00
977.00	673.00
978.00	688.00
979.00	672.00
980.00	669.00
981.00	711.00
982.00	688.00
983.00	673.00
984.00	681.00
985.00	669.00
986.00	708.00
987.00	683.00
988.00	689.00
989.00	699.00
990.00	639.00
991.00	642.00
992.00	682.00
993.00	715.00
994.00	698.00
995.00	664.00
996.00	680.00
997.00	704.00
998.00	724.00
999.00	652.00
1000.00	633.00
1001.00	706.00
1002.00	698.00
1003.00	682.00
1004.00	684.00
1005.00	672.00
1006.00	730.00
1007.00	696.00
1008.00	735.00
1009.00	710.00
1010.00	790.00
1011.00	708.00
1012.00	722.00
1013.00	775.00
1014.00	718.00
1015.00	727.00
1016.00	768.00
1017.00	737.00
1018.00	707.00
1019.00	799.00
1020.00	744.00
1021.00	690.00
1022.00	753.00
1023.00	746.00
1024.00	687.00
1025.00	685.00
1026.00	665.00
1027.00	724.00
1028.00	686.00
1029.00	691.00
1030.00	707.00
1031.00	658.00
1032.00	673.00
1033.00	682.00
1034.00	662.00
1035.00	661.00
1036.00	650.00
1037.00	718.00
1038.00	668.00
1039.00	754.00
1040.00	705.00
1041.00	649.00
1042.00	697.00
1043.00	711.00
1044.00	738.00
1045.00	721.00
1046.00	728.00
1047.00	709.00
1048.00	724.00
1049.00	701.00
1050.00	730.00
1051.00	723.00
1052.00	740.00
1053.00	743.00
1054.00	721.00
1055.00	744.00
1056.00	683.00
1057.00	731.00
1058.00	704.00
1059.00	741.00
1060.00	724.00
1061.00	721.00
1062.00	714.00
1063.00	720.00
1064.00	710.00
1065.00	730.00
1066.00	722.00
1067.00	689.00
1068.00	677.00
1069.00	701.00
1070.00	701.00
1071.00	722.00
1072.00	680.00
1073.00	715.00
1074.00	695.00
1075.00	683.00
1076.00	695.00
1077.00	748.00
1078.00	723.00
1079.00	735.00
1080.00	725.00
1081.00	689.00
1082.00	701.00
1083.00	742.00
1084.00	745.00
1085.00	740.00
1086.00	761.00
1087.00	759.00
1088.00	716.00
1089.00	754.00
1090.00	742.00
1091.00	778.00
1092.00	748.00
1093.00	710.00
1094.00	731.00
1095.00	833.00
1096.00	760.00
1097.00	785.00
1098.00	715.00
1099.00	777.00
1100.00	717.00
1101.00	728.00
1102.00	756.00
1103.00	780.00
1104.00	737.00
1105.00	754.00
1106.00	720.00
1107.00	741.00
1108.00	737.00
1109.00	772.00
1110.00	741.00
1111.00	727.00
1112.00	737.00
1113.00	754.00
1114.00	770.00
1115.00	775.00
1116.00	805.00
1117.00	713.00
1118.00	775.00
1119.00	726.00
1120.00	718.00
1121.00	798.00
1122.00	745.00
1123.00	756.00
1124.00	765.00
1125.00	740.00
1126.00	724.00
1127.00	780.00
1128.00	731.00
1129.00	787.00
1130.00	734.00
1131.00	745.00
1132.00	787.00
1133.00	759.00
1134.00	768.00
1135.00	761.00
1136.00	744.00
1137.00	763.00
1138.00	721.00
1139.00	754.00
1140.00	758.00
1141.00	727.00
1142.00	740.00
1143.00	758.00
1144.00	762.00
1145.00	746.00
1146.00	759.00
1147.00	756.00
1148.00	753.00
1149.00	729.00
1150.00	741.00
1151.00	734.00
1152.00	714.00
1153.00	780.00
1154.00	739.00
1155.00	765.00
1156.00	748.00
1157.00	748.00
1158.00	774.00
1159.00	770.00
1160.00	732.00
1161.00	711.00
1162.00	776.00
1163.00	754.00
1164.00	762.00
1165.00	755.00
1166.00	758.00
1167.00	687.00
1168.00	736.00
1169.00	742.00
1170.00	718.00
1171.00	736.00
1172.00	760.00
1173.00	719.00
1174.00	730.00
1175.00	672.00
1176.00	744.00
1177.00	758.00
1178.00	769.00
1179.00	777.00
1180.00	779.00
1181.00	680.00
1182.00	747.00
1183.00	744.00
1184.00	760.00
1185.00	748.00
1186.00	728.00
1187.00	757.00
1188.00	742.00
1189.00	733.00
1190.00	789.00
1191.00	744.00
1192.00	749.00
1193.00	740.00
1194.00	731.00
1195.00	706.00
1196.00	788.00
1197.00	775.00
1198.00	714.00
1199.00	783.00
1200.00	754.00
1201.00	720.00
1202.00	747.00
1203.00	770.00
1204.00	737.00
1205.00	758.00
1206.00	748.00
1207.00	733.00
1208.00	742.00
1209.00	776.00
1210.00	793.00
1211.00	804.00
1212.00	789.00
1213.00	767.00
1214.00	788.00
1215.00	770.00
1216.00	794.00
1217.00	801.00
1218.00	814.00
1219.00	800.00
1220.00	808.00
1221.00	844.00
1222.00	820.00
1223.00	789.00
1224.00	820.00
1225.00	868.00
1226.00	868.00
1227.00	805.00
1228.00	864.00
1229.00	837.00
1230.00	871.00
1231.00	837.00
1232.00	874.00
1233.00	816.00
1234.00	867.00
1235.00	878.00
1236.00	893.00
1237.00	844.00
1238.00	875.00
1239.00	811.00
1240.00	813.00
1241.00	854.00
1242.00	840.00
1243.00	855.00
1244.00	831.00
1245.00	771.00
1246.00	728.00
1247.00	824.00
1248.00	824.00
1249.00	748.00
1250.00	768.00
1251.00	728.00
1252.00	779.00
1253.00	737.00
1254.00	779.00
1255.00	759.00
1256.00	702.00
1257.00	757.00
1258.00	679.00
1259.00	719.00
1260.00	798.00
1261.00	724.00
1262.00	727.00
1263.00	734.00
1264.00	744.00
1265.00	728.00
1266.00	717.00
1267.00	686.00
1268.00	725.00
1269.00	752.00
1270.00	736.00
1271.00	812.00
1272.00	739.00
1273.00	779.00
1274.00	776.00
1275.00	802.00
1276.00	776.00
1277.00	796.00
1278.00	771.00
1279.00	826.00
1280.00	794.00
1281.00	859.00
1282.00	878.00
1283.00	908.00
1284.00	844.00
1285.00	922.00
1286.00	899.00
1287.00	908.00
1288.00	928.00
1289.00	877.00
1290.00	889.00
1291.00	929.00
1292.00	908.00
1293.00	952.00
1294.00	896.00
1295.00	895.00
1296.00	848.00
1297.00	827.00
1298.00	885.00
1299.00	861.00
1300.00	860.00
1301.00	851.00
1302.00	794.00
1303.00	838.00
1304.00	809.00
1305.00	767.00
1306.00	802.00
1307.00	795.00
1308.00	794.00
1309.00	765.00
1310.00	754.00
1311.00	713.00
1312.00	730.00
1313.00	737.00
1314.00	772.00
1315.00	765.00
1316.00	708.00
1317.00	715.00
1318.00	735.00
1319.00	709.00
1320.00	741.00
1321.00	687.00
1322.00	705.00
1323.00	754.00
1324.00	721.00
1325.00	720.00
1326.00	698.00
1327.00	733.00
1328.00	769.00
1329.00	678.00
1330.00	720.00
1331.00	701.00
1332.00	732.00
1333.00	733.00
1334.00	756.00
1335.00	692.00
1336.00	749.00
1337.00	773.00
1338.00	770.00
1339.00	760.00
1340.00	754.00
1341.00	704.00
1342.00	676.00
1343.00	727.00
1344.00	720.00
1345.00	735.00
1346.00	788.00
1347.00	800.00
1348.00	773.00
1349.00	807.00
1350.00	826.00
1351.00	857.00
1352.00	836.00
1353.00	858.00
1354.00	934.00
1355.00	903.00
1356.00	973.00
1357.00	970.00
1358.00	1003.00
1359.00	1008.00
1360.00	1071.00
1361.00	1065.00
1362.00	1049.00
1363.00	1086.00
1364.00	1047.00
1365.00	1089.00
1366.00	1028.00
1367.00	1063.00
1368.00	1067.00
1369.00	1002.00
1370.00	981.00
1371.00	939.00
1372.00	915.00
1373.00	946.00
1374.00	846.00
1375.00	891.00
1376.00	801.00
1377.00	767.00
1378.00	757.00
1379.00	731.00
1380.00	770.00
1381.00	756.00
1382.00	753.00
1383.00	734.00
1384.00	681.00
1385.00	716.00
1386.00	706.00
1387.00	671.00
1388.00	674.00
1389.00	679.00
1390.00	692.00
1391.00	634.00
1392.00	702.00
1393.00	640.00
1394.00	676.00
1395.00	645.00
1396.00	686.00
1397.00	613.00
1398.00	564.00
1399.00	654.00
1400.00	595.00
1401.00	682.00
1402.00	684.00
1403.00	605.00
1404.00	673.00
1405.00	656.00
1406.00	615.00
1407.00	649.00
1408.00	654.00
1409.00	593.00
1410.00	622.00
1411.00	661.00
1412.00	658.00
1413.00	650.00
1414.00	646.00
1415.00	653.00
1416.00	623.00
1417.00	608.00
1418.00	633.00
1419.00	648.00
1420.00	616.00
1421.00	611.00
1422.00	634.00
1423.00	641.00
1424.00	632.00
1425.00	666.00
1426.00	654.00
1427.00	647.00
1428.00	646.00
1429.00	661.00
1430.00	636.00
1431.00	715.00
1432.00	675.00
1433.00	658.00
1434.00	664.00
1435.00	719.00
1436.00	673.00
1437.00	661.00
1438.00	678.00
1439.00	687.00
1440.00	699.00
1441.00	689.00
1442.00	682.00
1443.00	712.00
1444.00	661.00
1445.00	621.00
1446.00	656.00
1447.00	670.00
1448.00	670.00
1449.00	698.00
1450.00	654.00
1451.00	690.00
1452.00	639.00
1453.00	636.00
1454.00	605.00
1455.00	629.00
1456.00	634.00
1457.00	634.00
1458.00	624.00
1459.00	623.00
1460.00	664.00
1461.00	645.00
1462.00	646.00
1463.00	657.00
1464.00	618.00
1465.00	640.00
1466.00	563.00
1467.00	617.00
1468.00	614.00
1469.00	590.00
1470.00	643.00
1471.00	576.00
1472.00	601.00
1473.00	656.00
1474.00	627.00
1475.00	613.00
1476.00	647.00
1477.00	557.00
1478.00	588.00
1479.00	596.00
1480.00	575.00
1481.00	593.00
1482.00	585.00
1483.00	585.00
1484.00	626.00
1485.00	632.00
1486.00	633.00
1487.00	615.00
1488.00	588.00
1489.00	559.00
1490.00	623.00
1491.00	589.00
1492.00	624.00
1493.00	631.00
1494.00	581.00
1495.00	601.00
1496.00	635.00
1497.00	632.00
1498.00	651.00
1499.00	608.00
1500.00	595.00
1501.00	582.00
1502.00	585.00
1503.00	622.00
1504.00	647.00
1505.00	639.00
1506.00	637.00
1507.00	640.00
1508.00	674.00
1509.00	639.00
1510.00	675.00
1511.00	670.00
1512.00	639.00
1513.00	666.00
1514.00	706.00
1515.00	675.00
1516.00	739.00
1517.00	733.00
1518.00	703.00
1519.00	717.00
1520.00	718.00
1521.00	710.00
1522.00	744.00
1523.00	724.00
1524.00	791.00
1525.00	749.00
1526.00	735.00
1527.00	724.00
1528.00	716.00
1529.00	674.00
1530.00	711.00
1531.00	709.00
1532.00	772.00
1533.00	682.00
1534.00	660.00
1535.00	702.00
1536.00	657.00
1537.00	672.00
1538.00	652.00
1539.00	660.00
1540.00	710.00
1541.00	673.00
1542.00	664.00
1543.00	671.00
1544.00	704.00
1545.00	660.00
1546.00	705.00
1547.00	659.00
1548.00	668.00
1549.00	663.00
1550.00	699.00
1551.00	720.00
1552.00	699.00
1553.00	702.00
1554.00	672.00
1555.00	729.00
1556.00	745.00
1557.00	745.00
1558.00	729.00
1559.00	728.00
1560.00	826.00
1561.00	809.00
1562.00	770.00
1563.00	829.00
1564.00	775.00
1565.00	811.00
1566.00	930.00
1567.00	854.00
1568.00	896.00
1569.00	891.00
1570.00	1009.00
1571.00	884.00
1572.00	937.00
1573.00	900.00
1574.00	993.00
1575.00	967.00
1576.00	926.00
1577.00	971.00
1578.00	1055.00
1579.00	1013.00
1580.00	982.00
1581.00	968.00
1582.00	1048.00
1583.00	1062.00
1584.00	1050.00
1585.00	988.00
1586.00	1040.00
1587.00	995.00
1588.00	1033.00
1589.00	1073.00
1590.00	1050.00
1591.00	1050.00
1592.00	1048.00
1593.00	1052.00
1594.00	1029.00
1595.00	1059.00
1596.00	1101.00
1597.00	1006.00
1598.00	1051.00
1599.00	1002.00
1600.00	992.00
1601.00	927.00
1602.00	952.00
1603.00	905.00
1604.00	914.00
1605.00	903.00
1606.00	931.00
1607.00	943.00
1608.00	862.00
1609.00	841.00
1610.00	814.00
1611.00	812.00
1612.00	808.00
1613.00	786.00
1614.00	852.00
1615.00	817.00
1616.00	865.00
1617.00	755.00
1618.00	783.00
1619.00	709.00
1620.00	698.00
1621.00	699.00
1622.00	698.00
1623.00	710.00
1624.00	704.00
1625.00	661.00
1626.00	684.00
1627.00	655.00
1628.00	630.00
1629.00	585.00
1630.00	595.00
1631.00	591.00
1632.00	552.00
1633.00	630.00
1634.00	574.00
1635.00	587.00
1636.00	562.00
1637.00	566.00
1638.00	570.00
1639.00	532.00
1640.00	533.00
1641.00	556.00
1642.00	508.00
1643.00	514.00
1644.00	581.00
1645.00	523.00
1646.00	481.00
1647.00	537.00
1648.00	494.00
1649.00	523.00
1650.00	491.00
1651.00	492.00
1652.00	504.00
1653.00	491.00
1654.00	492.00
1655.00	487.00
1656.00	528.00
1657.00	483.00
1658.00	509.00
1659.00	501.00
1660.00	537.00
1661.00	500.00
1662.00	525.00
1663.00	564.00
1664.00	597.00
1665.00	585.00
1666.00	633.00
1667.00	595.00
1668.00	663.00
1669.00	677.00
1670.00	680.00
1671.00	716.00
1672.00	772.00
1673.00	813.00
1674.00	785.00
1675.00	868.00
1676.00	894.00
1677.00	878.00
1678.00	907.00
1679.00	925.00
1680.00	891.00
1681.00	956.00
1682.00	900.00
1683.00	959.00
1684.00	906.00
1685.00	888.00
1686.00	892.00
1687.00	918.00
1688.00	851.00
1689.00	824.00
1690.00	793.00
1691.00	816.00
1692.00	715.00
1693.00	697.00
1694.00	709.00
1695.00	649.00
1696.00	617.00
1697.00	544.00
1698.00	612.00
1699.00	515.00
1700.00	510.00
1701.00	492.00
1702.00	461.00
1703.00	451.00
1704.00	511.00
1705.00	437.00
1706.00	439.00
1707.00	428.00
1708.00	418.00
1709.00	375.00
1710.00	457.00
1711.00	416.00
1712.00	377.00
1713.00	407.00
1714.00	358.00
1715.00	404.00
1716.00	415.00
1717.00	349.00
1718.00	394.00
1719.00	362.00
1720.00	364.00
1721.00	359.00
1722.00	421.00
1723.00	399.00
1724.00	401.00
1725.00	400.00
1726.00	380.00
1727.00	362.00
1728.00	360.00
1729.00	363.00
1730.00	386.00
1731.00	381.00
1732.00	387.00
1733.00	378.00
1734.00	396.00
1735.00	374.00
1736.00	376.00
1737.00	396.00
1738.00	444.00
1739.00	358.00
1740.00	382.00
1741.00	366.00
1742.00	374.00
1743.00	400.00
1744.00	375.00
1745.00	392.00
1746.00	350.00
1747.00	395.00
1748.00	385.00
1749.00	390.00
1750.00	387.00
1751.00	389.00
1752.00	363.00
1753.00	381.00
1754.00	379.00
1755.00	382.00
1756.00	380.00
1757.00	427.00
1758.00	394.00
1759.00	336.00
1760.00	421.00
1761.00	428.00
1762.00	375.00
1763.00	426.00
1764.00	395.00
1765.00	382.00
1766.00	432.00
1767.00	394.00
1768.00	404.00
1769.00	411.00
1770.00	410.00
1771.00	401.00
1772.00	377.00
1773.00	405.00
1774.00	378.00
1775.00	388.00
1776.00	387.00
1777.00	412.00
1778.00	414.00
1779.00	375.00
1780.00	402.00
1781.00	395.00
1782.00	375.00
1783.00	353.00
1784.00	369.00
1785.00	347.00
1786.00	375.00
1787.00	397.00
1788.00	360.00
1789.00	373.00
1790.00	374.00
1791.00	353.00
1792.00	379.00
1793.00	323.00
1794.00	356.00
1795.00	337.00
1796.00	350.00
1797.00	339.00
1798.00	315.00
1799.00	315.00
1800.00	328.00
1801.00	324.00
1802.00	315.00
1803.00	325.00
1804.00	314.00
1805.00	313.00
1806.00	323.00
1807.00	308.00
1808.00	328.00
1809.00	300.00
1810.00	278.00
1811.00	304.00
1812.00	254.00
1813.00	313.00
1814.00	296.00
1815.00	267.00
1816.00	297.00
1817.00	259.00
1818.00	294.00
1819.00	277.00
1820.00	247.00
1821.00	309.00
1822.00	254.00
1823.00	279.00
1824.00	234.00
1825.00	269.00
1826.00	255.00
1827.00	246.00
1828.00	219.00
1829.00	253.00
1830.00	242.00
1831.00	263.00
1832.00	223.00
1833.00	254.00
1834.00	234.00
1835.00	232.00
1836.00	232.00
1837.00	226.00
1838.00	244.00
1839.00	254.00
1840.00	236.00
1841.00	200.00
1842.00	231.00
1843.00	223.00
1844.00	221.00
1845.00	221.00
1846.00	206.00
1847.00	232.00
1848.00	230.00
1849.00	214.00
1850.00	216.00
1851.00	199.00
1852.00	165.00
1853.00	189.00
1854.00	198.00
1855.00	209.00
1856.00	188.00
1857.00	210.00
1858.00	199.00
1859.00	231.00
1860.00	194.00
1861.00	195.00
1862.00	215.00
1863.00	218.00
1864.00	229.00
1865.00	209.00
1866.00	195.00
1867.00	195.00
1868.00	190.00
1869.00	215.00
1870.00	213.00
1871.00	185.00
1872.00	195.00
1873.00	195.00
1874.00	185.00
1875.00	224.00
1876.00	231.00
1877.00	212.00
1878.00	221.00
1879.00	187.00
1880.00	231.00
1881.00	224.00
1882.00	242.00
1883.00	245.00
1884.00	213.00
1885.00	264.00
1886.00	232.00
1887.00	255.00
1888.00	259.00
1889.00	243.00
1890.00	247.00
1891.00	269.00
1892.00	259.00
1893.00	235.00
1894.00	228.00
1895.00	220.00
1896.00	214.00
1897.00	229.00
1898.00	221.00
1899.00	221.00
1900.00	221.00
1901.00	199.00
1902.00	195.00
1903.00	203.00
1904.00	195.00
1905.00	204.00
1906.00	195.00
1907.00	165.00
1908.00	158.00
1909.00	183.00
1910.00	177.00
1911.00	145.00
1912.00	184.00
1913.00	161.00
1914.00	185.00
1915.00	143.00
1916.00	191.00
1917.00	182.00
1918.00	194.00
1919.00	168.00
1920.00	164.00
1921.00	165.00
1922.00	173.00
1923.00	173.00
1924.00	171.00
1925.00	158.00
1926.00	165.00
1927.00	143.00
1928.00	150.00
1929.00	145.00
1930.00	154.00
1931.00	148.00
1932.00	146.00
1933.00	128.00
1934.00	130.00
1935.00	126.00
1936.00	142.00
1937.00	166.00
1938.00	140.00
1939.00	146.00
1940.00	135.00
1941.00	126.00
1942.00	115.00
1943.00	127.00
1944.00	142.00
1945.00	139.00
1946.00	138.00
1947.00	136.00
1948.00	133.00
1949.00	122.00
1950.00	112.00
1951.00	131.00
1952.00	119.00
1953.00	127.00
1954.00	142.00
1955.00	111.00
1956.00	115.00
1957.00	132.00
1958.00	108.00
1959.00	108.00
1960.00	118.00
1961.00	123.00
1962.00	114.00
1963.00	109.00
1964.00	115.00
1965.00	117.00
1966.00	123.00
1967.00	94.00
1968.00	108.00
1969.00	115.00
1970.00	95.00
1971.00	111.00
1972.00	125.00
1973.00	129.00
1974.00	120.00
1975.00	103.00
1976.00	98.00
1977.00	125.00
1978.00	126.00
1979.00	105.00
1980.00	115.00
1981.00	95.00
1982.00	125.00
1983.00	97.00
1984.00	110.00
1985.00	106.00
1986.00	113.00
1987.00	110.00
1988.00	93.00
1989.00	114.00
1990.00	112.00
1991.00	101.00
1992.00	106.00
1993.00	119.00
1994.00	100.00
1995.00	106.00
1996.00	89.00
1997.00	101.00
1998.00	92.00
1999.00	102.00
2000.00	96.00
2001.00	127.00
2002.00	92.00
2003.00	101.00
2004.00	88.00
2005.00	94.00
2006.00	91.00
2007.00	107.00
2008.00	99.00
2009.00	94.00
2010.00	110.00
2011.00	103.00
2012.00	91.00
2013.00	76.00
2014.00	110.00
2015.00	80.00
2016.00	83.00
2017.00	83.00
2018.00	76.00
2019.00	97.00
2020.00	93.00
2021.00	96.00
2022.00	83.00
2023.00	83.00
2024.00	93.00
2025.00	80.00
2026.00	95.00
2027.00	86.00
2028.00	86.00
2029.00	91.00
2030.00	79.00
2031.00	93.00
2032.00	78.00
2033.00	81.00
2034.00	74.00
2035.00	82.00
2036.00	84.00
2037.00	65.00
2038.00	98.00
2039.00	78.00
2040.00	73.00
2041.00	87.00
2042.00	79.00
2043.00	77.00
2044.00	67.00
2045.00	81.00
2046.00	90.00
2047.00	95.00
2048.00	 0.00
