Date:	2023-09-18		
Time:	20:45		
Sample name:	Pellets		
Position:	840.600011	mm	
Sample surface:	5.955787	cm	
Tube anode:	Mo		
Tube voltage:	30	kV	
Tube current:	50	mA	
Comments	not in position		
Gain	5.810000		
peaking_time	0.300000	m-sec	
trigger_threshold	30.000000	V	
mca_bin_width	2.000000	no:	
number_mca_channels	2048.000000	no:	
gap_time	0.100000	m-sec	
trigger_peaking_time	0.050000	m-sec	
livetime	17.321454	seconds	
runtime	20.000176	seconds	
input_count_rate	118804.173484	cps	
output_count_rate	102892.141977	cps	
triggers	2295419.000000	seconds	
events_in_run	2049294.000000	seconds	
channel	content		
 1.00	 0.00
 2.00	 0.00
 3.00	 0.00
 4.00	 0.00
 5.00	 0.00
 6.00	 0.00
 7.00	 0.00
 8.00	 0.00
 9.00	 0.00
10.00	 0.00
11.00	 0.00
12.00	 0.00
13.00	 0.00
14.00	 0.00
15.00	 0.00
16.00	 0.00
17.00	 0.00
18.00	 0.00
19.00	 0.00
20.00	 0.00
21.00	 0.00
22.00	 0.00
23.00	 0.00
24.00	 0.00
25.00	 0.00
26.00	 0.00
27.00	 0.00
28.00	 0.00
29.00	 0.00
30.00	 0.00
31.00	 1.00
32.00	 0.00
33.00	 0.00
34.00	 3.00
35.00	 5.00
36.00	 6.00
37.00	14.00
38.00	16.00
39.00	15.00
40.00	34.00
41.00	46.00
42.00	61.00
43.00	83.00
44.00	90.00
45.00	116.00
46.00	144.00
47.00	160.00
48.00	174.00
49.00	188.00
50.00	201.00
51.00	223.00
52.00	238.00
53.00	256.00
54.00	274.00
55.00	263.00
56.00	267.00
57.00	301.00
58.00	288.00
59.00	300.00
60.00	332.00
61.00	343.00
62.00	325.00
63.00	336.00
64.00	296.00
65.00	325.00
66.00	323.00
67.00	307.00
68.00	337.00
69.00	331.00
70.00	349.00
71.00	319.00
72.00	360.00
73.00	376.00
74.00	374.00
75.00	345.00
76.00	339.00
77.00	372.00
78.00	328.00
79.00	309.00
80.00	344.00
81.00	363.00
82.00	309.00
83.00	319.00
84.00	332.00
85.00	320.00
86.00	306.00
87.00	335.00
88.00	313.00
89.00	307.00
90.00	276.00
91.00	307.00
92.00	347.00
93.00	309.00
94.00	293.00
95.00	327.00
96.00	295.00
97.00	290.00
98.00	295.00
99.00	303.00
100.00	290.00
101.00	259.00
102.00	276.00
103.00	299.00
104.00	263.00
105.00	280.00
106.00	278.00
107.00	258.00
108.00	279.00
109.00	233.00
110.00	247.00
111.00	266.00
112.00	256.00
113.00	265.00
114.00	274.00
115.00	269.00
116.00	252.00
117.00	274.00
118.00	284.00
119.00	285.00
120.00	248.00
121.00	277.00
122.00	257.00
123.00	234.00
124.00	236.00
125.00	196.00
126.00	227.00
127.00	237.00
128.00	209.00
129.00	203.00
130.00	216.00
131.00	215.00
132.00	181.00
133.00	193.00
134.00	181.00
135.00	234.00
136.00	248.00
137.00	293.00
138.00	366.00
139.00	440.00
140.00	669.00
141.00	832.00
142.00	927.00
143.00	1141.00
144.00	1225.00
145.00	1182.00
146.00	1107.00
147.00	1026.00
148.00	923.00
149.00	839.00
150.00	725.00
151.00	658.00
152.00	593.00
153.00	560.00
154.00	531.00
155.00	467.00
156.00	474.00
157.00	423.00
158.00	400.00
159.00	533.00
160.00	775.00
161.00	1294.00
162.00	2043.00
163.00	3218.00
164.00	4904.00
165.00	6812.00
166.00	8993.00
167.00	10675.00
168.00	12098.00
169.00	12347.00
170.00	12019.00
171.00	10743.00
172.00	9179.00
173.00	7035.00
174.00	5420.00
175.00	3795.00
176.00	2697.00
177.00	1980.00
178.00	1481.00
179.00	1219.00
180.00	1104.00
181.00	964.00
182.00	976.00
183.00	1040.00
184.00	1209.00
185.00	1469.00
186.00	1582.00
187.00	1856.00
188.00	2135.00
189.00	2152.00
190.00	2135.00
191.00	1894.00
192.00	1665.00
193.00	1306.00
194.00	1091.00
195.00	839.00
196.00	617.00
197.00	476.00
198.00	366.00
199.00	323.00
200.00	288.00
201.00	213.00
202.00	225.00
203.00	250.00
204.00	230.00
205.00	243.00
206.00	233.00
207.00	246.00
208.00	197.00
209.00	250.00
210.00	245.00
211.00	202.00
212.00	250.00
213.00	269.00
214.00	292.00
215.00	321.00
216.00	398.00
217.00	367.00
218.00	444.00
219.00	459.00
220.00	445.00
221.00	473.00
222.00	444.00
223.00	407.00
224.00	427.00
225.00	335.00
226.00	307.00
227.00	299.00
228.00	267.00
229.00	240.00
230.00	240.00
231.00	230.00
232.00	223.00
233.00	180.00
234.00	200.00
235.00	205.00
236.00	184.00
237.00	201.00
238.00	213.00
239.00	202.00
240.00	202.00
241.00	201.00
242.00	210.00
243.00	211.00
244.00	179.00
245.00	226.00
246.00	196.00
247.00	196.00
248.00	205.00
249.00	213.00
250.00	222.00
251.00	223.00
252.00	218.00
253.00	219.00
254.00	235.00
255.00	244.00
256.00	239.00
257.00	242.00
258.00	237.00
259.00	252.00
260.00	220.00
261.00	248.00
262.00	235.00
263.00	284.00
264.00	279.00
265.00	301.00
266.00	311.00
267.00	309.00
268.00	301.00
269.00	350.00
270.00	299.00
271.00	320.00
272.00	302.00
273.00	315.00
274.00	283.00
275.00	287.00
276.00	314.00
277.00	380.00
278.00	451.00
279.00	582.00
280.00	736.00
281.00	968.00
282.00	1295.00
283.00	1567.00
284.00	1757.00
285.00	1964.00
286.00	2111.00
287.00	2192.00
288.00	2133.00
289.00	1966.00
290.00	1610.00
291.00	1428.00
292.00	1186.00
293.00	952.00
294.00	755.00
295.00	544.00
296.00	480.00
297.00	404.00
298.00	366.00
299.00	376.00
300.00	352.00
301.00	348.00
302.00	359.00
303.00	437.00
304.00	498.00
305.00	522.00
306.00	586.00
307.00	714.00
308.00	905.00
309.00	1124.00
310.00	1471.00
311.00	2159.00
312.00	3006.00
313.00	4317.00
314.00	6149.00
315.00	8518.00
316.00	11037.00
317.00	14025.00
318.00	16975.00
319.00	19415.00
320.00	20900.00
321.00	21379.00
322.00	21165.00
323.00	19673.00
324.00	17373.00
325.00	14800.00
326.00	11830.00
327.00	9038.00
328.00	6522.00
329.00	4686.00
330.00	3142.00
331.00	2130.00
332.00	1460.00
333.00	953.00
334.00	803.00
335.00	694.00
336.00	752.00
337.00	845.00
338.00	975.00
339.00	1249.00
340.00	1646.00
341.00	2161.00
342.00	2874.00
343.00	3792.00
344.00	5365.00
345.00	7511.00
346.00	10899.00
347.00	16114.00
348.00	23586.00
349.00	33391.00
350.00	46424.00
351.00	63679.00
352.00	83243.00
353.00	104413.00
354.00	125641.00
355.00	143848.00
356.00	158548.00
357.00	165043.00
358.00	165404.00
359.00	157977.00
360.00	142095.00
361.00	123595.00
362.00	101977.00
363.00	80650.00
364.00	60736.00
365.00	43579.00
366.00	29838.00
367.00	19982.00
368.00	12719.00
369.00	7792.00
370.00	4877.00
371.00	3021.00
372.00	2060.00
373.00	1679.00
374.00	1550.00
375.00	1678.00
376.00	1860.00
377.00	2484.00
378.00	3398.00
379.00	4400.00
380.00	6029.00
381.00	7973.00
382.00	10405.00
383.00	13286.00
384.00	16219.00
385.00	18982.00
386.00	21630.00
387.00	23417.00
388.00	24995.00
389.00	24629.00
390.00	23760.00
391.00	21715.00
392.00	19553.00
393.00	16538.00
394.00	13139.00
395.00	10499.00
396.00	7738.00
397.00	5625.00
398.00	3958.00
399.00	2646.00
400.00	1817.00
401.00	1246.00
402.00	909.00
403.00	636.00
404.00	502.00
405.00	412.00
406.00	363.00
407.00	308.00
408.00	324.00
409.00	316.00
410.00	262.00
411.00	298.00
412.00	310.00
413.00	306.00
414.00	317.00
415.00	349.00
416.00	353.00
417.00	403.00
418.00	409.00
419.00	408.00
420.00	465.00
421.00	607.00
422.00	718.00
423.00	903.00
424.00	1266.00
425.00	1653.00
426.00	2363.00
427.00	3203.00
428.00	4321.00
429.00	5717.00
430.00	7467.00
431.00	8895.00
432.00	10633.00
433.00	12454.00
434.00	13372.00
435.00	14633.00
436.00	15042.00
437.00	14680.00
438.00	14182.00
439.00	12819.00
440.00	11483.00
441.00	9803.00
442.00	8209.00
443.00	6880.00
444.00	5465.00
445.00	4358.00
446.00	3738.00
447.00	3052.00
448.00	2760.00
449.00	2542.00
450.00	2367.00
451.00	2229.00
452.00	2050.00
453.00	1910.00
454.00	1730.00
455.00	1523.00
456.00	1366.00
457.00	1239.00
458.00	1138.00
459.00	1096.00
460.00	1076.00
461.00	992.00
462.00	1205.00
463.00	1209.00
464.00	1404.00
465.00	1485.00
466.00	1600.00
467.00	1881.00
468.00	1928.00
469.00	2245.00
470.00	2381.00
471.00	2711.00
472.00	2918.00
473.00	3354.00
474.00	3470.00
475.00	3810.00
476.00	3928.00
477.00	3930.00
478.00	3953.00
479.00	3762.00
480.00	3511.00
481.00	3153.00
482.00	2877.00
483.00	2560.00
484.00	2047.00
485.00	1836.00
486.00	1593.00
487.00	1288.00
488.00	1116.00
489.00	978.00
490.00	891.00
491.00	835.00
492.00	838.00
493.00	846.00
494.00	857.00
495.00	860.00
496.00	890.00
497.00	888.00
498.00	952.00
499.00	994.00
500.00	957.00
501.00	1061.00
502.00	1061.00
503.00	1085.00
504.00	1050.00
505.00	1130.00
506.00	1172.00
507.00	1184.00
508.00	1283.00
509.00	1308.00
510.00	1273.00
511.00	1406.00
512.00	1320.00
513.00	1362.00
514.00	1547.00
515.00	1591.00
516.00	1665.00
517.00	1794.00
518.00	1872.00
519.00	1974.00
520.00	2141.00
521.00	2089.00
522.00	2262.00
523.00	2237.00
524.00	2282.00
525.00	2344.00
526.00	2153.00
527.00	1997.00
528.00	2016.00
529.00	1819.00
530.00	1822.00
531.00	1641.00
532.00	1571.00
533.00	1534.00
534.00	1454.00
535.00	1491.00
536.00	1427.00
537.00	1438.00
538.00	1468.00
539.00	1459.00
540.00	1473.00
541.00	1459.00
542.00	1402.00
543.00	1546.00
544.00	1478.00
545.00	1476.00
546.00	1541.00
547.00	1578.00
548.00	1549.00
549.00	1637.00
550.00	1571.00
551.00	1570.00
552.00	1643.00
553.00	1869.00
554.00	1896.00
555.00	2062.00
556.00	2477.00
557.00	2833.00
558.00	3391.00
559.00	4186.00
560.00	5149.00
561.00	6427.00
562.00	7942.00
563.00	9653.00
564.00	11506.00
565.00	13487.00
566.00	15324.00
567.00	16924.00
568.00	18112.00
569.00	18688.00
570.00	19036.00
571.00	18559.00
572.00	17621.00
573.00	16197.00
574.00	14562.00
575.00	12921.00
576.00	10750.00
577.00	8883.00
578.00	7263.00
579.00	5925.00
580.00	4675.00
581.00	3784.00
582.00	3100.00
583.00	2685.00
584.00	2269.00
585.00	2193.00
586.00	1962.00
587.00	1874.00
588.00	2020.00
589.00	1971.00
590.00	2042.00
591.00	2173.00
592.00	2165.00
593.00	2343.00
594.00	2500.00
595.00	2777.00
596.00	2954.00
597.00	3226.00
598.00	3879.00
599.00	4667.00
600.00	6271.00
601.00	8160.00
602.00	11377.00
603.00	15987.00
604.00	22779.00
605.00	32502.00
606.00	45558.00
607.00	63216.00
608.00	86116.00
609.00	114483.00
610.00	148135.00
611.00	186824.00
612.00	230625.00
613.00	273976.00
614.00	317358.00
615.00	354736.00
616.00	388633.00
617.00	412913.00
618.00	421942.00
619.00	421905.00
620.00	407303.00
621.00	383628.00
622.00	349107.00
623.00	306849.00
624.00	264462.00
625.00	219770.00
626.00	177633.00
627.00	140345.00
628.00	107543.00
629.00	80508.00
630.00	58510.00
631.00	41737.00
632.00	29633.00
633.00	20580.00
634.00	14361.00
635.00	10403.00
636.00	7576.00
637.00	5915.00
638.00	4546.00
639.00	3989.00
640.00	3485.00
641.00	3346.00
642.00	3315.00
643.00	3094.00
644.00	2961.00
645.00	2948.00
646.00	3048.00
647.00	3011.00
648.00	3051.00
649.00	3074.00
650.00	3182.00
651.00	3229.00
652.00	3183.00
653.00	3353.00
654.00	3465.00
655.00	3475.00
656.00	3647.00
657.00	3783.00
658.00	3816.00
659.00	4090.00
660.00	4298.00
661.00	4504.00
662.00	4849.00
663.00	5174.00
664.00	5783.00
665.00	6558.00
666.00	7377.00
667.00	8807.00
668.00	10490.00
669.00	12893.00
670.00	15838.00
671.00	19264.00
672.00	23937.00
673.00	28887.00
674.00	34334.00
675.00	40667.00
676.00	46837.00
677.00	53267.00
678.00	58599.00
679.00	62711.00
680.00	66706.00
681.00	67864.00
682.00	68385.00
683.00	65953.00
684.00	62900.00
685.00	58018.00
686.00	52166.00
687.00	45773.00
688.00	39195.00
689.00	32960.00
690.00	27063.00
691.00	21624.00
692.00	17048.00
693.00	13211.00
694.00	10318.00
695.00	8030.00
696.00	6121.00
697.00	5001.00
698.00	4102.00
699.00	3691.00
700.00	3196.00
701.00	3016.00
702.00	2930.00
703.00	2761.00
704.00	2779.00
705.00	2854.00
706.00	2881.00
707.00	2878.00
708.00	3028.00
709.00	3100.00
710.00	3262.00
711.00	3377.00
712.00	3451.00
713.00	3586.00
714.00	3856.00
715.00	4018.00
716.00	4267.00
717.00	4311.00
718.00	4659.00
719.00	4826.00
720.00	4739.00
721.00	4851.00
722.00	4847.00
723.00	4733.00
724.00	4725.00
725.00	4585.00
726.00	4376.00
727.00	4100.00
728.00	3937.00
729.00	3705.00
730.00	3616.00
731.00	3463.00
732.00	3388.00
733.00	3267.00
734.00	3104.00
735.00	3165.00
736.00	3034.00
737.00	3028.00
738.00	2909.00
739.00	2901.00
740.00	2874.00
741.00	2883.00
742.00	2825.00
743.00	2857.00
744.00	2918.00
745.00	2853.00
746.00	2862.00
747.00	2799.00
748.00	2895.00
749.00	2829.00
750.00	2815.00
751.00	2858.00
752.00	2767.00
753.00	2829.00
754.00	2843.00
755.00	2897.00
756.00	2976.00
757.00	2867.00
758.00	3021.00
759.00	3025.00
760.00	3086.00
761.00	3166.00
762.00	3209.00
763.00	3221.00
764.00	3335.00
765.00	3287.00
766.00	3543.00
767.00	3597.00
768.00	3759.00
769.00	3853.00
770.00	4079.00
771.00	4058.00
772.00	4249.00
773.00	4549.00
774.00	4471.00
775.00	4576.00
776.00	4716.00
777.00	4711.00
778.00	4688.00
779.00	4705.00
780.00	4708.00
781.00	4571.00
782.00	4565.00
783.00	4510.00
784.00	4533.00
785.00	4456.00
786.00	4483.00
787.00	4405.00
788.00	4346.00
789.00	4549.00
790.00	4500.00
791.00	4433.00
792.00	4527.00
793.00	4468.00
794.00	4569.00
795.00	4515.00
796.00	4625.00
797.00	4692.00
798.00	4830.00
799.00	4690.00
800.00	4810.00
801.00	4851.00
802.00	4894.00
803.00	4863.00
804.00	4938.00
805.00	4828.00
806.00	4825.00
807.00	4941.00
808.00	4962.00
809.00	4771.00
810.00	4896.00
811.00	4927.00
812.00	4914.00
813.00	4898.00
814.00	4865.00
815.00	4889.00
816.00	4884.00
817.00	4944.00
818.00	4988.00
819.00	4999.00
820.00	5143.00
821.00	5376.00
822.00	5549.00
823.00	5464.00
824.00	5866.00
825.00	6280.00
826.00	6587.00
827.00	6991.00
828.00	7140.00
829.00	7525.00
830.00	7660.00
831.00	7832.00
832.00	8002.00
833.00	8112.00
834.00	7957.00
835.00	7983.00
836.00	7753.00
837.00	7538.00
838.00	7306.00
839.00	7118.00
840.00	6592.00
841.00	6360.00
842.00	5968.00
843.00	5795.00
844.00	5817.00
845.00	5351.00
846.00	5240.00
847.00	5151.00
848.00	5192.00
849.00	5049.00
850.00	4894.00
851.00	5005.00
852.00	5004.00
853.00	5099.00
854.00	4926.00
855.00	4962.00
856.00	5022.00
857.00	5045.00
858.00	5116.00
859.00	5012.00
860.00	5047.00
861.00	5043.00
862.00	4895.00
863.00	4956.00
864.00	5056.00
865.00	4924.00
866.00	5047.00
867.00	5067.00
868.00	5022.00
869.00	5012.00
870.00	5061.00
871.00	5005.00
872.00	5019.00
873.00	5004.00
874.00	5116.00
875.00	5110.00
876.00	5050.00
877.00	5185.00
878.00	5274.00
879.00	5291.00
880.00	5216.00
881.00	5271.00
882.00	5601.00
883.00	5395.00
884.00	5446.00
885.00	5527.00
886.00	5665.00
887.00	5676.00
888.00	5579.00
889.00	5819.00
890.00	5923.00
891.00	5852.00
892.00	5955.00
893.00	5834.00
894.00	5996.00
895.00	6033.00
896.00	5793.00
897.00	5860.00
898.00	5966.00
899.00	5837.00
900.00	5808.00
901.00	5936.00
902.00	5891.00
903.00	5971.00
904.00	5733.00
905.00	5853.00
906.00	5772.00
907.00	5821.00
908.00	5855.00
909.00	5885.00
910.00	5857.00
911.00	5887.00
912.00	6018.00
913.00	6048.00
914.00	6199.00
915.00	6083.00
916.00	6066.00
917.00	6218.00
918.00	6391.00
919.00	6390.00
920.00	6563.00
921.00	6539.00
922.00	6523.00
923.00	6670.00
924.00	6574.00
925.00	6454.00
926.00	6671.00
927.00	6687.00
928.00	6558.00
929.00	6518.00
930.00	6511.00
931.00	6474.00
932.00	6407.00
933.00	6525.00
934.00	6529.00
935.00	6359.00
936.00	6307.00
937.00	6226.00
938.00	6173.00
939.00	6155.00
940.00	6264.00
941.00	6163.00
942.00	6158.00
943.00	6160.00
944.00	6177.00
945.00	6038.00
946.00	6140.00
947.00	6053.00
948.00	6113.00
949.00	6092.00
950.00	6052.00
951.00	6073.00
952.00	5950.00
953.00	6265.00
954.00	6181.00
955.00	6210.00
956.00	6220.00
957.00	6061.00
958.00	6289.00
959.00	6193.00
960.00	6312.00
961.00	6197.00
962.00	6466.00
963.00	6383.00
964.00	6361.00
965.00	6444.00
966.00	6425.00
967.00	6344.00
968.00	6505.00
969.00	6630.00
970.00	6596.00
971.00	6776.00
972.00	6651.00
973.00	6654.00
974.00	6718.00
975.00	6570.00
976.00	6769.00
977.00	6606.00
978.00	6646.00
979.00	6460.00
980.00	6456.00
981.00	6574.00
982.00	6512.00
983.00	6410.00
984.00	6448.00
985.00	6401.00
986.00	6312.00
987.00	6467.00
988.00	6194.00
989.00	6364.00
990.00	6283.00
991.00	6209.00
992.00	6241.00
993.00	6341.00
994.00	6384.00
995.00	6410.00
996.00	6451.00
997.00	6306.00
998.00	6245.00
999.00	6425.00
1000.00	6451.00
1001.00	6424.00
1002.00	6451.00
1003.00	6380.00
1004.00	6474.00
1005.00	6400.00
1006.00	6521.00
1007.00	6391.00
1008.00	6627.00
1009.00	6679.00
1010.00	6646.00
1011.00	6698.00
1012.00	6629.00
1013.00	6716.00
1014.00	6728.00
1015.00	6772.00
1016.00	6853.00
1017.00	6875.00
1018.00	6914.00
1019.00	6826.00
1020.00	6773.00
1021.00	6729.00
1022.00	6698.00
1023.00	6658.00
1024.00	6574.00
1025.00	6473.00
1026.00	6598.00
1027.00	6438.00
1028.00	6514.00
1029.00	6469.00
1030.00	6345.00
1031.00	6362.00
1032.00	6368.00
1033.00	6585.00
1034.00	6433.00
1035.00	6405.00
1036.00	6444.00
1037.00	6382.00
1038.00	6518.00
1039.00	6481.00
1040.00	6348.00
1041.00	6503.00
1042.00	6350.00
1043.00	6528.00
1044.00	6561.00
1045.00	6438.00
1046.00	6602.00
1047.00	6504.00
1048.00	6639.00
1049.00	6343.00
1050.00	6679.00
1051.00	6419.00
1052.00	6647.00
1053.00	6544.00
1054.00	6548.00
1055.00	6585.00
1056.00	6552.00
1057.00	6459.00
1058.00	6576.00
1059.00	6659.00
1060.00	6353.00
1061.00	6461.00
1062.00	6535.00
1063.00	6605.00
1064.00	6505.00
1065.00	6595.00
1066.00	6631.00
1067.00	6660.00
1068.00	6655.00
1069.00	6590.00
1070.00	6480.00
1071.00	6606.00
1072.00	6537.00
1073.00	6708.00
1074.00	6637.00
1075.00	6703.00
1076.00	6680.00
1077.00	6689.00
1078.00	6629.00
1079.00	6686.00
1080.00	6805.00
1081.00	6861.00
1082.00	6631.00
1083.00	6704.00
1084.00	6680.00
1085.00	6685.00
1086.00	6693.00
1087.00	6661.00
1088.00	6808.00
1089.00	6886.00
1090.00	6827.00
1091.00	6831.00
1092.00	6717.00
1093.00	6792.00
1094.00	6757.00
1095.00	6869.00
1096.00	6826.00
1097.00	6815.00
1098.00	6737.00
1099.00	6837.00
1100.00	6699.00
1101.00	6685.00
1102.00	6805.00
1103.00	6724.00
1104.00	7041.00
1105.00	6873.00
1106.00	6763.00
1107.00	6858.00
1108.00	6789.00
1109.00	6837.00
1110.00	6896.00
1111.00	6951.00
1112.00	6882.00
1113.00	6858.00
1114.00	6937.00
1115.00	6806.00
1116.00	7045.00
1117.00	6924.00
1118.00	6937.00
1119.00	6814.00
1120.00	7053.00
1121.00	6899.00
1122.00	6861.00
1123.00	6907.00
1124.00	6967.00
1125.00	6801.00
1126.00	6897.00
1127.00	6955.00
1128.00	7027.00
1129.00	7084.00
1130.00	7092.00
1131.00	6886.00
1132.00	6907.00
1133.00	6798.00
1134.00	7047.00
1135.00	7029.00
1136.00	7012.00
1137.00	7073.00
1138.00	7054.00
1139.00	7008.00
1140.00	7020.00
1141.00	6901.00
1142.00	6861.00
1143.00	7014.00
1144.00	6996.00
1145.00	6919.00
1146.00	6985.00
1147.00	7031.00
1148.00	7016.00
1149.00	6946.00
1150.00	6793.00
1151.00	6898.00
1152.00	6909.00
1153.00	6956.00
1154.00	7087.00
1155.00	6946.00
1156.00	6856.00
1157.00	6910.00
1158.00	6801.00
1159.00	6835.00
1160.00	6834.00
1161.00	6665.00
1162.00	6796.00
1163.00	6634.00
1164.00	6786.00
1165.00	6592.00
1166.00	6851.00
1167.00	6656.00
1168.00	6773.00
1169.00	6754.00
1170.00	6799.00
1171.00	6735.00
1172.00	6726.00
1173.00	6801.00
1174.00	6809.00
1175.00	6615.00
1176.00	6785.00
1177.00	6806.00
1178.00	6777.00
1179.00	6760.00
1180.00	6836.00
1181.00	6543.00
1182.00	6746.00
1183.00	6790.00
1184.00	6880.00
1185.00	6861.00
1186.00	6862.00
1187.00	6816.00
1188.00	6774.00
1189.00	6809.00
1190.00	6874.00
1191.00	6822.00
1192.00	6922.00
1193.00	6740.00
1194.00	6875.00
1195.00	6858.00
1196.00	6838.00
1197.00	6844.00
1198.00	6747.00
1199.00	6878.00
1200.00	6771.00
1201.00	6825.00
1202.00	6821.00
1203.00	7021.00
1204.00	6791.00
1205.00	6876.00
1206.00	6852.00
1207.00	7027.00
1208.00	6849.00
1209.00	7035.00
1210.00	7095.00
1211.00	7219.00
1212.00	7167.00
1213.00	7121.00
1214.00	7220.00
1215.00	7166.00
1216.00	7073.00
1217.00	7219.00
1218.00	7168.00
1219.00	7091.00
1220.00	7311.00
1221.00	7360.00
1222.00	7359.00
1223.00	7359.00
1224.00	7402.00
1225.00	7318.00
1226.00	7624.00
1227.00	7268.00
1228.00	7392.00
1229.00	7603.00
1230.00	7445.00
1231.00	7643.00
1232.00	7711.00
1233.00	7714.00
1234.00	7524.00
1235.00	7599.00
1236.00	7574.00
1237.00	7530.00
1238.00	7540.00
1239.00	7596.00
1240.00	7375.00
1241.00	7325.00
1242.00	7154.00
1243.00	7284.00
1244.00	7067.00
1245.00	7216.00
1246.00	7102.00
1247.00	6962.00
1248.00	6944.00
1249.00	6874.00
1250.00	6888.00
1251.00	6839.00
1252.00	6850.00
1253.00	6944.00
1254.00	6941.00
1255.00	6833.00
1256.00	6843.00
1257.00	6774.00
1258.00	6731.00
1259.00	6848.00
1260.00	6806.00
1261.00	6808.00
1262.00	6751.00
1263.00	6707.00
1264.00	6680.00
1265.00	6762.00
1266.00	6803.00
1267.00	6685.00
1268.00	6760.00
1269.00	6890.00
1270.00	6968.00
1271.00	6769.00
1272.00	6821.00
1273.00	6938.00
1274.00	6993.00
1275.00	7140.00
1276.00	7057.00
1277.00	7228.00
1278.00	7263.00
1279.00	7470.00
1280.00	7497.00
1281.00	7562.00
1282.00	7718.00
1283.00	7786.00
1284.00	8060.00
1285.00	8100.00
1286.00	8062.00
1287.00	8116.00
1288.00	8261.00
1289.00	8407.00
1290.00	8400.00
1291.00	8419.00
1292.00	8405.00
1293.00	8373.00
1294.00	8274.00
1295.00	8084.00
1296.00	8178.00
1297.00	8068.00
1298.00	7731.00
1299.00	7683.00
1300.00	7462.00
1301.00	7412.00
1302.00	7432.00
1303.00	7311.00
1304.00	7311.00
1305.00	7017.00
1306.00	7143.00
1307.00	6994.00
1308.00	6890.00
1309.00	6784.00
1310.00	6649.00
1311.00	6826.00
1312.00	6664.00
1313.00	6750.00
1314.00	6699.00
1315.00	6766.00
1316.00	6583.00
1317.00	6672.00
1318.00	6636.00
1319.00	6553.00
1320.00	6622.00
1321.00	6503.00
1322.00	6541.00
1323.00	6633.00
1324.00	6687.00
1325.00	6555.00
1326.00	6648.00
1327.00	6513.00
1328.00	6626.00
1329.00	6548.00
1330.00	6444.00
1331.00	6491.00
1332.00	6593.00
1333.00	6565.00
1334.00	6447.00
1335.00	6443.00
1336.00	6715.00
1337.00	6506.00
1338.00	6429.00
1339.00	6635.00
1340.00	6629.00
1341.00	6652.00
1342.00	6530.00
1343.00	6726.00
1344.00	6773.00
1345.00	6778.00
1346.00	6922.00
1347.00	7121.00
1348.00	7174.00
1349.00	7401.00
1350.00	7634.00
1351.00	7732.00
1352.00	8141.00
1353.00	8222.00
1354.00	8504.00
1355.00	8806.00
1356.00	9012.00
1357.00	9330.00
1358.00	9583.00
1359.00	9711.00
1360.00	9796.00
1361.00	10072.00
1362.00	10107.00
1363.00	10276.00
1364.00	9888.00
1365.00	10162.00
1366.00	10123.00
1367.00	10055.00
1368.00	9750.00
1369.00	9507.00
1370.00	9300.00
1371.00	9151.00
1372.00	8958.00
1373.00	8512.00
1374.00	8322.00
1375.00	8013.00
1376.00	7727.00
1377.00	7252.00
1378.00	7262.00
1379.00	7069.00
1380.00	6702.00
1381.00	6691.00
1382.00	6529.00
1383.00	6476.00
1384.00	6407.00
1385.00	6284.00
1386.00	6177.00
1387.00	6177.00
1388.00	5968.00
1389.00	5948.00
1390.00	5999.00
1391.00	5985.00
1392.00	5957.00
1393.00	5931.00
1394.00	5975.00
1395.00	5997.00
1396.00	5815.00
1397.00	5858.00
1398.00	5972.00
1399.00	6040.00
1400.00	6018.00
1401.00	5897.00
1402.00	5955.00
1403.00	5775.00
1404.00	5898.00
1405.00	5694.00
1406.00	5824.00
1407.00	5931.00
1408.00	5740.00
1409.00	5760.00
1410.00	5643.00
1411.00	5900.00
1412.00	5806.00
1413.00	5704.00
1414.00	5976.00
1415.00	5731.00
1416.00	5870.00
1417.00	5910.00
1418.00	5862.00
1419.00	5758.00
1420.00	5761.00
1421.00	5747.00
1422.00	5846.00
1423.00	5957.00
1424.00	5824.00
1425.00	5826.00
1426.00	5796.00
1427.00	5926.00
1428.00	6027.00
1429.00	5990.00
1430.00	6044.00
1431.00	5920.00
1432.00	6011.00
1433.00	6026.00
1434.00	6150.00
1435.00	6053.00
1436.00	6160.00
1437.00	6094.00
1438.00	6175.00
1439.00	6205.00
1440.00	6099.00
1441.00	6126.00
1442.00	6262.00
1443.00	6080.00
1444.00	6196.00
1445.00	6270.00
1446.00	6000.00
1447.00	5951.00
1448.00	6207.00
1449.00	5991.00
1450.00	5914.00
1451.00	5869.00
1452.00	5875.00
1453.00	5874.00
1454.00	5721.00
1455.00	5819.00
1456.00	5704.00
1457.00	5787.00
1458.00	5777.00
1459.00	5720.00
1460.00	5605.00
1461.00	5485.00
1462.00	5725.00
1463.00	5584.00
1464.00	5476.00
1465.00	5553.00
1466.00	5615.00
1467.00	5496.00
1468.00	5492.00
1469.00	5616.00
1470.00	5470.00
1471.00	5475.00
1472.00	5415.00
1473.00	5474.00
1474.00	5390.00
1475.00	5379.00
1476.00	5586.00
1477.00	5490.00
1478.00	5535.00
1479.00	5483.00
1480.00	5467.00
1481.00	5500.00
1482.00	5349.00
1483.00	5384.00
1484.00	5536.00
1485.00	5343.00
1486.00	5394.00
1487.00	5523.00
1488.00	5311.00
1489.00	5302.00
1490.00	5394.00
1491.00	5427.00
1492.00	5560.00
1493.00	5450.00
1494.00	5485.00
1495.00	5568.00
1496.00	5485.00
1497.00	5425.00
1498.00	5498.00
1499.00	5451.00
1500.00	5548.00
1501.00	5447.00
1502.00	5657.00
1503.00	5717.00
1504.00	5718.00
1505.00	5767.00
1506.00	5843.00
1507.00	5694.00
1508.00	6044.00
1509.00	5968.00
1510.00	6007.00
1511.00	6184.00
1512.00	6131.00
1513.00	6349.00
1514.00	6415.00
1515.00	6473.00
1516.00	6440.00
1517.00	6560.00
1518.00	6485.00
1519.00	6718.00
1520.00	6680.00
1521.00	6754.00
1522.00	6768.00
1523.00	6660.00
1524.00	6747.00
1525.00	6913.00
1526.00	6842.00
1527.00	6758.00
1528.00	6623.00
1529.00	6614.00
1530.00	6631.00
1531.00	6465.00
1532.00	6445.00
1533.00	6373.00
1534.00	6195.00
1535.00	6255.00
1536.00	6119.00
1537.00	6122.00
1538.00	6155.00
1539.00	6147.00
1540.00	6211.00
1541.00	5939.00
1542.00	6055.00
1543.00	6107.00
1544.00	6050.00
1545.00	6059.00
1546.00	5972.00
1547.00	6195.00
1548.00	6156.00
1549.00	6328.00
1550.00	6338.00
1551.00	6486.00
1552.00	6295.00
1553.00	6377.00
1554.00	6640.00
1555.00	6576.00
1556.00	6763.00
1557.00	6539.00
1558.00	6776.00
1559.00	6799.00
1560.00	6902.00
1561.00	6871.00
1562.00	7152.00
1563.00	7320.00
1564.00	7412.00
1565.00	7760.00
1566.00	7427.00
1567.00	7664.00
1568.00	7905.00
1569.00	7967.00
1570.00	8103.00
1571.00	8119.00
1572.00	8326.00
1573.00	8418.00
1574.00	8362.00
1575.00	8470.00
1576.00	8827.00
1577.00	8829.00
1578.00	8853.00
1579.00	8960.00
1580.00	9093.00
1581.00	8971.00
1582.00	9493.00
1583.00	9597.00
1584.00	9351.00
1585.00	9407.00
1586.00	9316.00
1587.00	9337.00
1588.00	9349.00
1589.00	9374.00
1590.00	9428.00
1591.00	9444.00
1592.00	9255.00
1593.00	9197.00
1594.00	9205.00
1595.00	9238.00
1596.00	9233.00
1597.00	9093.00
1598.00	8839.00
1599.00	8843.00
1600.00	8874.00
1601.00	8888.00
1602.00	8671.00
1603.00	8589.00
1604.00	8507.00
1605.00	8365.00
1606.00	8198.00
1607.00	7980.00
1608.00	7970.00
1609.00	7614.00
1610.00	7625.00
1611.00	7571.00
1612.00	7393.00
1613.00	7114.00
1614.00	7252.00
1615.00	7042.00
1616.00	6977.00
1617.00	6743.00
1618.00	6713.00
1619.00	6536.00
1620.00	6557.00
1621.00	6351.00
1622.00	6224.00
1623.00	6141.00
1624.00	5889.00
1625.00	5899.00
1626.00	5889.00
1627.00	5739.00
1628.00	5668.00
1629.00	5381.00
1630.00	5511.00
1631.00	5420.00
1632.00	5384.00
1633.00	5132.00
1634.00	5146.00
1635.00	5315.00
1636.00	5113.00
1637.00	4928.00
1638.00	4847.00
1639.00	4777.00
1640.00	4905.00
1641.00	4756.00
1642.00	4759.00
1643.00	4713.00
1644.00	4677.00
1645.00	4646.00
1646.00	4548.00
1647.00	4553.00
1648.00	4469.00
1649.00	4501.00
1650.00	4513.00
1651.00	4485.00
1652.00	4460.00
1653.00	4407.00
1654.00	4459.00
1655.00	4529.00
1656.00	4543.00
1657.00	4508.00
1658.00	4566.00
1659.00	4530.00
1660.00	4858.00
1661.00	4856.00
1662.00	4894.00
1663.00	5167.00
1664.00	5036.00
1665.00	5470.00
1666.00	5510.00
1667.00	5643.00
1668.00	5908.00
1669.00	6372.00
1670.00	6234.00
1671.00	6471.00
1672.00	6854.00
1673.00	7243.00
1674.00	7220.00
1675.00	7608.00
1676.00	7857.00
1677.00	7991.00
1678.00	8054.00
1679.00	8240.00
1680.00	8473.00
1681.00	8423.00
1682.00	8446.00
1683.00	8476.00
1684.00	8395.00
1685.00	8389.00
1686.00	8250.00
1687.00	7961.00
1688.00	7856.00
1689.00	7466.00
1690.00	7295.00
1691.00	6988.00
1692.00	6655.00
1693.00	6300.00
1694.00	6095.00
1695.00	5792.00
1696.00	5507.00
1697.00	5296.00
1698.00	5081.00
1699.00	4775.00
1700.00	4515.00
1701.00	4363.00
1702.00	4159.00
1703.00	4181.00
1704.00	4060.00
1705.00	3968.00
1706.00	3833.00
1707.00	3766.00
1708.00	3715.00
1709.00	3654.00
1710.00	3681.00
1711.00	3551.00
1712.00	3524.00
1713.00	3437.00
1714.00	3515.00
1715.00	3480.00
1716.00	3558.00
1717.00	3315.00
1718.00	3455.00
1719.00	3452.00
1720.00	3416.00
1721.00	3500.00
1722.00	3400.00
1723.00	3483.00
1724.00	3341.00
1725.00	3357.00
1726.00	3447.00
1727.00	3301.00
1728.00	3493.00
1729.00	3296.00
1730.00	3417.00
1731.00	3432.00
1732.00	3372.00
1733.00	3325.00
1734.00	3373.00
1735.00	3472.00
1736.00	3303.00
1737.00	3418.00
1738.00	3470.00
1739.00	3429.00
1740.00	3432.00
1741.00	3454.00
1742.00	3344.00
1743.00	3464.00
1744.00	3396.00
1745.00	3387.00
1746.00	3375.00
1747.00	3500.00
1748.00	3448.00
1749.00	3395.00
1750.00	3396.00
1751.00	3511.00
1752.00	3537.00
1753.00	3491.00
1754.00	3564.00
1755.00	3587.00
1756.00	3487.00
1757.00	3572.00
1758.00	3445.00
1759.00	3512.00
1760.00	3466.00
1761.00	3562.00
1762.00	3531.00
1763.00	3573.00
1764.00	3504.00
1765.00	3491.00
1766.00	3514.00
1767.00	3598.00
1768.00	3697.00
1769.00	3470.00
1770.00	3536.00
1771.00	3483.00
1772.00	3602.00
1773.00	3436.00
1774.00	3569.00
1775.00	3475.00
1776.00	3442.00
1777.00	3512.00
1778.00	3452.00
1779.00	3451.00
1780.00	3456.00
1781.00	3354.00
1782.00	3422.00
1783.00	3410.00
1784.00	3350.00
1785.00	3254.00
1786.00	3295.00
1787.00	3228.00
1788.00	3259.00
1789.00	3224.00
1790.00	3245.00
1791.00	3108.00
1792.00	3185.00
1793.00	3188.00
1794.00	3097.00
1795.00	3116.00
1796.00	2969.00
1797.00	2992.00
1798.00	2997.00
1799.00	2930.00
1800.00	2934.00
1801.00	2887.00
1802.00	2907.00
1803.00	2808.00
1804.00	2796.00
1805.00	2737.00
1806.00	2699.00
1807.00	2682.00
1808.00	2640.00
1809.00	2663.00
1810.00	2616.00
1811.00	2607.00
1812.00	2657.00
1813.00	2490.00
1814.00	2511.00
1815.00	2530.00
1816.00	2441.00
1817.00	2421.00
1818.00	2431.00
1819.00	2463.00
1820.00	2337.00
1821.00	2379.00
1822.00	2340.00
1823.00	2365.00
1824.00	2367.00
1825.00	2337.00
1826.00	2222.00
1827.00	2198.00
1828.00	2170.00
1829.00	2109.00
1830.00	2117.00
1831.00	2127.00
1832.00	2157.00
1833.00	2116.00
1834.00	2156.00
1835.00	2072.00
1836.00	2056.00
1837.00	1950.00
1838.00	2059.00
1839.00	2040.00
1840.00	2009.00
1841.00	2011.00
1842.00	2000.00
1843.00	1934.00
1844.00	1986.00
1845.00	1955.00
1846.00	1983.00
1847.00	1877.00
1848.00	1847.00
1849.00	1915.00
1850.00	1854.00
1851.00	1876.00
1852.00	1825.00
1853.00	1823.00
1854.00	1847.00
1855.00	1761.00
1856.00	1814.00
1857.00	1823.00
1858.00	1857.00
1859.00	1774.00
1860.00	1806.00
1861.00	1782.00
1862.00	1779.00
1863.00	1772.00
1864.00	1721.00
1865.00	1846.00
1866.00	1790.00
1867.00	1779.00
1868.00	1823.00
1869.00	1753.00
1870.00	1811.00
1871.00	1777.00
1872.00	1739.00
1873.00	1803.00
1874.00	1807.00
1875.00	1889.00
1876.00	1932.00
1877.00	1940.00
1878.00	1956.00
1879.00	2063.00
1880.00	1958.00
1881.00	2007.00
1882.00	1993.00
1883.00	2021.00
1884.00	2172.00
1885.00	2103.00
1886.00	2086.00
1887.00	2199.00
1888.00	2161.00
1889.00	2217.00
1890.00	2115.00
1891.00	2214.00
1892.00	2148.00
1893.00	2175.00
1894.00	2093.00
1895.00	2083.00
1896.00	1956.00
1897.00	1940.00
1898.00	1973.00
1899.00	1886.00
1900.00	1817.00
1901.00	1778.00
1902.00	1740.00
1903.00	1624.00
1904.00	1673.00
1905.00	1648.00
1906.00	1602.00
1907.00	1598.00
1908.00	1561.00
1909.00	1557.00
1910.00	1594.00
1911.00	1469.00
1912.00	1506.00
1913.00	1478.00
1914.00	1486.00
1915.00	1411.00
1916.00	1485.00
1917.00	1461.00
1918.00	1452.00
1919.00	1361.00
1920.00	1439.00
1921.00	1381.00
1922.00	1462.00
1923.00	1342.00
1924.00	1335.00
1925.00	1427.00
1926.00	1356.00
1927.00	1390.00
1928.00	1316.00
1929.00	1364.00
1930.00	1348.00
1931.00	1314.00
1932.00	1325.00
1933.00	1330.00
1934.00	1278.00
1935.00	1262.00
1936.00	1297.00
1937.00	1183.00
1938.00	1239.00
1939.00	1221.00
1940.00	1179.00
1941.00	1199.00
1942.00	1178.00
1943.00	1125.00
1944.00	1176.00
1945.00	1109.00
1946.00	1145.00
1947.00	1134.00
1948.00	1115.00
1949.00	1127.00
1950.00	1116.00
1951.00	1119.00
1952.00	1080.00
1953.00	1050.00
1954.00	1102.00
1955.00	1077.00
1956.00	1108.00
1957.00	1053.00
1958.00	1155.00
1959.00	1095.00
1960.00	1071.00
1961.00	1055.00
1962.00	1081.00
1963.00	1098.00
1964.00	1062.00
1965.00	1039.00
1966.00	1075.00
1967.00	1068.00
1968.00	1100.00
1969.00	1045.00
1970.00	1057.00
1971.00	987.00
1972.00	1081.00
1973.00	1023.00
1974.00	993.00
1975.00	972.00
1976.00	959.00
1977.00	992.00
1978.00	1014.00
1979.00	984.00
1980.00	1006.00
1981.00	971.00
1982.00	971.00
1983.00	976.00
1984.00	940.00
1985.00	964.00
1986.00	945.00
1987.00	944.00
1988.00	997.00
1989.00	913.00
1990.00	940.00
1991.00	946.00
1992.00	905.00
1993.00	943.00
1994.00	918.00
1995.00	856.00
1996.00	874.00
1997.00	905.00
1998.00	884.00
1999.00	906.00
2000.00	905.00
2001.00	882.00
2002.00	869.00
2003.00	881.00
2004.00	839.00
2005.00	813.00
2006.00	814.00
2007.00	810.00
2008.00	780.00
2009.00	804.00
2010.00	807.00
2011.00	827.00
2012.00	839.00
2013.00	757.00
2014.00	784.00
2015.00	825.00
2016.00	863.00
2017.00	779.00
2018.00	769.00
2019.00	833.00
2020.00	735.00
2021.00	706.00
2022.00	766.00
2023.00	764.00
2024.00	771.00
2025.00	779.00
2026.00	781.00
2027.00	700.00
2028.00	755.00
2029.00	743.00
2030.00	710.00
2031.00	728.00
2032.00	723.00
2033.00	761.00
2034.00	718.00
2035.00	751.00
2036.00	659.00
2037.00	677.00
2038.00	703.00
2039.00	645.00
2040.00	713.00
2041.00	680.00
2042.00	676.00
2043.00	643.00
2044.00	666.00
2045.00	688.00
2046.00	662.00
2047.00	681.00
2048.00	 0.00
