Date:	2023-09-18		
Time:	21:19		
Sample name:	Pellets		
Position:	1217.600011	mm	
Sample surface:	5.984007	cm	
Tube anode:	Mo		
Tube voltage:	30	kV	
Tube current:	50	mA	
Comments	not in position		
Gain	5.810000		
peaking_time	0.300000	m-sec	
trigger_threshold	30.000000	V	
mca_bin_width	2.000000	no:	
number_mca_channels	2048.000000	no:	
gap_time	0.100000	m-sec	
trigger_peaking_time	0.050000	m-sec	
livetime	17.086882	seconds	
runtime	20.000155	seconds	
input_count_rate	126559.371011	cps	
output_count_rate	108124.409333	cps	
triggers	2434552.000000	seconds	
events_in_run	2151608.000000	seconds	
channel	content		
 1.00	 0.00
 2.00	 0.00
 3.00	 0.00
 4.00	 0.00
 5.00	 0.00
 6.00	 0.00
 7.00	 0.00
 8.00	 0.00
 9.00	 0.00
10.00	 0.00
11.00	 0.00
12.00	 0.00
13.00	 0.00
14.00	 0.00
15.00	 0.00
16.00	 0.00
17.00	 0.00
18.00	 0.00
19.00	 0.00
20.00	 0.00
21.00	 0.00
22.00	 0.00
23.00	 0.00
24.00	 0.00
25.00	 0.00
26.00	 0.00
27.00	 0.00
28.00	 0.00
29.00	 0.00
30.00	 0.00
31.00	 0.00
32.00	 1.00
33.00	 3.00
34.00	 6.00
35.00	 5.00
36.00	 6.00
37.00	14.00
38.00	17.00
39.00	25.00
40.00	43.00
41.00	48.00
42.00	53.00
43.00	77.00
44.00	121.00
45.00	136.00
46.00	143.00
47.00	198.00
48.00	191.00
49.00	211.00
50.00	230.00
51.00	247.00
52.00	267.00
53.00	257.00
54.00	287.00
55.00	304.00
56.00	298.00
57.00	340.00
58.00	312.00
59.00	354.00
60.00	303.00
61.00	317.00
62.00	361.00
63.00	371.00
64.00	347.00
65.00	357.00
66.00	392.00
67.00	381.00
68.00	411.00
69.00	390.00
70.00	389.00
71.00	367.00
72.00	395.00
73.00	383.00
74.00	358.00
75.00	403.00
76.00	415.00
77.00	416.00
78.00	402.00
79.00	365.00
80.00	381.00
81.00	344.00
82.00	340.00
83.00	377.00
84.00	393.00
85.00	360.00
86.00	371.00
87.00	365.00
88.00	375.00
89.00	342.00
90.00	348.00
91.00	344.00
92.00	370.00
93.00	349.00
94.00	336.00
95.00	346.00
96.00	330.00
97.00	340.00
98.00	325.00
99.00	320.00
100.00	291.00
101.00	313.00
102.00	300.00
103.00	278.00
104.00	286.00
105.00	297.00
106.00	307.00
107.00	294.00
108.00	268.00
109.00	296.00
110.00	277.00
111.00	304.00
112.00	290.00
113.00	297.00
114.00	282.00
115.00	288.00
116.00	256.00
117.00	278.00
118.00	267.00
119.00	257.00
120.00	269.00
121.00	289.00
122.00	209.00
123.00	273.00
124.00	237.00
125.00	260.00
126.00	243.00
127.00	207.00
128.00	216.00
129.00	197.00
130.00	222.00
131.00	205.00
132.00	246.00
133.00	263.00
134.00	211.00
135.00	196.00
136.00	275.00
137.00	283.00
138.00	366.00
139.00	501.00
140.00	596.00
141.00	790.00
142.00	857.00
143.00	1049.00
144.00	1058.00
145.00	1115.00
146.00	1008.00
147.00	957.00
148.00	875.00
149.00	703.00
150.00	664.00
151.00	581.00
152.00	531.00
153.00	524.00
154.00	467.00
155.00	417.00
156.00	392.00
157.00	358.00
158.00	458.00
159.00	657.00
160.00	913.00
161.00	1472.00
162.00	2570.00
163.00	4103.00
164.00	6218.00
165.00	8692.00
166.00	11278.00
167.00	13316.00
168.00	15620.00
169.00	16167.00
170.00	15564.00
171.00	13785.00
172.00	11837.00
173.00	8985.00
174.00	6824.00
175.00	4866.00
176.00	3300.00
177.00	2365.00
178.00	1694.00
179.00	1293.00
180.00	980.00
181.00	873.00
182.00	710.00
183.00	546.00
184.00	497.00
185.00	408.00
186.00	406.00
187.00	425.00
188.00	380.00
189.00	407.00
190.00	385.00
191.00	392.00
192.00	377.00
193.00	406.00
194.00	355.00
195.00	329.00
196.00	302.00
197.00	278.00
198.00	252.00
199.00	264.00
200.00	225.00
201.00	209.00
202.00	203.00
203.00	173.00
204.00	178.00
205.00	185.00
206.00	179.00
207.00	159.00
208.00	175.00
209.00	187.00
210.00	155.00
211.00	198.00
212.00	197.00
213.00	175.00
214.00	172.00
215.00	192.00
216.00	185.00
217.00	206.00
218.00	254.00
219.00	282.00
220.00	299.00
221.00	312.00
222.00	299.00
223.00	324.00
224.00	338.00
225.00	308.00
226.00	301.00
227.00	296.00
228.00	295.00
229.00	219.00
230.00	218.00
231.00	203.00
232.00	189.00
233.00	194.00
234.00	186.00
235.00	177.00
236.00	178.00
237.00	183.00
238.00	176.00
239.00	175.00
240.00	173.00
241.00	171.00
242.00	154.00
243.00	198.00
244.00	150.00
245.00	168.00
246.00	192.00
247.00	193.00
248.00	189.00
249.00	203.00
250.00	189.00
251.00	242.00
252.00	249.00
253.00	277.00
254.00	226.00
255.00	270.00
256.00	275.00
257.00	231.00
258.00	235.00
259.00	259.00
260.00	249.00
261.00	229.00
262.00	228.00
263.00	219.00
264.00	273.00
265.00	276.00
266.00	278.00
267.00	303.00
268.00	321.00
269.00	301.00
270.00	312.00
271.00	283.00
272.00	274.00
273.00	280.00
274.00	255.00
275.00	249.00
276.00	252.00
277.00	287.00
278.00	392.00
279.00	518.00
280.00	646.00
281.00	931.00
282.00	1157.00
283.00	1398.00
284.00	1689.00
285.00	1785.00
286.00	1971.00
287.00	1999.00
288.00	1954.00
289.00	1834.00
290.00	1524.00
291.00	1258.00
292.00	1061.00
293.00	816.00
294.00	619.00
295.00	490.00
296.00	339.00
297.00	258.00
298.00	221.00
299.00	225.00
300.00	237.00
301.00	229.00
302.00	263.00
303.00	282.00
304.00	341.00
305.00	412.00
306.00	431.00
307.00	533.00
308.00	686.00
309.00	843.00
310.00	1194.00
311.00	1719.00
312.00	2429.00
313.00	3672.00
314.00	5090.00
315.00	6951.00
316.00	9065.00
317.00	11774.00
318.00	14029.00
319.00	15813.00
320.00	17192.00
321.00	18106.00
322.00	17826.00
323.00	16265.00
324.00	14634.00
325.00	12269.00
326.00	9836.00
327.00	7501.00
328.00	5443.00
329.00	3868.00
330.00	2630.00
331.00	1669.00
332.00	1119.00
333.00	769.00
334.00	573.00
335.00	455.00
336.00	422.00
337.00	477.00
338.00	551.00
339.00	700.00
340.00	865.00
341.00	1098.00
342.00	1443.00
343.00	1816.00
344.00	2176.00
345.00	2678.00
346.00	3292.00
347.00	4016.00
348.00	4704.00
349.00	5761.00
350.00	7060.00
351.00	8631.00
352.00	10399.00
353.00	12502.00
354.00	14388.00
355.00	16371.00
356.00	17310.00
357.00	18217.00
358.00	17937.00
359.00	17091.00
360.00	15283.00
361.00	13575.00
362.00	11262.00
363.00	8864.00
364.00	6704.00
365.00	4792.00
366.00	3419.00
367.00	2307.00
368.00	1507.00
369.00	1047.00
370.00	688.00
371.00	506.00
372.00	346.00
373.00	327.00
374.00	316.00
375.00	340.00
376.00	379.00
377.00	450.00
378.00	549.00
379.00	651.00
380.00	838.00
381.00	1022.00
382.00	1328.00
383.00	1679.00
384.00	1847.00
385.00	2361.00
386.00	2482.00
387.00	2830.00
388.00	2891.00
389.00	2789.00
390.00	2858.00
391.00	2605.00
392.00	2287.00
393.00	1998.00
394.00	1668.00
395.00	1358.00
396.00	1178.00
397.00	929.00
398.00	727.00
399.00	603.00
400.00	511.00
401.00	480.00
402.00	433.00
403.00	389.00
404.00	324.00
405.00	335.00
406.00	331.00
407.00	332.00
408.00	328.00
409.00	317.00
410.00	320.00
411.00	307.00
412.00	331.00
413.00	343.00
414.00	346.00
415.00	345.00
416.00	376.00
417.00	402.00
418.00	462.00
419.00	493.00
420.00	564.00
421.00	657.00
422.00	763.00
423.00	1042.00
424.00	1425.00
425.00	1903.00
426.00	2674.00
427.00	3592.00
428.00	4950.00
429.00	6472.00
430.00	8413.00
431.00	10254.00
432.00	12199.00
433.00	14151.00
434.00	15623.00
435.00	16668.00
436.00	17143.00
437.00	17068.00
438.00	16079.00
439.00	14806.00
440.00	13275.00
441.00	11398.00
442.00	9517.00
443.00	7865.00
444.00	6245.00
445.00	5195.00
446.00	4280.00
447.00	3673.00
448.00	3265.00
449.00	3070.00
450.00	2890.00
451.00	2636.00
452.00	2447.00
453.00	2223.00
454.00	2053.00
455.00	1799.00
456.00	1633.00
457.00	1440.00
458.00	1351.00
459.00	1290.00
460.00	1230.00
461.00	1278.00
462.00	1329.00
463.00	1407.00
464.00	1611.00
465.00	1723.00
466.00	2010.00
467.00	2106.00
468.00	2370.00
469.00	2582.00
470.00	2882.00
471.00	3252.00
472.00	3473.00
473.00	3747.00
474.00	4159.00
475.00	4350.00
476.00	4461.00
477.00	4426.00
478.00	4381.00
479.00	4272.00
480.00	3999.00
481.00	3556.00
482.00	3244.00
483.00	2816.00
484.00	2423.00
485.00	1952.00
486.00	1737.00
487.00	1467.00
488.00	1227.00
489.00	1133.00
490.00	1047.00
491.00	969.00
492.00	967.00
493.00	962.00
494.00	905.00
495.00	917.00
496.00	1003.00
497.00	1009.00
498.00	1111.00
499.00	1141.00
500.00	1123.00
501.00	1213.00
502.00	1246.00
503.00	1253.00
504.00	1288.00
505.00	1329.00
506.00	1388.00
507.00	1435.00
508.00	1455.00
509.00	1450.00
510.00	1543.00
511.00	1504.00
512.00	1623.00
513.00	1618.00
514.00	1831.00
515.00	1799.00
516.00	1941.00
517.00	2026.00
518.00	2142.00
519.00	2237.00
520.00	2394.00
521.00	2406.00
522.00	2547.00
523.00	2439.00
524.00	2491.00
525.00	2508.00
526.00	2359.00
527.00	2387.00
528.00	2300.00
529.00	2086.00
530.00	2044.00
531.00	1928.00
532.00	1829.00
533.00	1828.00
534.00	1821.00
535.00	1848.00
536.00	1843.00
537.00	1836.00
538.00	1861.00
539.00	1839.00
540.00	1854.00
541.00	1898.00
542.00	1895.00
543.00	1937.00
544.00	2012.00
545.00	2040.00
546.00	1992.00
547.00	2015.00
548.00	1935.00
549.00	1988.00
550.00	2013.00
551.00	2081.00
552.00	2133.00
553.00	2158.00
554.00	2397.00
555.00	2701.00
556.00	2982.00
557.00	3688.00
558.00	4350.00
559.00	5410.00
560.00	6893.00
561.00	8756.00
562.00	10765.00
563.00	13050.00
564.00	15769.00
565.00	18452.00
566.00	21224.00
567.00	23077.00
568.00	24803.00
569.00	26206.00
570.00	25944.00
571.00	25914.00
572.00	24276.00
573.00	22398.00
574.00	20199.00
575.00	17620.00
576.00	14752.00
577.00	12029.00
578.00	9902.00
579.00	7989.00
580.00	6218.00
581.00	4911.00
582.00	4089.00
583.00	3402.00
584.00	2859.00
585.00	2632.00
586.00	2442.00
587.00	2433.00
588.00	2412.00
589.00	2557.00
590.00	2549.00
591.00	2710.00
592.00	2686.00
593.00	2911.00
594.00	3140.00
595.00	3221.00
596.00	3637.00
597.00	4159.00
598.00	4791.00
599.00	5841.00
600.00	7526.00
601.00	9956.00
602.00	13495.00
603.00	19004.00
604.00	26851.00
605.00	39142.00
606.00	54303.00
607.00	75424.00
608.00	102674.00
609.00	136712.00
610.00	177717.00
611.00	223730.00
612.00	274011.00
613.00	327835.00
614.00	379594.00
615.00	425746.00
616.00	465517.00
617.00	495999.00
618.00	506809.00
619.00	505818.00
620.00	489789.00
621.00	459588.00
622.00	417764.00
623.00	368675.00
624.00	317647.00
625.00	264402.00
626.00	214119.00
627.00	168454.00
628.00	128630.00
629.00	96667.00
630.00	70272.00
631.00	50410.00
632.00	35786.00
633.00	25009.00
634.00	17509.00
635.00	12205.00
636.00	9151.00
637.00	6954.00
638.00	5688.00
639.00	4693.00
640.00	4237.00
641.00	3806.00
642.00	3741.00
643.00	3700.00
644.00	3589.00
645.00	3557.00
646.00	3586.00
647.00	3622.00
648.00	3678.00
649.00	3641.00
650.00	3785.00
651.00	3980.00
652.00	3937.00
653.00	3961.00
654.00	4165.00
655.00	4087.00
656.00	4398.00
657.00	4460.00
658.00	4717.00
659.00	4859.00
660.00	5009.00
661.00	5287.00
662.00	5697.00
663.00	6236.00
664.00	6897.00
665.00	7724.00
666.00	8922.00
667.00	10523.00
668.00	12512.00
669.00	15123.00
670.00	18725.00
671.00	23009.00
672.00	28455.00
673.00	34461.00
674.00	41420.00
675.00	48385.00
676.00	55907.00
677.00	64092.00
678.00	70090.00
679.00	75461.00
680.00	79050.00
681.00	81223.00
682.00	81665.00
683.00	79163.00
684.00	75307.00
685.00	69682.00
686.00	62432.00
687.00	54878.00
688.00	47062.00
689.00	39511.00
690.00	32219.00
691.00	25691.00
692.00	20245.00
693.00	15972.00
694.00	12301.00
695.00	9559.00
696.00	7454.00
697.00	6168.00
698.00	5106.00
699.00	4371.00
700.00	3937.00
701.00	3620.00
702.00	3461.00
703.00	3396.00
704.00	3430.00
705.00	3466.00
706.00	3414.00
707.00	3534.00
708.00	3611.00
709.00	3675.00
710.00	3763.00
711.00	3985.00
712.00	4104.00
713.00	4343.00
714.00	4307.00
715.00	4661.00
716.00	4674.00
717.00	4967.00
718.00	5069.00
719.00	5380.00
720.00	5404.00
721.00	5400.00
722.00	5488.00
723.00	5258.00
724.00	5271.00
725.00	5064.00
726.00	5063.00
727.00	4888.00
728.00	4641.00
729.00	4380.00
730.00	4190.00
731.00	4163.00
732.00	3931.00
733.00	3731.00
734.00	3687.00
735.00	3560.00
736.00	3500.00
737.00	3487.00
738.00	3436.00
739.00	3364.00
740.00	3434.00
741.00	3348.00
742.00	3300.00
743.00	3354.00
744.00	3205.00
745.00	3193.00
746.00	3192.00
747.00	3256.00
748.00	3263.00
749.00	3237.00
750.00	3311.00
751.00	3292.00
752.00	3276.00
753.00	3338.00
754.00	3302.00
755.00	3377.00
756.00	3324.00
757.00	3344.00
758.00	3319.00
759.00	3368.00
760.00	3572.00
761.00	3669.00
762.00	3588.00
763.00	3618.00
764.00	3797.00
765.00	3925.00
766.00	4067.00
767.00	4079.00
768.00	4389.00
769.00	4639.00
770.00	4786.00
771.00	4818.00
772.00	5208.00
773.00	5082.00
774.00	5490.00
775.00	5485.00
776.00	5613.00
777.00	5711.00
778.00	5530.00
779.00	5679.00
780.00	5717.00
781.00	5642.00
782.00	5741.00
783.00	5656.00
784.00	5659.00
785.00	5394.00
786.00	5427.00
787.00	5599.00
788.00	5492.00
789.00	5465.00
790.00	5493.00
791.00	5569.00
792.00	5491.00
793.00	5644.00
794.00	5586.00
795.00	5626.00
796.00	5700.00
797.00	5675.00
798.00	5789.00
799.00	5793.00
800.00	5836.00
801.00	5898.00
802.00	5751.00
803.00	5864.00
804.00	5800.00
805.00	5891.00
806.00	5831.00
807.00	5874.00
808.00	5901.00
809.00	5883.00
810.00	5993.00
811.00	5910.00
812.00	6048.00
813.00	5910.00
814.00	5875.00
815.00	6017.00
816.00	5778.00
817.00	5848.00
818.00	5981.00
819.00	6307.00
820.00	6286.00
821.00	6408.00
822.00	6676.00
823.00	6987.00
824.00	7459.00
825.00	7872.00
826.00	8383.00
827.00	9042.00
828.00	9217.00
829.00	9687.00
830.00	10386.00
831.00	10497.00
832.00	10941.00
833.00	10979.00
834.00	10938.00
835.00	10915.00
836.00	10681.00
837.00	9954.00
838.00	9687.00
839.00	9279.00
840.00	9008.00
841.00	8252.00
842.00	7579.00
843.00	7224.00
844.00	7105.00
845.00	6509.00
846.00	6293.00
847.00	6085.00
848.00	5980.00
849.00	5847.00
850.00	5883.00
851.00	5844.00
852.00	5698.00
853.00	5718.00
854.00	5718.00
855.00	5562.00
856.00	5826.00
857.00	5861.00
858.00	5894.00
859.00	5942.00
860.00	6026.00
861.00	6030.00
862.00	5949.00
863.00	5854.00
864.00	5935.00
865.00	5952.00
866.00	5959.00
867.00	5822.00
868.00	5932.00
869.00	5921.00
870.00	6127.00
871.00	6051.00
872.00	6161.00
873.00	6088.00
874.00	6044.00
875.00	6055.00
876.00	6235.00
877.00	6257.00
878.00	6251.00
879.00	6282.00
880.00	6451.00
881.00	6540.00
882.00	6479.00
883.00	6663.00
884.00	6538.00
885.00	6661.00
886.00	6909.00
887.00	6935.00
888.00	6746.00
889.00	7010.00
890.00	7075.00
891.00	6934.00
892.00	7105.00
893.00	6996.00
894.00	7190.00
895.00	7193.00
896.00	7211.00
897.00	7063.00
898.00	7092.00
899.00	7072.00
900.00	7158.00
901.00	7251.00
902.00	7119.00
903.00	7148.00
904.00	7105.00
905.00	7230.00
906.00	7041.00
907.00	7155.00
908.00	7044.00
909.00	7310.00
910.00	7169.00
911.00	7365.00
912.00	7377.00
913.00	7314.00
914.00	7492.00
915.00	7477.00
916.00	7625.00
917.00	7810.00
918.00	7930.00
919.00	7913.00
920.00	8061.00
921.00	8197.00
922.00	8179.00
923.00	8153.00
924.00	8279.00
925.00	8129.00
926.00	8281.00
927.00	8230.00
928.00	8215.00
929.00	8339.00
930.00	8300.00
931.00	7979.00
932.00	7839.00
933.00	7888.00
934.00	7941.00
935.00	7641.00
936.00	7851.00
937.00	7834.00
938.00	7831.00
939.00	7390.00
940.00	7560.00
941.00	7489.00
942.00	7405.00
943.00	7372.00
944.00	7370.00
945.00	7347.00
946.00	7411.00
947.00	7380.00
948.00	7321.00
949.00	7521.00
950.00	7327.00
951.00	7279.00
952.00	7393.00
953.00	7378.00
954.00	7417.00
955.00	7338.00
956.00	7434.00
957.00	7283.00
958.00	7206.00
959.00	7405.00
960.00	7346.00
961.00	7280.00
962.00	7522.00
963.00	7314.00
964.00	7398.00
965.00	7331.00
966.00	7302.00
967.00	7246.00
968.00	7314.00
969.00	7382.00
970.00	7179.00
971.00	7386.00
972.00	7342.00
973.00	7331.00
974.00	7284.00
975.00	7236.00
976.00	7361.00
977.00	7326.00
978.00	7520.00
979.00	7357.00
980.00	7460.00
981.00	7425.00
982.00	7387.00
983.00	7343.00
984.00	7474.00
985.00	7494.00
986.00	7559.00
987.00	7469.00
988.00	7708.00
989.00	7446.00
990.00	7587.00
991.00	7637.00
992.00	7431.00
993.00	7476.00
994.00	7539.00
995.00	7427.00
996.00	7469.00
997.00	7768.00
998.00	7520.00
999.00	7481.00
1000.00	7649.00
1001.00	7590.00
1002.00	7553.00
1003.00	7689.00
1004.00	7608.00
1005.00	7824.00
1006.00	7764.00
1007.00	8032.00
1008.00	8019.00
1009.00	8087.00
1010.00	7952.00
1011.00	8226.00
1012.00	8091.00
1013.00	8477.00
1014.00	8258.00
1015.00	8427.00
1016.00	8546.00
1017.00	8292.00
1018.00	8302.00
1019.00	8657.00
1020.00	8312.00
1021.00	8064.00
1022.00	8273.00
1023.00	8043.00
1024.00	8078.00
1025.00	7914.00
1026.00	7986.00
1027.00	7712.00
1028.00	7739.00
1029.00	7587.00
1030.00	7668.00
1031.00	7499.00
1032.00	7485.00
1033.00	7438.00
1034.00	7637.00
1035.00	7569.00
1036.00	7380.00
1037.00	7657.00
1038.00	7450.00
1039.00	7596.00
1040.00	7537.00
1041.00	7653.00
1042.00	7619.00
1043.00	7732.00
1044.00	7489.00
1045.00	7696.00
1046.00	7490.00
1047.00	7793.00
1048.00	7646.00
1049.00	7860.00
1050.00	7633.00
1051.00	7823.00
1052.00	7950.00
1053.00	7768.00
1054.00	7780.00
1055.00	7872.00
1056.00	7804.00
1057.00	7702.00
1058.00	7919.00
1059.00	7990.00
1060.00	7897.00
1061.00	7865.00
1062.00	7883.00
1063.00	7872.00
1064.00	7888.00
1065.00	7867.00
1066.00	7966.00
1067.00	7789.00
1068.00	7801.00
1069.00	7880.00
1070.00	7901.00
1071.00	7984.00
1072.00	7989.00
1073.00	8022.00
1074.00	7986.00
1075.00	8081.00
1076.00	7930.00
1077.00	8055.00
1078.00	8101.00
1079.00	7959.00
1080.00	8091.00
1081.00	8066.00
1082.00	8023.00
1083.00	8022.00
1084.00	8122.00
1085.00	8190.00
1086.00	8046.00
1087.00	8095.00
1088.00	8030.00
1089.00	8228.00
1090.00	8127.00
1091.00	8164.00
1092.00	8147.00
1093.00	8169.00
1094.00	8199.00
1095.00	8105.00
1096.00	8084.00
1097.00	8179.00
1098.00	8173.00
1099.00	8183.00
1100.00	8138.00
1101.00	8305.00
1102.00	8303.00
1103.00	8204.00
1104.00	8216.00
1105.00	8159.00
1106.00	8194.00
1107.00	8363.00
1108.00	8174.00
1109.00	8263.00
1110.00	8295.00
1111.00	8364.00
1112.00	8182.00
1113.00	8281.00
1114.00	8198.00
1115.00	8257.00
1116.00	8201.00
1117.00	8224.00
1118.00	8238.00
1119.00	8251.00
1120.00	8266.00
1121.00	8008.00
1122.00	8080.00
1123.00	8277.00
1124.00	8223.00
1125.00	8288.00
1126.00	8168.00
1127.00	8318.00
1128.00	8134.00
1129.00	8198.00
1130.00	8239.00
1131.00	8209.00
1132.00	8219.00
1133.00	8030.00
1134.00	8076.00
1135.00	8276.00
1136.00	8083.00
1137.00	8276.00
1138.00	8277.00
1139.00	8342.00
1140.00	8278.00
1141.00	8239.00
1142.00	8206.00
1143.00	8401.00
1144.00	8438.00
1145.00	8217.00
1146.00	8419.00
1147.00	8433.00
1148.00	8299.00
1149.00	8364.00
1150.00	8345.00
1151.00	8274.00
1152.00	8296.00
1153.00	8255.00
1154.00	8231.00
1155.00	8278.00
1156.00	8026.00
1157.00	8068.00
1158.00	8105.00
1159.00	8042.00
1160.00	8052.00
1161.00	8104.00
1162.00	8079.00
1163.00	8083.00
1164.00	8123.00
1165.00	7984.00
1166.00	8104.00
1167.00	8078.00
1168.00	7983.00
1169.00	8022.00
1170.00	8057.00
1171.00	8038.00
1172.00	7977.00
1173.00	8117.00
1174.00	8025.00
1175.00	8155.00
1176.00	8030.00
1177.00	8042.00
1178.00	7867.00
1179.00	8018.00
1180.00	7987.00
1181.00	8134.00
1182.00	8137.00
1183.00	8190.00
1184.00	7924.00
1185.00	8315.00
1186.00	8246.00
1187.00	8108.00
1188.00	8138.00
1189.00	8204.00
1190.00	8297.00
1191.00	8166.00
1192.00	8183.00
1193.00	8092.00
1194.00	8059.00
1195.00	8125.00
1196.00	8219.00
1197.00	8135.00
1198.00	8081.00
1199.00	8302.00
1200.00	8247.00
1201.00	8320.00
1202.00	8160.00
1203.00	8306.00
1204.00	8392.00
1205.00	8221.00
1206.00	8269.00
1207.00	8356.00
1208.00	8303.00
1209.00	8490.00
1210.00	8481.00
1211.00	8799.00
1212.00	8435.00
1213.00	8786.00
1214.00	8753.00
1215.00	8711.00
1216.00	8701.00
1217.00	8984.00
1218.00	8668.00
1219.00	8802.00
1220.00	8996.00
1221.00	8975.00
1222.00	8774.00
1223.00	9074.00
1224.00	9102.00
1225.00	9112.00
1226.00	9145.00
1227.00	9042.00
1228.00	9055.00
1229.00	9327.00
1230.00	9254.00
1231.00	9362.00
1232.00	9385.00
1233.00	9431.00
1234.00	9346.00
1235.00	9361.00
1236.00	9415.00
1237.00	9137.00
1238.00	9180.00
1239.00	9115.00
1240.00	9164.00
1241.00	9078.00
1242.00	8874.00
1243.00	8783.00
1244.00	8719.00
1245.00	8674.00
1246.00	8740.00
1247.00	8385.00
1248.00	8435.00
1249.00	8585.00
1250.00	8517.00
1251.00	8353.00
1252.00	8490.00
1253.00	8409.00
1254.00	8312.00
1255.00	8161.00
1256.00	8150.00
1257.00	8337.00
1258.00	8331.00
1259.00	8521.00
1260.00	8185.00
1261.00	8372.00
1262.00	8298.00
1263.00	8359.00
1264.00	8393.00
1265.00	8240.00
1266.00	8213.00
1267.00	8331.00
1268.00	8051.00
1269.00	8274.00
1270.00	8349.00
1271.00	8417.00
1272.00	8362.00
1273.00	8468.00
1274.00	8672.00
1275.00	8649.00
1276.00	8640.00
1277.00	8700.00
1278.00	8894.00
1279.00	8977.00
1280.00	9018.00
1281.00	9305.00
1282.00	9217.00
1283.00	9510.00
1284.00	9465.00
1285.00	9572.00
1286.00	9695.00
1287.00	9977.00
1288.00	9954.00
1289.00	9903.00
1290.00	10176.00
1291.00	9891.00
1292.00	9980.00
1293.00	9883.00
1294.00	9986.00
1295.00	9944.00
1296.00	9690.00
1297.00	9437.00
1298.00	9402.00
1299.00	9378.00
1300.00	9212.00
1301.00	9227.00
1302.00	8796.00
1303.00	8816.00
1304.00	8677.00
1305.00	8610.00
1306.00	8729.00
1307.00	8425.00
1308.00	8297.00
1309.00	8181.00
1310.00	8317.00
1311.00	8205.00
1312.00	8331.00
1313.00	8229.00
1314.00	8050.00
1315.00	7893.00
1316.00	8069.00
1317.00	8035.00
1318.00	8048.00
1319.00	8110.00
1320.00	7942.00
1321.00	8171.00
1322.00	8024.00
1323.00	7940.00
1324.00	8112.00
1325.00	8032.00
1326.00	8037.00
1327.00	8079.00
1328.00	7930.00
1329.00	7903.00
1330.00	7845.00
1331.00	8009.00
1332.00	7931.00
1333.00	8013.00
1334.00	7839.00
1335.00	7827.00
1336.00	8019.00
1337.00	7886.00
1338.00	7994.00
1339.00	8031.00
1340.00	7850.00
1341.00	7917.00
1342.00	7976.00
1343.00	7934.00
1344.00	8006.00
1345.00	8212.00
1346.00	7899.00
1347.00	8146.00
1348.00	8150.00
1349.00	8108.00
1350.00	8076.00
1351.00	8387.00
1352.00	8435.00
1353.00	8584.00
1354.00	8463.00
1355.00	8661.00
1356.00	8681.00
1357.00	8877.00
1358.00	9013.00
1359.00	9007.00
1360.00	9085.00
1361.00	9135.00
1362.00	9350.00
1363.00	9214.00
1364.00	9242.00
1365.00	9295.00
1366.00	9332.00
1367.00	8832.00
1368.00	8910.00
1369.00	8822.00
1370.00	8783.00
1371.00	8680.00
1372.00	8750.00
1373.00	8390.00
1374.00	8374.00
1375.00	8267.00
1376.00	7957.00
1377.00	8009.00
1378.00	7966.00
1379.00	7781.00
1380.00	7524.00
1381.00	7486.00
1382.00	7547.00
1383.00	7521.00
1384.00	7368.00
1385.00	7363.00
1386.00	7241.00
1387.00	7143.00
1388.00	7137.00
1389.00	7174.00
1390.00	7334.00
1391.00	7170.00
1392.00	7186.00
1393.00	7194.00
1394.00	7236.00
1395.00	7180.00
1396.00	7241.00
1397.00	7233.00
1398.00	7317.00
1399.00	7101.00
1400.00	7122.00
1401.00	7066.00
1402.00	7243.00
1403.00	7131.00
1404.00	7082.00
1405.00	7072.00
1406.00	7156.00
1407.00	7131.00
1408.00	7162.00
1409.00	6841.00
1410.00	7028.00
1411.00	7019.00
1412.00	6983.00
1413.00	7031.00
1414.00	7104.00
1415.00	6925.00
1416.00	7109.00
1417.00	6926.00
1418.00	6960.00
1419.00	6960.00
1420.00	7058.00
1421.00	7018.00
1422.00	7106.00
1423.00	7186.00
1424.00	7088.00
1425.00	7030.00
1426.00	7007.00
1427.00	7093.00
1428.00	7247.00
1429.00	7162.00
1430.00	7257.00
1431.00	7452.00
1432.00	7321.00
1433.00	7399.00
1434.00	7348.00
1435.00	7407.00
1436.00	7405.00
1437.00	7545.00
1438.00	7394.00
1439.00	7543.00
1440.00	7594.00
1441.00	7623.00
1442.00	7656.00
1443.00	7612.00
1444.00	7520.00
1445.00	7518.00
1446.00	7568.00
1447.00	7447.00
1448.00	7314.00
1449.00	7384.00
1450.00	7263.00
1451.00	7131.00
1452.00	7195.00
1453.00	7249.00
1454.00	7056.00
1455.00	6990.00
1456.00	6967.00
1457.00	6763.00
1458.00	6867.00
1459.00	7074.00
1460.00	6889.00
1461.00	6792.00
1462.00	6828.00
1463.00	6749.00
1464.00	6676.00
1465.00	6881.00
1466.00	6754.00
1467.00	6761.00
1468.00	6699.00
1469.00	6647.00
1470.00	6611.00
1471.00	6633.00
1472.00	6625.00
1473.00	6744.00
1474.00	6588.00
1475.00	6652.00
1476.00	6583.00
1477.00	6642.00
1478.00	6620.00
1479.00	6691.00
1480.00	6676.00
1481.00	6594.00
1482.00	6475.00
1483.00	6704.00
1484.00	6501.00
1485.00	6584.00
1486.00	6626.00
1487.00	6641.00
1488.00	6785.00
1489.00	6680.00
1490.00	6716.00
1491.00	6663.00
1492.00	6600.00
1493.00	6721.00
1494.00	6671.00
1495.00	6773.00
1496.00	6721.00
1497.00	6668.00
1498.00	6684.00
1499.00	6634.00
1500.00	6790.00
1501.00	6804.00
1502.00	6809.00
1503.00	6985.00
1504.00	7165.00
1505.00	7117.00
1506.00	7196.00
1507.00	7227.00
1508.00	7380.00
1509.00	7155.00
1510.00	7527.00
1511.00	7647.00
1512.00	7780.00
1513.00	7614.00
1514.00	7507.00
1515.00	7860.00
1516.00	7720.00
1517.00	7956.00
1518.00	7910.00
1519.00	7806.00
1520.00	8059.00
1521.00	7939.00
1522.00	8059.00
1523.00	7941.00
1524.00	7820.00
1525.00	7794.00
1526.00	7890.00
1527.00	7802.00
1528.00	7736.00
1529.00	7588.00
1530.00	7708.00
1531.00	7625.00
1532.00	7302.00
1533.00	7355.00
1534.00	7267.00
1535.00	7284.00
1536.00	7183.00
1537.00	7359.00
1538.00	7229.00
1539.00	7195.00
1540.00	7231.00
1541.00	7287.00
1542.00	7206.00
1543.00	7312.00
1544.00	7586.00
1545.00	7271.00
1546.00	7358.00
1547.00	7451.00
1548.00	7420.00
1549.00	7800.00
1550.00	7606.00
1551.00	7683.00
1552.00	7847.00
1553.00	8077.00
1554.00	8115.00
1555.00	8167.00
1556.00	8095.00
1557.00	8427.00
1558.00	8381.00
1559.00	8626.00
1560.00	8636.00
1561.00	8938.00
1562.00	9158.00
1563.00	8892.00
1564.00	9215.00
1565.00	9381.00
1566.00	9476.00
1567.00	9710.00
1568.00	9810.00
1569.00	9940.00
1570.00	10083.00
1571.00	10222.00
1572.00	10371.00
1573.00	10351.00
1574.00	10579.00
1575.00	10778.00
1576.00	10822.00
1577.00	11071.00
1578.00	11048.00
1579.00	11315.00
1580.00	11349.00
1581.00	11500.00
1582.00	11643.00
1583.00	11557.00
1584.00	11493.00
1585.00	11678.00
1586.00	11741.00
1587.00	11827.00
1588.00	11891.00
1589.00	11692.00
1590.00	11883.00
1591.00	11663.00
1592.00	11783.00
1593.00	11667.00
1594.00	11661.00
1595.00	11483.00
1596.00	11192.00
1597.00	11266.00
1598.00	11252.00
1599.00	11225.00
1600.00	11253.00
1601.00	10934.00
1602.00	10918.00
1603.00	10684.00
1604.00	10771.00
1605.00	10211.00
1606.00	10155.00
1607.00	10087.00
1608.00	9947.00
1609.00	9668.00
1610.00	9538.00
1611.00	9240.00
1612.00	9117.00
1613.00	9112.00
1614.00	8886.00
1615.00	8675.00
1616.00	8543.00
1617.00	8561.00
1618.00	8277.00
1619.00	8354.00
1620.00	7829.00
1621.00	7840.00
1622.00	7712.00
1623.00	7442.00
1624.00	7407.00
1625.00	7380.00
1626.00	6938.00
1627.00	6929.00
1628.00	7022.00
1629.00	6717.00
1630.00	6726.00
1631.00	6648.00
1632.00	6458.00
1633.00	6539.00
1634.00	6541.00
1635.00	6321.00
1636.00	6258.00
1637.00	6089.00
1638.00	6082.00
1639.00	6115.00
1640.00	5869.00
1641.00	5947.00
1642.00	5867.00
1643.00	5699.00
1644.00	5823.00
1645.00	5697.00
1646.00	5717.00
1647.00	5597.00
1648.00	5553.00
1649.00	5591.00
1650.00	5434.00
1651.00	5624.00
1652.00	5392.00
1653.00	5494.00
1654.00	5400.00
1655.00	5541.00
1656.00	5565.00
1657.00	5542.00
1658.00	5603.00
1659.00	5723.00
1660.00	5817.00
1661.00	5774.00
1662.00	6057.00
1663.00	6119.00
1664.00	6416.00
1665.00	6370.00
1666.00	6642.00
1667.00	6671.00
1668.00	6884.00
1669.00	7181.00
1670.00	7566.00
1671.00	7741.00
1672.00	8017.00
1673.00	8258.00
1674.00	8576.00
1675.00	8853.00
1676.00	9067.00
1677.00	9380.00
1678.00	9570.00
1679.00	9629.00
1680.00	9976.00
1681.00	9815.00
1682.00	9884.00
1683.00	9770.00
1684.00	9845.00
1685.00	9635.00
1686.00	9496.00
1687.00	9245.00
1688.00	8925.00
1689.00	8878.00
1690.00	8541.00
1691.00	8172.00
1692.00	7811.00
1693.00	7476.00
1694.00	7339.00
1695.00	6912.00
1696.00	6502.00
1697.00	6229.00
1698.00	6037.00
1699.00	5815.00
1700.00	5615.00
1701.00	5516.00
1702.00	5168.00
1703.00	5139.00
1704.00	4931.00
1705.00	4943.00
1706.00	4736.00
1707.00	4692.00
1708.00	4682.00
1709.00	4603.00
1710.00	4462.00
1711.00	4548.00
1712.00	4364.00
1713.00	4366.00
1714.00	4345.00
1715.00	4252.00
1716.00	4337.00
1717.00	4299.00
1718.00	4239.00
1719.00	4273.00
1720.00	4230.00
1721.00	4241.00
1722.00	4198.00
1723.00	4217.00
1724.00	4160.00
1725.00	4175.00
1726.00	4072.00
1727.00	4188.00
1728.00	4269.00
1729.00	4247.00
1730.00	4160.00
1731.00	4098.00
1732.00	4158.00
1733.00	4179.00
1734.00	4302.00
1735.00	4349.00
1736.00	4175.00
1737.00	4146.00
1738.00	4277.00
1739.00	4304.00
1740.00	4120.00
1741.00	4303.00
1742.00	4259.00
1743.00	4213.00
1744.00	4342.00
1745.00	4188.00
1746.00	4282.00
1747.00	4235.00
1748.00	4336.00
1749.00	4355.00
1750.00	4389.00
1751.00	4334.00
1752.00	4250.00
1753.00	4325.00
1754.00	4298.00
1755.00	4300.00
1756.00	4305.00
1757.00	4365.00
1758.00	4418.00
1759.00	4347.00
1760.00	4370.00
1761.00	4328.00
1762.00	4451.00
1763.00	4445.00
1764.00	4380.00
1765.00	4522.00
1766.00	4515.00
1767.00	4378.00
1768.00	4481.00
1769.00	4339.00
1770.00	4476.00
1771.00	4402.00
1772.00	4206.00
1773.00	4393.00
1774.00	4381.00
1775.00	4382.00
1776.00	4453.00
1777.00	4379.00
1778.00	4324.00
1779.00	4227.00
1780.00	4233.00
1781.00	4279.00
1782.00	4235.00
1783.00	4164.00
1784.00	4197.00
1785.00	4177.00
1786.00	4267.00
1787.00	4123.00
1788.00	4034.00
1789.00	3955.00
1790.00	3972.00
1791.00	3934.00
1792.00	3870.00
1793.00	3920.00
1794.00	3957.00
1795.00	3835.00
1796.00	3884.00
1797.00	3799.00
1798.00	3798.00
1799.00	3555.00
1800.00	3692.00
1801.00	3630.00
1802.00	3558.00
1803.00	3540.00
1804.00	3436.00
1805.00	3459.00
1806.00	3444.00
1807.00	3366.00
1808.00	3316.00
1809.00	3371.00
1810.00	3131.00
1811.00	3147.00
1812.00	3115.00
1813.00	3208.00
1814.00	3067.00
1815.00	3152.00
1816.00	3062.00
1817.00	2974.00
1818.00	2949.00
1819.00	2997.00
1820.00	3024.00
1821.00	3024.00
1822.00	2870.00
1823.00	2809.00
1824.00	2920.00
1825.00	2855.00
1826.00	2827.00
1827.00	2780.00
1828.00	2651.00
1829.00	2700.00
1830.00	2623.00
1831.00	2623.00
1832.00	2552.00
1833.00	2636.00
1834.00	2654.00
1835.00	2507.00
1836.00	2541.00
1837.00	2518.00
1838.00	2573.00
1839.00	2492.00
1840.00	2443.00
1841.00	2457.00
1842.00	2354.00
1843.00	2457.00
1844.00	2419.00
1845.00	2333.00
1846.00	2457.00
1847.00	2427.00
1848.00	2401.00
1849.00	2202.00
1850.00	2341.00
1851.00	2267.00
1852.00	2344.00
1853.00	2265.00
1854.00	2260.00
1855.00	2218.00
1856.00	2227.00
1857.00	2253.00
1858.00	2227.00
1859.00	2204.00
1860.00	2291.00
1861.00	2203.00
1862.00	2165.00
1863.00	2198.00
1864.00	2135.00
1865.00	2126.00
1866.00	2163.00
1867.00	2164.00
1868.00	2191.00
1869.00	2164.00
1870.00	2191.00
1871.00	2205.00
1872.00	2146.00
1873.00	2147.00
1874.00	2182.00
1875.00	2242.00
1876.00	2321.00
1877.00	2320.00
1878.00	2206.00
1879.00	2322.00
1880.00	2332.00
1881.00	2414.00
1882.00	2489.00
1883.00	2537.00
1884.00	2456.00
1885.00	2545.00
1886.00	2546.00
1887.00	2606.00
1888.00	2673.00
1889.00	2555.00
1890.00	2591.00
1891.00	2584.00
1892.00	2627.00
1893.00	2564.00
1894.00	2442.00
1895.00	2429.00
1896.00	2369.00
1897.00	2314.00
1898.00	2340.00
1899.00	2300.00
1900.00	2242.00
1901.00	2186.00
1902.00	2005.00
1903.00	2031.00
1904.00	2021.00
1905.00	1969.00
1906.00	1915.00
1907.00	1913.00
1908.00	1933.00
1909.00	1850.00
1910.00	1904.00
1911.00	1839.00
1912.00	1821.00
1913.00	1818.00
1914.00	1840.00
1915.00	1846.00
1916.00	1781.00
1917.00	1753.00
1918.00	1713.00
1919.00	1749.00
1920.00	1773.00
1921.00	1737.00
1922.00	1785.00
1923.00	1745.00
1924.00	1740.00
1925.00	1685.00
1926.00	1733.00
1927.00	1663.00
1928.00	1687.00
1929.00	1626.00
1930.00	1684.00
1931.00	1685.00
1932.00	1636.00
1933.00	1583.00
1934.00	1555.00
1935.00	1576.00
1936.00	1556.00
1937.00	1522.00
1938.00	1511.00
1939.00	1436.00
1940.00	1450.00
1941.00	1419.00
1942.00	1362.00
1943.00	1452.00
1944.00	1459.00
1945.00	1421.00
1946.00	1437.00
1947.00	1453.00
1948.00	1392.00
1949.00	1343.00
1950.00	1308.00
1951.00	1321.00
1952.00	1408.00
1953.00	1390.00
1954.00	1280.00
1955.00	1397.00
1956.00	1393.00
1957.00	1348.00
1958.00	1328.00
1959.00	1346.00
1960.00	1326.00
1961.00	1353.00
1962.00	1336.00
1963.00	1313.00
1964.00	1282.00
1965.00	1258.00
1966.00	1272.00
1967.00	1329.00
1968.00	1291.00
1969.00	1274.00
1970.00	1220.00
1971.00	1321.00
1972.00	1315.00
1973.00	1301.00
1974.00	1225.00
1975.00	1188.00
1976.00	1218.00
1977.00	1270.00
1978.00	1171.00
1979.00	1196.00
1980.00	1243.00
1981.00	1170.00
1982.00	1244.00
1983.00	1145.00
1984.00	1142.00
1985.00	1177.00
1986.00	1181.00
1987.00	1242.00
1988.00	1207.00
1989.00	1119.00
1990.00	1167.00
1991.00	1145.00
1992.00	1081.00
1993.00	1130.00
1994.00	1104.00
1995.00	1132.00
1996.00	1128.00
1997.00	1056.00
1998.00	1040.00
1999.00	1134.00
2000.00	1079.00
2001.00	1116.00
2002.00	1045.00
2003.00	1039.00
2004.00	1076.00
2005.00	1015.00
2006.00	1090.00
2007.00	958.00
2008.00	994.00
2009.00	1035.00
2010.00	996.00
2011.00	1042.00
2012.00	1020.00
2013.00	1003.00
2014.00	1034.00
2015.00	1016.00
2016.00	962.00
2017.00	1023.00
2018.00	964.00
2019.00	983.00
2020.00	941.00
2021.00	917.00
2022.00	948.00
2023.00	974.00
2024.00	907.00
2025.00	935.00
2026.00	948.00
2027.00	963.00
2028.00	959.00
2029.00	884.00
2030.00	921.00
2031.00	889.00
2032.00	918.00
2033.00	883.00
2034.00	845.00
2035.00	925.00
2036.00	829.00
2037.00	803.00
2038.00	848.00
2039.00	810.00
2040.00	854.00
2041.00	894.00
2042.00	789.00
2043.00	826.00
2044.00	838.00
2045.00	872.00
2046.00	794.00
2047.00	744.00
2048.00	 0.00
