Date:	2023-09-18		
Time:	21:16		
Sample name:	Pellets		
Position:	1183.600011	mm	
Sample surface:	5.988642	cm	
Tube anode:	Mo		
Tube voltage:	30	kV	
Tube current:	50	mA	
Comments	not in position		
Gain	5.810000		
peaking_time	0.300000	m-sec	
trigger_threshold	30.000000	V	
mca_bin_width	2.000000	no:	
number_mca_channels	2048.000000	no:	
gap_time	0.100000	m-sec	
trigger_peaking_time	0.050000	m-sec	
livetime	17.174021	seconds	
runtime	20.000284	seconds	
input_count_rate	120181.927955	cps	
output_count_rate	103198.884576	cps	
triggers	2315647.000000	seconds	
events_in_run	2053977.000000	seconds	
channel	content		
 1.00	 0.00
 2.00	 0.00
 3.00	 0.00
 4.00	 0.00
 5.00	 0.00
 6.00	 0.00
 7.00	 0.00
 8.00	 0.00
 9.00	 0.00
10.00	 0.00
11.00	 0.00
12.00	 0.00
13.00	 0.00
14.00	 0.00
15.00	 0.00
16.00	 0.00
17.00	 0.00
18.00	 0.00
19.00	 0.00
20.00	 0.00
21.00	 0.00
22.00	 0.00
23.00	 0.00
24.00	 0.00
25.00	 0.00
26.00	 0.00
27.00	 0.00
28.00	 0.00
29.00	 0.00
30.00	 0.00
31.00	 1.00
32.00	 2.00
33.00	 3.00
34.00	 4.00
35.00	 5.00
36.00	12.00
37.00	15.00
38.00	18.00
39.00	31.00
40.00	40.00
41.00	50.00
42.00	69.00
43.00	97.00
44.00	116.00
45.00	121.00
46.00	150.00
47.00	168.00
48.00	185.00
49.00	215.00
50.00	243.00
51.00	234.00
52.00	255.00
53.00	285.00
54.00	294.00
55.00	324.00
56.00	332.00
57.00	288.00
58.00	304.00
59.00	331.00
60.00	340.00
61.00	370.00
62.00	367.00
63.00	364.00
64.00	367.00
65.00	341.00
66.00	347.00
67.00	386.00
68.00	383.00
69.00	372.00
70.00	402.00
71.00	363.00
72.00	378.00
73.00	340.00
74.00	370.00
75.00	351.00
76.00	348.00
77.00	362.00
78.00	335.00
79.00	355.00
80.00	347.00
81.00	365.00
82.00	355.00
83.00	364.00
84.00	376.00
85.00	373.00
86.00	366.00
87.00	338.00
88.00	320.00
89.00	309.00
90.00	348.00
91.00	344.00
92.00	292.00
93.00	297.00
94.00	339.00
95.00	338.00
96.00	321.00
97.00	308.00
98.00	303.00
99.00	328.00
100.00	298.00
101.00	281.00
102.00	297.00
103.00	293.00
104.00	295.00
105.00	292.00
106.00	302.00
107.00	277.00
108.00	258.00
109.00	283.00
110.00	285.00
111.00	249.00
112.00	247.00
113.00	278.00
114.00	263.00
115.00	260.00
116.00	298.00
117.00	270.00
118.00	254.00
119.00	248.00
120.00	268.00
121.00	263.00
122.00	256.00
123.00	254.00
124.00	272.00
125.00	230.00
126.00	213.00
127.00	230.00
128.00	182.00
129.00	225.00
130.00	211.00
131.00	190.00
132.00	175.00
133.00	213.00
134.00	199.00
135.00	222.00
136.00	246.00
137.00	312.00
138.00	329.00
139.00	433.00
140.00	526.00
141.00	658.00
142.00	761.00
143.00	880.00
144.00	935.00
145.00	1009.00
146.00	906.00
147.00	824.00
148.00	686.00
149.00	685.00
150.00	552.00
151.00	512.00
152.00	490.00
153.00	411.00
154.00	430.00
155.00	411.00
156.00	370.00
157.00	365.00
158.00	367.00
159.00	513.00
160.00	800.00
161.00	1344.00
162.00	2213.00
163.00	3468.00
164.00	5266.00
165.00	7461.00
166.00	9733.00
167.00	11591.00
168.00	13013.00
169.00	13429.00
170.00	13058.00
171.00	11634.00
172.00	9653.00
173.00	7657.00
174.00	5741.00
175.00	4019.00
176.00	2796.00
177.00	2015.00
178.00	1424.00
179.00	1109.00
180.00	874.00
181.00	700.00
182.00	607.00
183.00	472.00
184.00	411.00
185.00	350.00
186.00	392.00
187.00	340.00
188.00	373.00
189.00	378.00
190.00	375.00
191.00	365.00
192.00	389.00
193.00	319.00
194.00	337.00
195.00	296.00
196.00	292.00
197.00	318.00
198.00	293.00
199.00	257.00
200.00	236.00
201.00	198.00
202.00	209.00
203.00	213.00
204.00	207.00
205.00	168.00
206.00	182.00
207.00	155.00
208.00	190.00
209.00	187.00
210.00	183.00
211.00	141.00
212.00	163.00
213.00	183.00
214.00	174.00
215.00	201.00
216.00	205.00
217.00	237.00
218.00	225.00
219.00	251.00
220.00	306.00
221.00	320.00
222.00	371.00
223.00	372.00
224.00	394.00
225.00	355.00
226.00	357.00
227.00	334.00
228.00	295.00
229.00	220.00
230.00	236.00
231.00	238.00
232.00	195.00
233.00	190.00
234.00	182.00
235.00	177.00
236.00	155.00
237.00	175.00
238.00	176.00
239.00	165.00
240.00	161.00
241.00	149.00
242.00	168.00
243.00	163.00
244.00	177.00
245.00	163.00
246.00	149.00
247.00	159.00
248.00	171.00
249.00	181.00
250.00	171.00
251.00	201.00
252.00	181.00
253.00	206.00
254.00	197.00
255.00	199.00
256.00	198.00
257.00	210.00
258.00	179.00
259.00	184.00
260.00	211.00
261.00	204.00
262.00	245.00
263.00	202.00
264.00	251.00
265.00	241.00
266.00	267.00
267.00	264.00
268.00	263.00
269.00	287.00
270.00	260.00
271.00	228.00
272.00	246.00
273.00	230.00
274.00	220.00
275.00	236.00
276.00	263.00
277.00	319.00
278.00	408.00
279.00	547.00
280.00	773.00
281.00	998.00
282.00	1258.00
283.00	1511.00
284.00	1772.00
285.00	2076.00
286.00	2199.00
287.00	2148.00
288.00	2076.00
289.00	1984.00
290.00	1756.00
291.00	1471.00
292.00	1099.00
293.00	878.00
294.00	693.00
295.00	468.00
296.00	370.00
297.00	267.00
298.00	238.00
299.00	226.00
300.00	214.00
301.00	226.00
302.00	241.00
303.00	280.00
304.00	313.00
305.00	365.00
306.00	434.00
307.00	579.00
308.00	650.00
309.00	845.00
310.00	1144.00
311.00	1523.00
312.00	2113.00
313.00	3214.00
314.00	4645.00
315.00	6276.00
316.00	8201.00
317.00	10414.00
318.00	12377.00
319.00	14091.00
320.00	15345.00
321.00	15880.00
322.00	15819.00
323.00	14710.00
324.00	12672.00
325.00	10774.00
326.00	8614.00
327.00	6658.00
328.00	4888.00
329.00	3391.00
330.00	2229.00
331.00	1497.00
332.00	941.00
333.00	630.00
334.00	451.00
335.00	385.00
336.00	380.00
337.00	398.00
338.00	479.00
339.00	623.00
340.00	836.00
341.00	1014.00
342.00	1287.00
343.00	1578.00
344.00	1999.00
345.00	2347.00
346.00	2841.00
347.00	3446.00
348.00	4154.00
349.00	4999.00
350.00	5881.00
351.00	7221.00
352.00	8662.00
353.00	10154.00
354.00	11761.00
355.00	13103.00
356.00	13947.00
357.00	14533.00
358.00	14668.00
359.00	13919.00
360.00	12546.00
361.00	10795.00
362.00	8845.00
363.00	6950.00
364.00	5236.00
365.00	3838.00
366.00	2732.00
367.00	1900.00
368.00	1181.00
369.00	791.00
370.00	523.00
371.00	388.00
372.00	335.00
373.00	295.00
374.00	266.00
375.00	314.00
376.00	358.00
377.00	394.00
378.00	433.00
379.00	575.00
380.00	689.00
381.00	831.00
382.00	1120.00
383.00	1310.00
384.00	1628.00
385.00	1914.00
386.00	1989.00
387.00	2204.00
388.00	2417.00
389.00	2315.00
390.00	2308.00
391.00	2131.00
392.00	1836.00
393.00	1589.00
394.00	1393.00
395.00	1211.00
396.00	980.00
397.00	764.00
398.00	622.00
399.00	503.00
400.00	432.00
401.00	408.00
402.00	346.00
403.00	317.00
404.00	326.00
405.00	330.00
406.00	322.00
407.00	293.00
408.00	295.00
409.00	297.00
410.00	294.00
411.00	290.00
412.00	291.00
413.00	313.00
414.00	362.00
415.00	381.00
416.00	394.00
417.00	393.00
418.00	436.00
419.00	444.00
420.00	527.00
421.00	590.00
422.00	741.00
423.00	925.00
424.00	1315.00
425.00	1705.00
426.00	2519.00
427.00	3154.00
428.00	4367.00
429.00	5812.00
430.00	7628.00
431.00	9299.00
432.00	11098.00
433.00	12764.00
434.00	14346.00
435.00	15146.00
436.00	15748.00
437.00	15462.00
438.00	14928.00
439.00	13447.00
440.00	12165.00
441.00	9992.00
442.00	8496.00
443.00	7066.00
444.00	5719.00
445.00	4725.00
446.00	3835.00
447.00	3497.00
448.00	3088.00
449.00	2844.00
450.00	2612.00
451.00	2422.00
452.00	2265.00
453.00	2145.00
454.00	1884.00
455.00	1710.00
456.00	1492.00
457.00	1350.00
458.00	1239.00
459.00	1232.00
460.00	1164.00
461.00	1163.00
462.00	1288.00
463.00	1346.00
464.00	1450.00
465.00	1569.00
466.00	1753.00
467.00	1958.00
468.00	2196.00
469.00	2348.00
470.00	2561.00
471.00	2884.00
472.00	3194.00
473.00	3339.00
474.00	3770.00
475.00	4005.00
476.00	4055.00
477.00	3982.00
478.00	4095.00
479.00	3945.00
480.00	3763.00
481.00	3342.00
482.00	2880.00
483.00	2574.00
484.00	2184.00
485.00	1791.00
486.00	1563.00
487.00	1311.00
488.00	1130.00
489.00	1053.00
490.00	962.00
491.00	921.00
492.00	834.00
493.00	839.00
494.00	923.00
495.00	934.00
496.00	971.00
497.00	988.00
498.00	1021.00
499.00	1023.00
500.00	1076.00
501.00	1112.00
502.00	1139.00
503.00	1164.00
504.00	1232.00
505.00	1309.00
506.00	1282.00
507.00	1364.00
508.00	1446.00
509.00	1509.00
510.00	1446.00
511.00	1504.00
512.00	1531.00
513.00	1692.00
514.00	1758.00
515.00	1862.00
516.00	1888.00
517.00	2037.00
518.00	2225.00
519.00	2324.00
520.00	2550.00
521.00	2556.00
522.00	2672.00
523.00	2664.00
524.00	2766.00
525.00	2715.00
526.00	2516.00
527.00	2445.00
528.00	2382.00
529.00	2254.00
530.00	2131.00
531.00	1991.00
532.00	1854.00
533.00	1782.00
534.00	1776.00
535.00	1777.00
536.00	1876.00
537.00	1784.00
538.00	1812.00
539.00	1843.00
540.00	1787.00
541.00	1788.00
542.00	1840.00
543.00	1895.00
544.00	1951.00
545.00	1859.00
546.00	1785.00
547.00	1921.00
548.00	1869.00
549.00	1887.00
550.00	1966.00
551.00	1908.00
552.00	2042.00
553.00	2102.00
554.00	2218.00
555.00	2480.00
556.00	2837.00
557.00	3436.00
558.00	4090.00
559.00	4973.00
560.00	6235.00
561.00	7820.00
562.00	9638.00
563.00	11853.00
564.00	14120.00
565.00	16637.00
566.00	18795.00
567.00	20983.00
568.00	22133.00
569.00	23178.00
570.00	23169.00
571.00	23012.00
572.00	21677.00
573.00	20022.00
574.00	18083.00
575.00	15786.00
576.00	13502.00
577.00	11197.00
578.00	8993.00
579.00	7343.00
580.00	5749.00
581.00	4695.00
582.00	3848.00
583.00	3268.00
584.00	2827.00
585.00	2588.00
586.00	2446.00
587.00	2304.00
588.00	2352.00
589.00	2434.00
590.00	2553.00
591.00	2499.00
592.00	2731.00
593.00	2780.00
594.00	3014.00
595.00	3106.00
596.00	3471.00
597.00	3884.00
598.00	4647.00
599.00	5547.00
600.00	7051.00
601.00	9502.00
602.00	12816.00
603.00	17965.00
604.00	25229.00
605.00	36431.00
606.00	50971.00
607.00	71030.00
608.00	96290.00
609.00	127873.00
610.00	166497.00
611.00	209106.00
612.00	257443.00
613.00	306116.00
614.00	355526.00
615.00	398865.00
616.00	435412.00
617.00	461055.00
618.00	474526.00
619.00	472233.00
620.00	456225.00
621.00	429271.00
622.00	391498.00
623.00	344820.00
624.00	296810.00
625.00	246960.00
626.00	199383.00
627.00	157140.00
628.00	120280.00
629.00	90334.00
630.00	65581.00
631.00	46899.00
632.00	32951.00
633.00	23276.00
634.00	16240.00
635.00	11524.00
636.00	8562.00
637.00	6595.00
638.00	5243.00
639.00	4573.00
640.00	3973.00
641.00	3827.00
642.00	3647.00
643.00	3485.00
644.00	3481.00
645.00	3414.00
646.00	3540.00
647.00	3504.00
648.00	3488.00
649.00	3563.00
650.00	3569.00
651.00	3573.00
652.00	3572.00
653.00	3884.00
654.00	3856.00
655.00	4103.00
656.00	4202.00
657.00	4137.00
658.00	4449.00
659.00	4551.00
660.00	4696.00
661.00	5220.00
662.00	5387.00
663.00	5895.00
664.00	6536.00
665.00	7443.00
666.00	8336.00
667.00	10025.00
668.00	11881.00
669.00	14496.00
670.00	17630.00
671.00	21466.00
672.00	26747.00
673.00	31997.00
674.00	38834.00
675.00	45599.00
676.00	52453.00
677.00	59551.00
678.00	65734.00
679.00	70977.00
680.00	73969.00
681.00	76445.00
682.00	76595.00
683.00	73922.00
684.00	70752.00
685.00	65605.00
686.00	58776.00
687.00	52291.00
688.00	43777.00
689.00	37138.00
690.00	30300.00
691.00	24520.00
692.00	19329.00
693.00	15111.00
694.00	11685.00
695.00	9225.00
696.00	7123.00
697.00	5864.00
698.00	4798.00
699.00	4180.00
700.00	3827.00
701.00	3589.00
702.00	3424.00
703.00	3467.00
704.00	3446.00
705.00	3325.00
706.00	3397.00
707.00	3485.00
708.00	3540.00
709.00	3567.00
710.00	3763.00
711.00	3943.00
712.00	4066.00
713.00	4083.00
714.00	4323.00
715.00	4593.00
716.00	4852.00
717.00	4933.00
718.00	5042.00
719.00	5240.00
720.00	5246.00
721.00	5223.00
722.00	5189.00
723.00	5357.00
724.00	5216.00
725.00	4861.00
726.00	4755.00
727.00	4722.00
728.00	4580.00
729.00	4245.00
730.00	4088.00
731.00	3801.00
732.00	3712.00
733.00	3551.00
734.00	3464.00
735.00	3489.00
736.00	3447.00
737.00	3308.00
738.00	3232.00
739.00	3312.00
740.00	3216.00
741.00	3076.00
742.00	3232.00
743.00	3280.00
744.00	3170.00
745.00	3058.00
746.00	3233.00
747.00	3217.00
748.00	3104.00
749.00	3027.00
750.00	3180.00
751.00	3241.00
752.00	3152.00
753.00	3222.00
754.00	3221.00
755.00	3233.00
756.00	3278.00
757.00	3312.00
758.00	3471.00
759.00	3418.00
760.00	3434.00
761.00	3544.00
762.00	3700.00
763.00	3716.00
764.00	3997.00
765.00	3970.00
766.00	4013.00
767.00	4255.00
768.00	4398.00
769.00	4633.00
770.00	4877.00
771.00	4896.00
772.00	5011.00
773.00	5201.00
774.00	5418.00
775.00	5451.00
776.00	5708.00
777.00	5660.00
778.00	5934.00
779.00	5748.00
780.00	5900.00
781.00	5862.00
782.00	5638.00
783.00	5475.00
784.00	5488.00
785.00	5356.00
786.00	5259.00
787.00	5308.00
788.00	5272.00
789.00	5310.00
790.00	5209.00
791.00	5347.00
792.00	5371.00
793.00	5516.00
794.00	5475.00
795.00	5539.00
796.00	5483.00
797.00	5504.00
798.00	5613.00
799.00	5597.00
800.00	5614.00
801.00	5676.00
802.00	5696.00
803.00	5679.00
804.00	5766.00
805.00	5760.00
806.00	5779.00
807.00	5632.00
808.00	5696.00
809.00	5658.00
810.00	5568.00
811.00	5594.00
812.00	5748.00
813.00	5782.00
814.00	5514.00
815.00	5769.00
816.00	5523.00
817.00	5527.00
818.00	5735.00
819.00	5880.00
820.00	6011.00
821.00	6217.00
822.00	6546.00
823.00	6672.00
824.00	7233.00
825.00	7729.00
826.00	8145.00
827.00	8498.00
828.00	9151.00
829.00	9705.00
830.00	9965.00
831.00	10414.00
832.00	10459.00
833.00	10756.00
834.00	10753.00
835.00	10362.00
836.00	10241.00
837.00	9835.00
838.00	9502.00
839.00	9109.00
840.00	8578.00
841.00	8063.00
842.00	7472.00
843.00	7160.00
844.00	6845.00
845.00	6573.00
846.00	6232.00
847.00	6024.00
848.00	5877.00
849.00	5704.00
850.00	5738.00
851.00	5715.00
852.00	5752.00
853.00	5667.00
854.00	5678.00
855.00	5667.00
856.00	5901.00
857.00	5753.00
858.00	5862.00
859.00	5866.00
860.00	5860.00
861.00	5762.00
862.00	5838.00
863.00	5833.00
864.00	5789.00
865.00	5788.00
866.00	5932.00
867.00	5673.00
868.00	5898.00
869.00	5882.00
870.00	5908.00
871.00	5894.00
872.00	5943.00
873.00	5852.00
874.00	5956.00
875.00	6000.00
876.00	6071.00
877.00	5984.00
878.00	6175.00
879.00	6163.00
880.00	6124.00
881.00	6356.00
882.00	6465.00
883.00	6434.00
884.00	6376.00
885.00	6739.00
886.00	6605.00
887.00	6525.00
888.00	6840.00
889.00	6821.00
890.00	6905.00
891.00	6861.00
892.00	6958.00
893.00	6781.00
894.00	6932.00
895.00	6944.00
896.00	6807.00
897.00	6922.00
898.00	7032.00
899.00	6933.00
900.00	6900.00
901.00	6924.00
902.00	6804.00
903.00	6863.00
904.00	6730.00
905.00	6916.00
906.00	7034.00
907.00	6843.00
908.00	6690.00
909.00	6834.00
910.00	6851.00
911.00	6933.00
912.00	7019.00
913.00	7150.00
914.00	7223.00
915.00	7307.00
916.00	7246.00
917.00	7470.00
918.00	7639.00
919.00	7572.00
920.00	7728.00
921.00	7709.00
922.00	7833.00
923.00	7836.00
924.00	7850.00
925.00	8064.00
926.00	8038.00
927.00	7911.00
928.00	7779.00
929.00	7850.00
930.00	7692.00
931.00	7554.00
932.00	7613.00
933.00	7626.00
934.00	7666.00
935.00	7329.00
936.00	7274.00
937.00	7228.00
938.00	7208.00
939.00	7245.00
940.00	7166.00
941.00	7182.00
942.00	7087.00
943.00	7160.00
944.00	6947.00
945.00	7136.00
946.00	7006.00
947.00	7161.00
948.00	7084.00
949.00	7163.00
950.00	7081.00
951.00	7036.00
952.00	7057.00
953.00	6918.00
954.00	7047.00
955.00	6977.00
956.00	7039.00
957.00	7016.00
958.00	7006.00
959.00	7274.00
960.00	7038.00
961.00	6999.00
962.00	7162.00
963.00	7236.00
964.00	7085.00
965.00	7252.00
966.00	6990.00
967.00	7130.00
968.00	7120.00
969.00	7151.00
970.00	7084.00
971.00	7130.00
972.00	7139.00
973.00	7198.00
974.00	7100.00
975.00	7083.00
976.00	7218.00
977.00	7345.00
978.00	7145.00
979.00	7049.00
980.00	7131.00
981.00	7223.00
982.00	7329.00
983.00	7348.00
984.00	7381.00
985.00	7323.00
986.00	7154.00
987.00	7267.00
988.00	7288.00
989.00	7214.00
990.00	7401.00
991.00	7277.00
992.00	7361.00
993.00	7347.00
994.00	7333.00
995.00	7285.00
996.00	7349.00
997.00	7249.00
998.00	7613.00
999.00	7491.00
1000.00	7304.00
1001.00	7506.00
1002.00	7360.00
1003.00	7551.00
1004.00	7486.00
1005.00	7567.00
1006.00	7690.00
1007.00	7734.00
1008.00	7835.00
1009.00	7766.00
1010.00	7813.00
1011.00	7904.00
1012.00	8029.00
1013.00	7936.00
1014.00	8104.00
1015.00	8095.00
1016.00	8267.00
1017.00	8236.00
1018.00	8133.00
1019.00	8137.00
1020.00	7978.00
1021.00	7984.00
1022.00	7837.00
1023.00	7861.00
1024.00	7842.00
1025.00	7666.00
1026.00	7582.00
1027.00	7660.00
1028.00	7370.00
1029.00	7647.00
1030.00	7350.00
1031.00	7391.00
1032.00	7548.00
1033.00	7279.00
1034.00	7207.00
1035.00	7368.00
1036.00	7241.00
1037.00	7353.00
1038.00	7510.00
1039.00	7264.00
1040.00	7378.00
1041.00	7393.00
1042.00	7355.00
1043.00	7511.00
1044.00	7474.00
1045.00	7519.00
1046.00	7407.00
1047.00	7469.00
1048.00	7608.00
1049.00	7528.00
1050.00	7646.00
1051.00	7723.00
1052.00	7553.00
1053.00	7616.00
1054.00	7782.00
1055.00	7620.00
1056.00	7643.00
1057.00	7699.00
1058.00	7628.00
1059.00	7556.00
1060.00	7565.00
1061.00	7550.00
1062.00	7650.00
1063.00	7697.00
1064.00	7536.00
1065.00	7750.00
1066.00	7760.00
1067.00	7585.00
1068.00	7629.00
1069.00	7697.00
1070.00	7901.00
1071.00	7678.00
1072.00	7559.00
1073.00	7923.00
1074.00	7916.00
1075.00	7988.00
1076.00	7992.00
1077.00	7858.00
1078.00	7851.00
1079.00	7886.00
1080.00	7841.00
1081.00	7997.00
1082.00	7785.00
1083.00	7963.00
1084.00	7836.00
1085.00	7910.00
1086.00	7832.00
1087.00	7920.00
1088.00	7922.00
1089.00	7793.00
1090.00	8042.00
1091.00	7955.00
1092.00	7838.00
1093.00	7851.00
1094.00	8092.00
1095.00	8093.00
1096.00	8056.00
1097.00	7936.00
1098.00	7924.00
1099.00	8062.00
1100.00	8013.00
1101.00	8122.00
1102.00	8142.00
1103.00	7933.00
1104.00	8209.00
1105.00	7997.00
1106.00	8100.00
1107.00	7979.00
1108.00	7895.00
1109.00	7941.00
1110.00	8137.00
1111.00	8094.00
1112.00	8042.00
1113.00	8034.00
1114.00	7983.00
1115.00	8007.00
1116.00	8081.00
1117.00	8046.00
1118.00	7716.00
1119.00	7997.00
1120.00	8071.00
1121.00	7965.00
1122.00	8071.00
1123.00	7890.00
1124.00	8001.00
1125.00	7876.00
1126.00	7868.00
1127.00	8009.00
1128.00	7993.00
1129.00	8146.00
1130.00	7878.00
1131.00	8126.00
1132.00	7981.00
1133.00	7938.00
1134.00	8034.00
1135.00	8068.00
1136.00	7978.00
1137.00	8025.00
1138.00	7958.00
1139.00	8111.00
1140.00	8088.00
1141.00	8101.00
1142.00	8093.00
1143.00	8267.00
1144.00	8149.00
1145.00	8336.00
1146.00	8249.00
1147.00	8115.00
1148.00	8246.00
1149.00	8380.00
1150.00	8276.00
1151.00	8156.00
1152.00	8141.00
1153.00	8133.00
1154.00	8176.00
1155.00	8215.00
1156.00	8097.00
1157.00	8043.00
1158.00	7880.00
1159.00	7945.00
1160.00	8052.00
1161.00	7985.00
1162.00	7941.00
1163.00	7985.00
1164.00	7964.00
1165.00	7992.00
1166.00	7810.00
1167.00	7763.00
1168.00	7877.00
1169.00	7909.00
1170.00	7816.00
1171.00	7925.00
1172.00	7817.00
1173.00	7878.00
1174.00	8025.00
1175.00	7886.00
1176.00	7818.00
1177.00	7956.00
1178.00	7838.00
1179.00	7967.00
1180.00	7985.00
1181.00	8017.00
1182.00	7999.00
1183.00	7994.00
1184.00	7854.00
1185.00	7958.00
1186.00	7957.00
1187.00	7986.00
1188.00	8086.00
1189.00	8104.00
1190.00	7993.00
1191.00	7921.00
1192.00	7951.00
1193.00	7917.00
1194.00	7982.00
1195.00	7913.00
1196.00	7883.00
1197.00	8051.00
1198.00	7890.00
1199.00	7991.00
1200.00	8108.00
1201.00	8012.00
1202.00	8218.00
1203.00	8152.00
1204.00	8033.00
1205.00	8126.00
1206.00	8199.00
1207.00	8258.00
1208.00	8267.00
1209.00	8291.00
1210.00	8497.00
1211.00	8415.00
1212.00	8439.00
1213.00	8309.00
1214.00	8521.00
1215.00	8585.00
1216.00	8539.00
1217.00	8447.00
1218.00	8623.00
1219.00	8722.00
1220.00	8700.00
1221.00	8755.00
1222.00	8772.00
1223.00	8579.00
1224.00	8722.00
1225.00	8852.00
1226.00	8926.00
1227.00	8937.00
1228.00	8875.00
1229.00	8985.00
1230.00	9026.00
1231.00	8955.00
1232.00	8977.00
1233.00	9069.00
1234.00	9090.00
1235.00	9063.00
1236.00	8990.00
1237.00	8926.00
1238.00	9131.00
1239.00	8846.00
1240.00	8704.00
1241.00	8600.00
1242.00	8779.00
1243.00	8533.00
1244.00	8464.00
1245.00	8541.00
1246.00	8433.00
1247.00	8321.00
1248.00	8097.00
1249.00	8172.00
1250.00	8327.00
1251.00	8178.00
1252.00	8223.00
1253.00	8060.00
1254.00	8031.00
1255.00	8156.00
1256.00	8075.00
1257.00	7992.00
1258.00	7885.00
1259.00	8211.00
1260.00	8064.00
1261.00	8021.00
1262.00	8065.00
1263.00	8240.00
1264.00	8224.00
1265.00	7913.00
1266.00	7990.00
1267.00	8210.00
1268.00	8223.00
1269.00	8259.00
1270.00	8021.00
1271.00	8169.00
1272.00	8122.00
1273.00	8102.00
1274.00	8350.00
1275.00	8365.00
1276.00	8561.00
1277.00	8362.00
1278.00	8629.00
1279.00	8731.00
1280.00	8954.00
1281.00	8892.00
1282.00	8927.00
1283.00	9049.00
1284.00	9231.00
1285.00	9448.00
1286.00	9577.00
1287.00	9657.00
1288.00	9823.00
1289.00	9711.00
1290.00	9725.00
1291.00	9864.00
1292.00	9692.00
1293.00	9674.00
1294.00	9962.00
1295.00	9537.00
1296.00	9526.00
1297.00	9378.00
1298.00	9274.00
1299.00	9009.00
1300.00	8931.00
1301.00	8997.00
1302.00	8595.00
1303.00	8691.00
1304.00	8458.00
1305.00	8530.00
1306.00	8373.00
1307.00	8192.00
1308.00	7948.00
1309.00	7946.00
1310.00	8083.00
1311.00	7995.00
1312.00	7972.00
1313.00	7854.00
1314.00	7951.00
1315.00	8009.00
1316.00	7834.00
1317.00	7892.00
1318.00	7729.00
1319.00	7691.00
1320.00	7885.00
1321.00	7745.00
1322.00	7937.00
1323.00	7630.00
1324.00	7772.00
1325.00	7663.00
1326.00	7824.00
1327.00	7875.00
1328.00	7714.00
1329.00	7781.00
1330.00	7900.00
1331.00	7726.00
1332.00	7857.00
1333.00	7825.00
1334.00	7618.00
1335.00	7821.00
1336.00	7710.00
1337.00	7878.00
1338.00	7889.00
1339.00	7795.00
1340.00	7849.00
1341.00	7703.00
1342.00	7770.00
1343.00	7830.00
1344.00	7674.00
1345.00	7819.00
1346.00	7815.00
1347.00	7955.00
1348.00	8097.00
1349.00	8131.00
1350.00	8153.00
1351.00	8175.00
1352.00	8091.00
1353.00	8276.00
1354.00	8327.00
1355.00	8559.00
1356.00	8638.00
1357.00	8668.00
1358.00	8729.00
1359.00	8907.00
1360.00	8952.00
1361.00	8960.00
1362.00	8777.00
1363.00	9018.00
1364.00	9007.00
1365.00	8984.00
1366.00	9021.00
1367.00	8829.00
1368.00	8773.00
1369.00	8655.00
1370.00	8654.00
1371.00	8519.00
1372.00	8264.00
1373.00	8404.00
1374.00	8085.00
1375.00	8029.00
1376.00	7977.00
1377.00	7651.00
1378.00	7743.00
1379.00	7566.00
1380.00	7433.00
1381.00	7409.00
1382.00	7392.00
1383.00	7388.00
1384.00	7385.00
1385.00	7216.00
1386.00	7286.00
1387.00	7170.00
1388.00	7168.00
1389.00	7121.00
1390.00	7044.00
1391.00	7088.00
1392.00	7099.00
1393.00	7174.00
1394.00	7052.00
1395.00	7097.00
1396.00	7108.00
1397.00	6930.00
1398.00	7095.00
1399.00	6988.00
1400.00	7139.00
1401.00	6989.00
1402.00	7096.00
1403.00	6931.00
1404.00	6870.00
1405.00	6955.00
1406.00	6961.00
1407.00	6966.00
1408.00	6809.00
1409.00	6893.00
1410.00	6839.00
1411.00	6976.00
1412.00	6865.00
1413.00	6781.00
1414.00	7006.00
1415.00	6821.00
1416.00	6918.00
1417.00	6917.00
1418.00	6972.00
1419.00	6897.00
1420.00	6915.00
1421.00	6872.00
1422.00	6874.00
1423.00	7132.00
1424.00	6882.00
1425.00	6915.00
1426.00	6963.00
1427.00	7107.00
1428.00	6998.00
1429.00	7051.00
1430.00	7062.00
1431.00	7249.00
1432.00	7172.00
1433.00	7193.00
1434.00	7205.00
1435.00	7222.00
1436.00	7188.00
1437.00	7449.00
1438.00	7331.00
1439.00	7295.00
1440.00	7287.00
1441.00	7392.00
1442.00	7495.00
1443.00	7487.00
1444.00	7297.00
1445.00	7266.00
1446.00	7287.00
1447.00	7243.00
1448.00	7335.00
1449.00	7088.00
1450.00	7080.00
1451.00	7025.00
1452.00	6977.00
1453.00	6847.00
1454.00	6901.00
1455.00	6647.00
1456.00	6794.00
1457.00	6961.00
1458.00	6644.00
1459.00	6590.00
1460.00	6818.00
1461.00	6670.00
1462.00	6798.00
1463.00	6704.00
1464.00	6688.00
1465.00	6642.00
1466.00	6608.00
1467.00	6666.00
1468.00	6758.00
1469.00	6514.00
1470.00	6688.00
1471.00	6666.00
1472.00	6504.00
1473.00	6567.00
1474.00	6611.00
1475.00	6530.00
1476.00	6510.00
1477.00	6458.00
1478.00	6650.00
1479.00	6501.00
1480.00	6585.00
1481.00	6530.00
1482.00	6704.00
1483.00	6537.00
1484.00	6528.00
1485.00	6763.00
1486.00	6652.00
1487.00	6763.00
1488.00	6525.00
1489.00	6457.00
1490.00	6684.00
1491.00	6427.00
1492.00	6590.00
1493.00	6525.00
1494.00	6548.00
1495.00	6417.00
1496.00	6681.00
1497.00	6645.00
1498.00	6502.00
1499.00	6734.00
1500.00	6800.00
1501.00	6729.00
1502.00	6865.00
1503.00	6980.00
1504.00	6964.00
1505.00	7016.00
1506.00	7079.00
1507.00	7104.00
1508.00	7130.00
1509.00	7303.00
1510.00	7171.00
1511.00	7463.00
1512.00	7584.00
1513.00	7609.00
1514.00	7603.00
1515.00	7755.00
1516.00	7565.00
1517.00	7796.00
1518.00	7782.00
1519.00	7755.00
1520.00	7870.00
1521.00	7836.00
1522.00	7840.00
1523.00	7816.00
1524.00	7882.00
1525.00	7768.00
1526.00	7796.00
1527.00	7614.00
1528.00	7605.00
1529.00	7600.00
1530.00	7523.00
1531.00	7450.00
1532.00	7516.00
1533.00	7317.00
1534.00	7237.00
1535.00	7289.00
1536.00	7056.00
1537.00	7297.00
1538.00	7116.00
1539.00	7284.00
1540.00	7201.00
1541.00	7336.00
1542.00	7139.00
1543.00	7199.00
1544.00	7305.00
1545.00	7345.00
1546.00	7490.00
1547.00	7456.00
1548.00	7513.00
1549.00	7498.00
1550.00	7683.00
1551.00	7649.00
1552.00	7754.00
1553.00	7837.00
1554.00	8042.00
1555.00	8054.00
1556.00	8119.00
1557.00	8193.00
1558.00	8375.00
1559.00	8478.00
1560.00	8784.00
1561.00	8749.00
1562.00	8650.00
1563.00	9164.00
1564.00	9196.00
1565.00	9282.00
1566.00	9249.00
1567.00	9656.00
1568.00	9740.00
1569.00	9825.00
1570.00	9957.00
1571.00	10364.00
1572.00	10395.00
1573.00	10616.00
1574.00	10469.00
1575.00	10946.00
1576.00	10670.00
1577.00	10931.00
1578.00	11071.00
1579.00	11258.00
1580.00	11390.00
1581.00	11509.00
1582.00	11510.00
1583.00	11661.00
1584.00	11636.00
1585.00	11576.00
1586.00	11883.00
1587.00	11675.00
1588.00	11752.00
1589.00	11846.00
1590.00	11689.00
1591.00	11662.00
1592.00	11684.00
1593.00	11672.00
1594.00	11344.00
1595.00	11310.00
1596.00	11509.00
1597.00	11287.00
1598.00	11146.00
1599.00	11015.00
1600.00	10953.00
1601.00	10804.00
1602.00	10721.00
1603.00	10766.00
1604.00	10492.00
1605.00	10315.00
1606.00	10188.00
1607.00	10134.00
1608.00	9660.00
1609.00	9474.00
1610.00	9283.00
1611.00	9319.00
1612.00	9177.00
1613.00	8805.00
1614.00	8822.00
1615.00	8766.00
1616.00	8382.00
1617.00	8181.00
1618.00	8266.00
1619.00	7992.00
1620.00	7755.00
1621.00	7656.00
1622.00	7473.00
1623.00	7472.00
1624.00	7352.00
1625.00	7090.00
1626.00	7134.00
1627.00	6890.00
1628.00	6797.00
1629.00	6717.00
1630.00	6618.00
1631.00	6628.00
1632.00	6386.00
1633.00	6480.00
1634.00	6225.00
1635.00	6200.00
1636.00	6231.00
1637.00	5981.00
1638.00	5938.00
1639.00	5939.00
1640.00	5925.00
1641.00	5760.00
1642.00	5726.00
1643.00	5710.00
1644.00	5742.00
1645.00	5587.00
1646.00	5722.00
1647.00	5509.00
1648.00	5404.00
1649.00	5536.00
1650.00	5341.00
1651.00	5474.00
1652.00	5328.00
1653.00	5274.00
1654.00	5421.00
1655.00	5402.00
1656.00	5599.00
1657.00	5624.00
1658.00	5535.00
1659.00	5571.00
1660.00	5625.00
1661.00	5807.00
1662.00	5712.00
1663.00	6055.00
1664.00	6249.00
1665.00	6256.00
1666.00	6467.00
1667.00	6800.00
1668.00	6973.00
1669.00	7054.00
1670.00	7546.00
1671.00	7675.00
1672.00	8037.00
1673.00	8120.00
1674.00	8221.00
1675.00	8644.00
1676.00	8913.00
1677.00	8930.00
1678.00	9235.00
1679.00	9508.00
1680.00	9466.00
1681.00	9599.00
1682.00	9710.00
1683.00	9665.00
1684.00	9445.00
1685.00	9472.00
1686.00	9187.00
1687.00	8866.00
1688.00	8818.00
1689.00	8690.00
1690.00	8366.00
1691.00	7949.00
1692.00	7615.00
1693.00	7314.00
1694.00	7144.00
1695.00	6736.00
1696.00	6474.00
1697.00	6285.00
1698.00	5850.00
1699.00	5695.00
1700.00	5446.00
1701.00	5285.00
1702.00	5083.00
1703.00	5042.00
1704.00	4933.00
1705.00	4734.00
1706.00	4780.00
1707.00	4487.00
1708.00	4545.00
1709.00	4618.00
1710.00	4336.00
1711.00	4324.00
1712.00	4323.00
1713.00	4326.00
1714.00	4278.00
1715.00	4257.00
1716.00	4190.00
1717.00	4215.00
1718.00	4225.00
1719.00	4149.00
1720.00	4051.00
1721.00	4170.00
1722.00	4177.00
1723.00	4137.00
1724.00	4165.00
1725.00	4246.00
1726.00	4088.00
1727.00	4195.00
1728.00	4044.00
1729.00	4108.00
1730.00	4099.00
1731.00	4092.00
1732.00	4082.00
1733.00	4094.00
1734.00	4282.00
1735.00	4144.00
1736.00	4088.00
1737.00	4070.00
1738.00	4187.00
1739.00	4239.00
1740.00	4179.00
1741.00	4175.00
1742.00	4222.00
1743.00	4290.00
1744.00	4058.00
1745.00	4241.00
1746.00	4032.00
1747.00	4172.00
1748.00	4193.00
1749.00	4229.00
1750.00	4475.00
1751.00	4346.00
1752.00	4306.00
1753.00	4206.00
1754.00	4200.00
1755.00	4293.00
1756.00	4363.00
1757.00	4390.00
1758.00	4422.00
1759.00	4460.00
1760.00	4359.00
1761.00	4447.00
1762.00	4360.00
1763.00	4258.00
1764.00	4373.00
1765.00	4359.00
1766.00	4364.00
1767.00	4438.00
1768.00	4309.00
1769.00	4362.00
1770.00	4427.00
1771.00	4424.00
1772.00	4295.00
1773.00	4408.00
1774.00	4249.00
1775.00	4393.00
1776.00	4157.00
1777.00	4221.00
1778.00	4331.00
1779.00	4296.00
1780.00	4249.00
1781.00	4245.00
1782.00	4173.00
1783.00	4060.00
1784.00	4092.00
1785.00	4028.00
1786.00	4104.00
1787.00	4035.00
1788.00	3890.00
1789.00	3916.00
1790.00	4037.00
1791.00	3881.00
1792.00	3839.00
1793.00	3877.00
1794.00	3863.00
1795.00	3691.00
1796.00	3695.00
1797.00	3681.00
1798.00	3603.00
1799.00	3669.00
1800.00	3518.00
1801.00	3477.00
1802.00	3498.00
1803.00	3448.00
1804.00	3420.00
1805.00	3266.00
1806.00	3393.00
1807.00	3278.00
1808.00	3160.00
1809.00	3188.00
1810.00	3118.00
1811.00	3152.00
1812.00	3043.00
1813.00	3060.00
1814.00	3080.00
1815.00	3071.00
1816.00	2949.00
1817.00	2993.00
1818.00	2865.00
1819.00	2939.00
1820.00	2850.00
1821.00	2880.00
1822.00	2879.00
1823.00	2768.00
1824.00	2733.00
1825.00	2748.00
1826.00	2654.00
1827.00	2568.00
1828.00	2681.00
1829.00	2615.00
1830.00	2609.00
1831.00	2598.00
1832.00	2564.00
1833.00	2516.00
1834.00	2475.00
1835.00	2607.00
1836.00	2496.00
1837.00	2434.00
1838.00	2391.00
1839.00	2437.00
1840.00	2414.00
1841.00	2354.00
1842.00	2330.00
1843.00	2314.00
1844.00	2404.00
1845.00	2306.00
1846.00	2305.00
1847.00	2356.00
1848.00	2294.00
1849.00	2346.00
1850.00	2313.00
1851.00	2256.00
1852.00	2180.00
1853.00	2253.00
1854.00	2311.00
1855.00	2220.00
1856.00	2238.00
1857.00	2127.00
1858.00	2164.00
1859.00	2150.00
1860.00	2202.00
1861.00	2156.00
1862.00	2052.00
1863.00	2138.00
1864.00	2061.00
1865.00	2154.00
1866.00	2025.00
1867.00	2125.00
1868.00	2105.00
1869.00	2173.00
1870.00	2090.00
1871.00	2105.00
1872.00	2143.00
1873.00	2208.00
1874.00	2200.00
1875.00	2260.00
1876.00	2237.00
1877.00	2231.00
1878.00	2324.00
1879.00	2343.00
1880.00	2317.00
1881.00	2378.00
1882.00	2403.00
1883.00	2319.00
1884.00	2475.00
1885.00	2498.00
1886.00	2431.00
1887.00	2517.00
1888.00	2438.00
1889.00	2536.00
1890.00	2516.00
1891.00	2559.00
1892.00	2497.00
1893.00	2471.00
1894.00	2461.00
1895.00	2368.00
1896.00	2293.00
1897.00	2311.00
1898.00	2228.00
1899.00	2249.00
1900.00	2119.00
1901.00	2070.00
1902.00	2056.00
1903.00	2049.00
1904.00	2023.00
1905.00	1898.00
1906.00	1973.00
1907.00	1960.00
1908.00	1776.00
1909.00	1830.00
1910.00	1794.00
1911.00	1802.00
1912.00	1792.00
1913.00	1710.00
1914.00	1729.00
1915.00	1726.00
1916.00	1739.00
1917.00	1637.00
1918.00	1690.00
1919.00	1701.00
1920.00	1785.00
1921.00	1708.00
1922.00	1673.00
1923.00	1633.00
1924.00	1726.00
1925.00	1644.00
1926.00	1699.00
1927.00	1636.00
1928.00	1671.00
1929.00	1631.00
1930.00	1625.00
1931.00	1575.00
1932.00	1605.00
1933.00	1559.00
1934.00	1422.00
1935.00	1542.00
1936.00	1438.00
1937.00	1511.00
1938.00	1453.00
1939.00	1395.00
1940.00	1428.00
1941.00	1415.00
1942.00	1388.00
1943.00	1421.00
1944.00	1363.00
1945.00	1379.00
1946.00	1385.00
1947.00	1357.00
1948.00	1314.00
1949.00	1386.00
1950.00	1325.00
1951.00	1321.00
1952.00	1343.00
1953.00	1308.00
1954.00	1411.00
1955.00	1328.00
1956.00	1361.00
1957.00	1345.00
1958.00	1316.00
1959.00	1335.00
1960.00	1316.00
1961.00	1248.00
1962.00	1268.00
1963.00	1293.00
1964.00	1282.00
1965.00	1290.00
1966.00	1242.00
1967.00	1239.00
1968.00	1240.00
1969.00	1223.00
1970.00	1186.00
1971.00	1260.00
1972.00	1239.00
1973.00	1160.00
1974.00	1211.00
1975.00	1204.00
1976.00	1254.00
1977.00	1182.00
1978.00	1213.00
1979.00	1175.00
1980.00	1156.00
1981.00	1176.00
1982.00	1168.00
1983.00	1131.00
1984.00	1158.00
1985.00	1194.00
1986.00	1179.00
1987.00	1140.00
1988.00	1161.00
1989.00	1092.00
1990.00	1117.00
1991.00	1195.00
1992.00	1079.00
1993.00	1053.00
1994.00	1073.00
1995.00	1127.00
1996.00	1042.00
1997.00	1038.00
1998.00	1084.00
1999.00	1039.00
2000.00	1063.00
2001.00	1063.00
2002.00	974.00
2003.00	1007.00
2004.00	1024.00
2005.00	1099.00
2006.00	1022.00
2007.00	1018.00
2008.00	970.00
2009.00	1076.00
2010.00	971.00
2011.00	996.00
2012.00	945.00
2013.00	1018.00
2014.00	968.00
2015.00	872.00
2016.00	974.00
2017.00	953.00
2018.00	997.00
2019.00	973.00
2020.00	966.00
2021.00	949.00
2022.00	901.00
2023.00	963.00
2024.00	945.00
2025.00	914.00
2026.00	875.00
2027.00	861.00
2028.00	882.00
2029.00	896.00
2030.00	839.00
2031.00	889.00
2032.00	877.00
2033.00	889.00
2034.00	913.00
2035.00	850.00
2036.00	783.00
2037.00	764.00
2038.00	805.00
2039.00	754.00
2040.00	821.00
2041.00	860.00
2042.00	811.00
2043.00	791.00
2044.00	819.00
2045.00	800.00
2046.00	788.00
2047.00	731.00
2048.00	 0.00
