C:\Data\UCD\Agriculture\Sharon_ORourke\Shayan\51     2023-09-20  re-evaluated data
peakarea
filename	position (mm)	sample surface	validity	E-gain	E-offset	F-slope	F-offset	cps	MSE	Al	Si	S	Cl	Ar	K	Ca	Ti	V	Cr	Mn	Fe	Ni	Cu	Zn	As	Br	Rb	Sr	Zr	Sb	Ba	Ce	Pr	Nd	Sm	Eu	Gd	Fe a*2	Fe a+b	Fe X1	Fe X2	Fe X3	W La	W Lb1	W Lb2	W La inel	W Lb1 inel	W Lb2 inel	Mo inc	Mo coh	Dt	
C:\Data\UCD\Agriculture\Sharon_ORourke\Shayan\51\XRF data\L000000.spe	22.00	5.88	1	0.010379	-0.008249	0.010160	0.076187	100753	4.60	1.508	11.047	0.000	0.000	2.544	25.982	372.573	16.317	1.584	2.038	19.024	408.557	1.612	2.330	3.039	1.010	0.412	1.737	7.777	0.636	1.779	0.656	0.549	0.666	0.684	1.087	0.068	0.039	1.846	0.211	9.731	1.440	1.396	1.009	1.660	1.864	0.337	1.614	0.713	29.278	13.296	0.129	
C:\Data\UCD\Agriculture\Sharon_ORourke\Shayan\51\XRF data\L000001.spe	22.20	5.88	1	0.010379	-0.008249	0.010005	0.076187	100700	4.56	1.170	11.119	0.000	0.011	2.474	25.768	361.143	15.510	1.529	2.100	19.046	411.887	1.939	1.861	2.968	0.956	0.713	1.940	8.409	0.330	2.275	0.903	0.493	0.576	0.702	1.158	0.000	0.000	2.005	0.064	10.380	1.792	1.851	1.381	1.803	2.007	0.509	1.331	0.769	30.193	13.996	0.129	
C:\Data\UCD\Agriculture\Sharon_ORourke\Shayan\51\XRF data\L000002.spe	22.40	5.88	1	0.010377	-0.008249	0.010005	0.076187	102669	4.11	0.939	10.696	0.035	0.000	2.562	25.852	357.497	15.850	1.357	2.034	31.632	430.349	2.236	1.489	3.207	0.962	0.560	1.404	8.862	0.467	2.242	0.931	0.531	0.754	0.703	1.171	0.000	0.057	2.072	0.241	10.900	1.816	1.522	1.232	1.685	1.998	0.585	1.299	0.689	28.940	13.505	0.130	
C:\Data\UCD\Agriculture\Sharon_ORourke\Shayan\51\XRF data\L000003.spe	22.60	5.88	1	0.010375	-0.008249	0.010005	0.076187	103292	3.93	0.916	10.811	0.020	0.000	2.542	26.272	354.266	16.511	1.652	2.036	28.894	441.134	1.980	1.264	3.140	0.960	0.326	1.542	8.939	0.611	2.359	0.799	0.616	0.648	0.748	1.118	0.381	0.000	2.161	0.318	11.541	2.112	1.546	1.121	1.615	2.047	0.453	1.444	0.565	28.950	13.573	0.131	
C:\Data\UCD\Agriculture\Sharon_ORourke\Shayan\51\XRF data\L000004.spe	22.80	5.88	1	0.010377	-0.008249	0.009984	0.076187	104897	4.33	0.893	10.657	0.043	0.017	2.683	26.677	368.931	15.587	1.570	2.049	17.998	460.815	1.906	0.984	3.286	0.942	0.391	1.988	9.102	0.668	2.285	1.050	0.388	0.695	0.853	1.046	0.000	0.000	2.028	0.269	10.936	1.964	1.849	1.132	1.156	1.730	0.143	1.223	0.654	29.050	13.665	0.132	
C:\Data\UCD\Agriculture\Sharon_ORourke\Shayan\51\XRF data\L000005.spe	23.00	5.88	1	0.010377	-0.008249	0.009864	0.076187	101748	4.29	0.885	10.614	0.000	0.007	2.375	25.602	378.306	15.802	1.486	1.925	15.908	417.524	1.573	1.091	3.154	1.095	0.342	1.761	9.464	0.375	2.509	0.777	0.399	0.644	0.776	1.106	0.000	0.000	1.707	0.000	11.343	1.752	2.279	1.267	1.624	1.871	0.347	1.503	0.795	29.741	13.742	0.130	
C:\Data\UCD\Agriculture\Sharon_ORourke\Shayan\51\XRF data\L000006.spe	23.20	5.89	1	0.010375	-0.008249	0.009902	0.076187	100186	4.15	0.902	10.721	0.000	0.007	2.331	25.936	363.162	16.063	1.489	1.960	14.679	408.755	1.799	0.997	3.290	1.175	0.548	1.798	9.854	0.820	2.728	0.914	0.485	0.679	0.718	1.172	0.044	0.000	1.976	0.381	10.755	2.049	2.102	1.332	1.242	1.719	0.476	1.410	0.805	30.866	14.275	0.129	
C:\Data\UCD\Agriculture\Sharon_ORourke\Shayan\51\XRF data\L000007.spe	23.40	5.89	1	0.010377	-0.008249	0.009902	0.076187	100979	4.03	0.909	10.913	0.032	0.044	2.356	26.213	369.252	16.510	1.557	1.981	16.218	407.099	1.740	0.829	3.171	1.090	0.534	1.947	9.678	1.078	2.482	0.690	0.681	0.626	0.717	1.174	0.233	0.062	1.613	0.407	9.898	1.776	1.754	1.121	1.512	2.017	0.364	1.064	0.989	30.174	13.846	0.130	
C:\Data\UCD\Agriculture\Sharon_ORourke\Shayan\51\XRF data\L000008.spe	23.60	5.88	1	0.010376	-0.008249	0.009874	0.076187	102536	4.25	0.887	11.014	0.010	0.535	2.353	26.359	372.163	15.855	1.294	2.126	17.408	415.753	1.730	0.735	3.253	1.395	0.457	1.904	9.172	0.734	2.692	0.981	0.439	0.623	0.813	1.180	0.051	0.000	2.118	0.275	10.718	1.825	1.888	1.061	1.767	1.882	0.254	1.267	0.948	31.292	14.206	0.131	