Date:	2023-09-18		
Time:	19:57		
Sample name:	Pellets		
Position:	365.600011	mm	
Sample surface:	5.892490	cm	
Tube anode:	Mo		
Tube voltage:	30	kV	
Tube current:	50	mA	
Comments	not in position		
Gain	5.810000		
peaking_time	0.300000	m-sec	
trigger_threshold	30.000000	V	
mca_bin_width	2.000000	no:	
number_mca_channels	2048.000000	no:	
gap_time	0.100000	m-sec	
trigger_peaking_time	0.050000	m-sec	
livetime	17.314119	seconds	
runtime	20.000394	seconds	
input_count_rate	113164.697958	cps	
output_count_rate	97965.417632	cps	
triggers	2186647.000000	seconds	
events_in_run	1949979.000000	seconds	
channel	content		
 1.00	 0.00
 2.00	 0.00
 3.00	 0.00
 4.00	 0.00
 5.00	 0.00
 6.00	 0.00
 7.00	 0.00
 8.00	 0.00
 9.00	 0.00
10.00	 0.00
11.00	 0.00
12.00	 0.00
13.00	 0.00
14.00	 0.00
15.00	 0.00
16.00	 0.00
17.00	 0.00
18.00	 0.00
19.00	 0.00
20.00	 0.00
21.00	 0.00
22.00	 0.00
23.00	 0.00
24.00	 0.00
25.00	 0.00
26.00	 0.00
27.00	 0.00
28.00	 0.00
29.00	 0.00
30.00	 0.00
31.00	 0.00
32.00	 1.00
33.00	 2.00
34.00	 3.00
35.00	 5.00
36.00	 6.00
37.00	16.00
38.00	31.00
39.00	24.00
40.00	49.00
41.00	52.00
42.00	68.00
43.00	81.00
44.00	97.00
45.00	110.00
46.00	124.00
47.00	143.00
48.00	203.00
49.00	199.00
50.00	198.00
51.00	228.00
52.00	250.00
53.00	261.00
54.00	264.00
55.00	280.00
56.00	329.00
57.00	324.00
58.00	293.00
59.00	316.00
60.00	342.00
61.00	342.00
62.00	361.00
63.00	348.00
64.00	344.00
65.00	343.00
66.00	340.00
67.00	394.00
68.00	391.00
69.00	333.00
70.00	357.00
71.00	387.00
72.00	339.00
73.00	343.00
74.00	334.00
75.00	374.00
76.00	345.00
77.00	374.00
78.00	351.00
79.00	377.00
80.00	394.00
81.00	334.00
82.00	333.00
83.00	338.00
84.00	357.00
85.00	370.00
86.00	348.00
87.00	335.00
88.00	312.00
89.00	352.00
90.00	324.00
91.00	321.00
92.00	334.00
93.00	287.00
94.00	331.00
95.00	341.00
96.00	328.00
97.00	295.00
98.00	316.00
99.00	273.00
100.00	304.00
101.00	267.00
102.00	319.00
103.00	284.00
104.00	301.00
105.00	323.00
106.00	303.00
107.00	266.00
108.00	289.00
109.00	256.00
110.00	280.00
111.00	270.00
112.00	258.00
113.00	228.00
114.00	267.00
115.00	265.00
116.00	291.00
117.00	277.00
118.00	249.00
119.00	272.00
120.00	269.00
121.00	240.00
122.00	273.00
123.00	224.00
124.00	227.00
125.00	237.00
126.00	227.00
127.00	210.00
128.00	199.00
129.00	205.00
130.00	208.00
131.00	201.00
132.00	227.00
133.00	207.00
134.00	241.00
135.00	230.00
136.00	247.00
137.00	264.00
138.00	345.00
139.00	407.00
140.00	555.00
141.00	641.00
142.00	848.00
143.00	935.00
144.00	1004.00
145.00	951.00
146.00	938.00
147.00	814.00
148.00	798.00
149.00	631.00
150.00	588.00
151.00	563.00
152.00	538.00
153.00	490.00
154.00	426.00
155.00	412.00
156.00	398.00
157.00	360.00
158.00	391.00
159.00	576.00
160.00	822.00
161.00	1290.00
162.00	2094.00
163.00	3432.00
164.00	5161.00
165.00	7171.00
166.00	9297.00
167.00	11505.00
168.00	12679.00
169.00	13274.00
170.00	12947.00
171.00	11425.00
172.00	9488.00
173.00	7518.00
174.00	5603.00
175.00	3965.00
176.00	2785.00
177.00	2004.00
178.00	1416.00
179.00	1165.00
180.00	1016.00
181.00	901.00
182.00	784.00
183.00	857.00
184.00	894.00
185.00	1026.00
186.00	1149.00
187.00	1335.00
188.00	1438.00
189.00	1429.00
190.00	1417.00
191.00	1317.00
192.00	1229.00
193.00	976.00
194.00	839.00
195.00	677.00
196.00	574.00
197.00	446.00
198.00	395.00
199.00	342.00
200.00	288.00
201.00	270.00
202.00	251.00
203.00	205.00
204.00	231.00
205.00	238.00
206.00	231.00
207.00	208.00
208.00	221.00
209.00	218.00
210.00	234.00
211.00	255.00
212.00	227.00
213.00	252.00
214.00	262.00
215.00	286.00
216.00	307.00
217.00	324.00
218.00	362.00
219.00	375.00
220.00	471.00
221.00	435.00
222.00	460.00
223.00	438.00
224.00	447.00
225.00	414.00
226.00	343.00
227.00	319.00
228.00	327.00
229.00	264.00
230.00	248.00
231.00	230.00
232.00	202.00
233.00	214.00
234.00	186.00
235.00	197.00
236.00	191.00
237.00	203.00
238.00	202.00
239.00	182.00
240.00	189.00
241.00	189.00
242.00	208.00
243.00	170.00
244.00	154.00
245.00	175.00
246.00	171.00
247.00	193.00
248.00	188.00
249.00	180.00
250.00	186.00
251.00	208.00
252.00	169.00
253.00	208.00
254.00	217.00
255.00	207.00
256.00	216.00
257.00	197.00
258.00	204.00
259.00	226.00
260.00	213.00
261.00	211.00
262.00	210.00
263.00	208.00
264.00	294.00
265.00	268.00
266.00	263.00
267.00	293.00
268.00	293.00
269.00	292.00
270.00	282.00
271.00	276.00
272.00	253.00
273.00	256.00
274.00	257.00
275.00	251.00
276.00	315.00
277.00	374.00
278.00	416.00
279.00	572.00
280.00	804.00
281.00	988.00
282.00	1266.00
283.00	1517.00
284.00	1821.00
285.00	1980.00
286.00	2222.00
287.00	2180.00
288.00	2107.00
289.00	1960.00
290.00	1677.00
291.00	1400.00
292.00	1126.00
293.00	871.00
294.00	695.00
295.00	538.00
296.00	463.00
297.00	378.00
298.00	320.00
299.00	292.00
300.00	305.00
301.00	321.00
302.00	328.00
303.00	341.00
304.00	379.00
305.00	483.00
306.00	548.00
307.00	647.00
308.00	748.00
309.00	924.00
310.00	1280.00
311.00	1797.00
312.00	2569.00
313.00	3497.00
314.00	5035.00
315.00	6729.00
316.00	8866.00
317.00	11229.00
318.00	13420.00
319.00	15175.00
320.00	16674.00
321.00	17135.00
322.00	17150.00
323.00	15629.00
324.00	13901.00
325.00	11834.00
326.00	9398.00
327.00	7384.00
328.00	5209.00
329.00	3837.00
330.00	2403.00
331.00	1733.00
332.00	1132.00
333.00	734.00
334.00	611.00
335.00	546.00
336.00	556.00
337.00	614.00
338.00	764.00
339.00	943.00
340.00	1169.00
341.00	1589.00
342.00	2151.00
343.00	2839.00
344.00	3952.00
345.00	5463.00
346.00	7552.00
347.00	11012.00
348.00	15621.00
349.00	21990.00
350.00	30832.00
351.00	41443.00
352.00	54229.00
353.00	67712.00
354.00	82040.00
355.00	93842.00
356.00	103321.00
357.00	107713.00
358.00	107392.00
359.00	102519.00
360.00	92464.00
361.00	80789.00
362.00	66423.00
363.00	52316.00
364.00	39599.00
365.00	28842.00
366.00	19376.00
367.00	12972.00
368.00	8380.00
369.00	5120.00
370.00	3258.00
371.00	2051.00
372.00	1406.00
373.00	1123.00
374.00	1079.00
375.00	1048.00
376.00	1360.00
377.00	1709.00
378.00	2089.00
379.00	2850.00
380.00	4013.00
381.00	5130.00
382.00	6761.00
383.00	8535.00
384.00	10660.00
385.00	12110.00
386.00	14269.00
387.00	15430.00
388.00	16090.00
389.00	15808.00
390.00	15346.00
391.00	14311.00
392.00	12376.00
393.00	10500.00
394.00	8708.00
395.00	6730.00
396.00	5091.00
397.00	3664.00
398.00	2638.00
399.00	1918.00
400.00	1324.00
401.00	971.00
402.00	741.00
403.00	569.00
404.00	463.00
405.00	386.00
406.00	331.00
407.00	365.00
408.00	300.00
409.00	337.00
410.00	312.00
411.00	337.00
412.00	299.00
413.00	343.00
414.00	331.00
415.00	351.00
416.00	370.00
417.00	366.00
418.00	426.00
419.00	478.00
420.00	544.00
421.00	631.00
422.00	737.00
423.00	996.00
424.00	1373.00
425.00	1679.00
426.00	2401.00
427.00	3291.00
428.00	4295.00
429.00	5563.00
430.00	7046.00
431.00	8771.00
432.00	10384.00
433.00	11748.00
434.00	13114.00
435.00	13861.00
436.00	14011.00
437.00	13935.00
438.00	13082.00
439.00	12385.00
440.00	10998.00
441.00	9009.00
442.00	7619.00
443.00	6360.00
444.00	5109.00
445.00	4306.00
446.00	3639.00
447.00	3137.00
448.00	2660.00
449.00	2580.00
450.00	2392.00
451.00	2274.00
452.00	2035.00
453.00	1871.00
454.00	1749.00
455.00	1606.00
456.00	1434.00
457.00	1277.00
458.00	1145.00
459.00	1167.00
460.00	1213.00
461.00	1225.00
462.00	1369.00
463.00	1406.00
464.00	1607.00
465.00	1744.00
466.00	1802.00
467.00	2025.00
468.00	2239.00
469.00	2395.00
470.00	2488.00
471.00	2782.00
472.00	3078.00
473.00	3321.00
474.00	3466.00
475.00	3703.00
476.00	3809.00
477.00	3731.00
478.00	3601.00
479.00	3420.00
480.00	3332.00
481.00	2955.00
482.00	2666.00
483.00	2215.00
484.00	1980.00
485.00	1630.00
486.00	1423.00
487.00	1194.00
488.00	1050.00
489.00	975.00
490.00	941.00
491.00	851.00
492.00	912.00
493.00	778.00
494.00	905.00
495.00	944.00
496.00	954.00
497.00	1066.00
498.00	1040.00
499.00	1020.00
500.00	1151.00
501.00	1076.00
502.00	1178.00
503.00	1229.00
504.00	1226.00
505.00	1216.00
506.00	1292.00
507.00	1254.00
508.00	1326.00
509.00	1436.00
510.00	1339.00
511.00	1458.00
512.00	1426.00
513.00	1463.00
514.00	1537.00
515.00	1672.00
516.00	1693.00
517.00	1785.00
518.00	1904.00
519.00	2022.00
520.00	2064.00
521.00	2205.00
522.00	2279.00
523.00	2273.00
524.00	2255.00
525.00	2344.00
526.00	2111.00
527.00	2134.00
528.00	2049.00
529.00	1920.00
530.00	1808.00
531.00	1669.00
532.00	1683.00
533.00	1664.00
534.00	1694.00
535.00	1554.00
536.00	1550.00
537.00	1596.00
538.00	1596.00
539.00	1610.00
540.00	1614.00
541.00	1612.00
542.00	1634.00
543.00	1689.00
544.00	1654.00
545.00	1699.00
546.00	1704.00
547.00	1733.00
548.00	1710.00
549.00	1819.00
550.00	1781.00
551.00	1812.00
552.00	1854.00
553.00	2060.00
554.00	2225.00
555.00	2562.00
556.00	2906.00
557.00	3607.00
558.00	4475.00
559.00	5872.00
560.00	7296.00
561.00	9362.00
562.00	11683.00
563.00	14462.00
564.00	17475.00
565.00	20521.00
566.00	23381.00
567.00	26299.00
568.00	27850.00
569.00	28759.00
570.00	29212.00
571.00	28559.00
572.00	27109.00
573.00	25182.00
574.00	22241.00
575.00	19159.00
576.00	16721.00
577.00	13478.00
578.00	10616.00
579.00	8483.00
580.00	6589.00
581.00	5127.00
582.00	3999.00
583.00	3269.00
584.00	2826.00
585.00	2461.00
586.00	2263.00
587.00	2066.00
588.00	2054.00
589.00	2144.00
590.00	2178.00
591.00	2324.00
592.00	2306.00
593.00	2509.00
594.00	2666.00
595.00	2975.00
596.00	3038.00
597.00	3473.00
598.00	4080.00
599.00	4852.00
600.00	6241.00
601.00	8306.00
602.00	11232.00
603.00	15790.00
604.00	22471.00
605.00	32003.00
606.00	45355.00
607.00	62714.00
608.00	85007.00
609.00	113304.00
610.00	147074.00
611.00	184605.00
612.00	227251.00
613.00	269951.00
614.00	313406.00
615.00	352116.00
616.00	384426.00
617.00	408066.00
618.00	418995.00
619.00	417358.00
620.00	403994.00
621.00	379596.00
622.00	346311.00
623.00	304847.00
624.00	264153.00
625.00	219291.00
626.00	177446.00
627.00	140145.00
628.00	107281.00
629.00	81006.00
630.00	59610.00
631.00	43053.00
632.00	30531.00
633.00	21770.00
634.00	15562.00
635.00	10981.00
636.00	8160.00
637.00	6142.00
638.00	5063.00
639.00	4152.00
640.00	3756.00
641.00	3480.00
642.00	3267.00
643.00	3164.00
644.00	3148.00
645.00	3143.00
646.00	3152.00
647.00	3121.00
648.00	3129.00
649.00	3229.00
650.00	3290.00
651.00	3302.00
652.00	3398.00
653.00	3502.00
654.00	3432.00
655.00	3632.00
656.00	3780.00
657.00	3816.00
658.00	3993.00
659.00	4159.00
660.00	4408.00
661.00	4614.00
662.00	4835.00
663.00	5331.00
664.00	5871.00
665.00	6541.00
666.00	7454.00
667.00	8846.00
668.00	10800.00
669.00	12855.00
670.00	15688.00
671.00	19073.00
672.00	23297.00
673.00	28522.00
674.00	34177.00
675.00	40009.00
676.00	46367.00
677.00	52245.00
678.00	57628.00
679.00	62271.00
680.00	65995.00
681.00	66821.00
682.00	66588.00
683.00	65225.00
684.00	61957.00
685.00	57219.00
686.00	51035.00
687.00	45086.00
688.00	38791.00
689.00	32465.00
690.00	26977.00
691.00	21568.00
692.00	16918.00
693.00	13477.00
694.00	10344.00
695.00	7949.00
696.00	6243.00
697.00	5293.00
698.00	4378.00
699.00	3780.00
700.00	3535.00
701.00	3300.00
702.00	3206.00
703.00	3069.00
704.00	3029.00
705.00	3071.00
706.00	3067.00
707.00	3211.00
708.00	3272.00
709.00	3355.00
710.00	3470.00
711.00	3570.00
712.00	3569.00
713.00	3810.00
714.00	3975.00
715.00	4139.00
716.00	4417.00
717.00	4619.00
718.00	4593.00
719.00	4813.00
720.00	4897.00
721.00	4884.00
722.00	4893.00
723.00	4923.00
724.00	4774.00
725.00	4659.00
726.00	4595.00
727.00	4368.00
728.00	4147.00
729.00	4002.00
730.00	3820.00
731.00	3732.00
732.00	3553.00
733.00	3545.00
734.00	3368.00
735.00	3189.00
736.00	3170.00
737.00	3139.00
738.00	3109.00
739.00	3139.00
740.00	3095.00
741.00	3104.00
742.00	3040.00
743.00	2949.00
744.00	2961.00
745.00	2925.00
746.00	3043.00
747.00	2950.00
748.00	3105.00
749.00	3069.00
750.00	2978.00
751.00	2958.00
752.00	2939.00
753.00	2972.00
754.00	2982.00
755.00	3198.00
756.00	3021.00
757.00	3060.00
758.00	3020.00
759.00	3178.00
760.00	3239.00
761.00	3313.00
762.00	3345.00
763.00	3280.00
764.00	3589.00
765.00	3651.00
766.00	3792.00
767.00	3939.00
768.00	4061.00
769.00	4206.00
770.00	4412.00
771.00	4639.00
772.00	4731.00
773.00	4912.00
774.00	5120.00
775.00	5246.00
776.00	5162.00
777.00	5249.00
778.00	5362.00
779.00	5327.00
780.00	5366.00
781.00	5270.00
782.00	5011.00
783.00	5264.00
784.00	4991.00
785.00	4962.00
786.00	4893.00
787.00	4925.00
788.00	4804.00
789.00	4880.00
790.00	4812.00
791.00	4868.00
792.00	5013.00
793.00	4839.00
794.00	5048.00
795.00	4889.00
796.00	5082.00
797.00	5138.00
798.00	5094.00
799.00	5192.00
800.00	5251.00
801.00	5274.00
802.00	5178.00
803.00	5375.00
804.00	5235.00
805.00	5184.00
806.00	5425.00
807.00	5237.00
808.00	5355.00
809.00	5375.00
810.00	5412.00
811.00	5364.00
812.00	5379.00
813.00	5335.00
814.00	5317.00
815.00	5469.00
816.00	5328.00
817.00	5265.00
818.00	5554.00
819.00	5442.00
820.00	5680.00
821.00	5917.00
822.00	6104.00
823.00	6441.00
824.00	6824.00
825.00	7254.00
826.00	7766.00
827.00	8353.00
828.00	8579.00
829.00	9260.00
830.00	9628.00
831.00	9705.00
832.00	9978.00
833.00	10218.00
834.00	10426.00
835.00	10067.00
836.00	10055.00
837.00	9380.00
838.00	9232.00
839.00	8531.00
840.00	7920.00
841.00	7549.00
842.00	7264.00
843.00	6773.00
844.00	6335.00
845.00	6121.00
846.00	5861.00
847.00	5717.00
848.00	5581.00
849.00	5486.00
850.00	5310.00
851.00	5390.00
852.00	5271.00
853.00	5406.00
854.00	5348.00
855.00	5242.00
856.00	5566.00
857.00	5552.00
858.00	5495.00
859.00	5445.00
860.00	5519.00
861.00	5422.00
862.00	5480.00
863.00	5334.00
864.00	5631.00
865.00	5269.00
866.00	5327.00
867.00	5295.00
868.00	5369.00
869.00	5378.00
870.00	5399.00
871.00	5472.00
872.00	5420.00
873.00	5477.00
874.00	5319.00
875.00	5446.00
876.00	5367.00
877.00	5537.00
878.00	5607.00
879.00	5568.00
880.00	5689.00
881.00	5680.00
882.00	5741.00
883.00	5819.00
884.00	5929.00
885.00	5933.00
886.00	6012.00
887.00	6122.00
888.00	6087.00
889.00	6226.00
890.00	6259.00
891.00	6191.00
892.00	6363.00
893.00	6428.00
894.00	6410.00
895.00	6593.00
896.00	6189.00
897.00	6281.00
898.00	6205.00
899.00	6252.00
900.00	6273.00
901.00	6279.00
902.00	6214.00
903.00	6332.00
904.00	6200.00
905.00	6196.00
906.00	6324.00
907.00	6086.00
908.00	6413.00
909.00	6366.00
910.00	6417.00
911.00	6470.00
912.00	6629.00
913.00	6629.00
914.00	6666.00
915.00	6735.00
916.00	6999.00
917.00	6649.00
918.00	6990.00
919.00	7271.00
920.00	7136.00
921.00	7245.00
922.00	7330.00
923.00	7423.00
924.00	7339.00
925.00	7448.00
926.00	7470.00
927.00	7436.00
928.00	7349.00
929.00	7316.00
930.00	7176.00
931.00	7299.00
932.00	7141.00
933.00	6968.00
934.00	6981.00
935.00	7060.00
936.00	6915.00
937.00	6956.00
938.00	6798.00
939.00	6751.00
940.00	6778.00
941.00	6598.00
942.00	6606.00
943.00	6574.00
944.00	6659.00
945.00	6512.00
946.00	6450.00
947.00	6548.00
948.00	6574.00
949.00	6625.00
950.00	6534.00
951.00	6459.00
952.00	6441.00
953.00	6497.00
954.00	6627.00
955.00	6614.00
956.00	6644.00
957.00	6611.00
958.00	6718.00
959.00	6547.00
960.00	6793.00
961.00	6716.00
962.00	6597.00
963.00	6687.00
964.00	6672.00
965.00	6658.00
966.00	6655.00
967.00	6690.00
968.00	6902.00
969.00	7029.00
970.00	6992.00
971.00	7065.00
972.00	6797.00
973.00	6904.00
974.00	7065.00
975.00	7046.00
976.00	7003.00
977.00	6870.00
978.00	6999.00
979.00	6986.00
980.00	6772.00
981.00	6878.00
982.00	6893.00
983.00	6760.00
984.00	6810.00
985.00	6845.00
986.00	6921.00
987.00	6723.00
988.00	6789.00
989.00	6976.00
990.00	6905.00
991.00	6834.00
992.00	6762.00
993.00	6816.00
994.00	6944.00
995.00	6838.00
996.00	6902.00
997.00	6897.00
998.00	6820.00
999.00	6823.00
1000.00	6819.00
1001.00	6948.00
1002.00	6948.00
1003.00	6926.00
1004.00	7137.00
1005.00	6995.00
1006.00	7004.00
1007.00	7121.00
1008.00	7249.00
1009.00	7354.00
1010.00	7334.00
1011.00	7367.00
1012.00	7321.00
1013.00	7498.00
1014.00	7652.00
1015.00	7671.00
1016.00	7654.00
1017.00	7723.00
1018.00	7808.00
1019.00	7342.00
1020.00	7566.00
1021.00	7375.00
1022.00	7351.00
1023.00	7286.00
1024.00	7256.00
1025.00	7159.00
1026.00	7021.00
1027.00	7048.00
1028.00	6951.00
1029.00	6882.00
1030.00	6864.00
1031.00	6935.00
1032.00	6890.00
1033.00	6859.00
1034.00	6846.00
1035.00	6849.00
1036.00	6807.00
1037.00	6767.00
1038.00	6771.00
1039.00	6885.00
1040.00	6892.00
1041.00	6944.00
1042.00	6974.00
1043.00	7153.00
1044.00	6815.00
1045.00	7137.00
1046.00	6855.00
1047.00	7103.00
1048.00	6889.00
1049.00	6992.00
1050.00	6980.00
1051.00	7013.00
1052.00	7016.00
1053.00	6957.00
1054.00	6977.00
1055.00	6971.00
1056.00	7041.00
1057.00	7186.00
1058.00	7014.00
1059.00	6968.00
1060.00	7117.00
1061.00	7038.00
1062.00	7154.00
1063.00	7081.00
1064.00	7148.00
1065.00	7107.00
1066.00	7090.00
1067.00	6972.00
1068.00	6968.00
1069.00	7108.00
1070.00	7054.00
1071.00	7083.00
1072.00	7095.00
1073.00	7134.00
1074.00	7222.00
1075.00	7154.00
1076.00	7288.00
1077.00	7264.00
1078.00	7313.00
1079.00	7126.00
1080.00	7079.00
1081.00	7240.00
1082.00	7291.00
1083.00	7357.00
1084.00	7196.00
1085.00	7163.00
1086.00	7336.00
1087.00	7288.00
1088.00	7261.00
1089.00	7272.00
1090.00	7248.00
1091.00	7320.00
1092.00	7233.00
1093.00	7243.00
1094.00	7362.00
1095.00	7278.00
1096.00	7378.00
1097.00	7342.00
1098.00	7438.00
1099.00	7513.00
1100.00	7429.00
1101.00	7430.00
1102.00	7444.00
1103.00	7509.00
1104.00	7257.00
1105.00	7365.00
1106.00	7423.00
1107.00	7382.00
1108.00	7531.00
1109.00	7629.00
1110.00	7439.00
1111.00	7367.00
1112.00	7508.00
1113.00	7479.00
1114.00	7401.00
1115.00	7455.00
1116.00	7399.00
1117.00	7387.00
1118.00	7505.00
1119.00	7538.00
1120.00	7307.00
1121.00	7512.00
1122.00	7444.00
1123.00	7149.00
1124.00	7332.00
1125.00	7528.00
1126.00	7417.00
1127.00	7468.00
1128.00	7330.00
1129.00	7308.00
1130.00	7317.00
1131.00	7451.00
1132.00	7470.00
1133.00	7475.00
1134.00	7618.00
1135.00	7408.00
1136.00	7462.00
1137.00	7459.00
1138.00	7564.00
1139.00	7522.00
1140.00	7533.00
1141.00	7606.00
1142.00	7567.00
1143.00	7657.00
1144.00	7613.00
1145.00	7734.00
1146.00	7544.00
1147.00	7749.00
1148.00	7637.00
1149.00	7680.00
1150.00	7724.00
1151.00	7574.00
1152.00	7619.00
1153.00	7661.00
1154.00	7615.00
1155.00	7566.00
1156.00	7447.00
1157.00	7405.00
1158.00	7553.00
1159.00	7401.00
1160.00	7525.00
1161.00	7314.00
1162.00	7467.00
1163.00	7357.00
1164.00	7372.00
1165.00	7362.00
1166.00	7273.00
1167.00	7325.00
1168.00	7129.00
1169.00	7305.00
1170.00	7382.00
1171.00	7287.00
1172.00	7342.00
1173.00	7251.00
1174.00	7430.00
1175.00	7401.00
1176.00	7271.00
1177.00	7468.00
1178.00	7414.00
1179.00	7407.00
1180.00	7351.00
1181.00	7373.00
1182.00	7385.00
1183.00	7411.00
1184.00	7292.00
1185.00	7467.00
1186.00	7457.00
1187.00	7367.00
1188.00	7380.00
1189.00	7356.00
1190.00	7449.00
1191.00	7462.00
1192.00	7448.00
1193.00	7443.00
1194.00	7584.00
1195.00	7324.00
1196.00	7249.00
1197.00	7458.00
1198.00	7494.00
1199.00	7462.00
1200.00	7422.00
1201.00	7505.00
1202.00	7430.00
1203.00	7562.00
1204.00	7450.00
1205.00	7677.00
1206.00	7710.00
1207.00	7718.00
1208.00	7699.00
1209.00	7838.00
1210.00	7750.00
1211.00	7825.00
1212.00	7778.00
1213.00	7973.00
1214.00	8007.00
1215.00	7890.00
1216.00	7851.00
1217.00	7936.00
1218.00	8015.00
1219.00	8035.00
1220.00	8067.00
1221.00	7924.00
1222.00	8094.00
1223.00	8120.00
1224.00	8217.00
1225.00	8137.00
1226.00	8074.00
1227.00	8119.00
1228.00	8223.00
1229.00	8036.00
1230.00	8213.00
1231.00	8210.00
1232.00	8180.00
1233.00	8083.00
1234.00	8040.00
1235.00	8178.00
1236.00	8015.00
1237.00	8078.00
1238.00	8082.00
1239.00	8067.00
1240.00	8077.00
1241.00	7990.00
1242.00	8000.00
1243.00	7856.00
1244.00	7842.00
1245.00	7778.00
1246.00	7647.00
1247.00	7801.00
1248.00	7607.00
1249.00	7653.00
1250.00	7689.00
1251.00	7556.00
1252.00	7569.00
1253.00	7316.00
1254.00	7624.00
1255.00	7496.00
1256.00	7384.00
1257.00	7476.00
1258.00	7494.00
1259.00	7403.00
1260.00	7429.00
1261.00	7465.00
1262.00	7357.00
1263.00	7412.00
1264.00	7515.00
1265.00	7507.00
1266.00	7528.00
1267.00	7528.00
1268.00	7465.00
1269.00	7450.00
1270.00	7641.00
1271.00	7510.00
1272.00	7481.00
1273.00	7462.00
1274.00	7699.00
1275.00	7631.00
1276.00	7921.00
1277.00	7887.00
1278.00	7916.00
1279.00	7992.00
1280.00	8159.00
1281.00	8414.00
1282.00	8566.00
1283.00	8377.00
1284.00	8588.00
1285.00	8744.00
1286.00	8846.00
1287.00	8920.00
1288.00	8837.00
1289.00	8824.00
1290.00	9083.00
1291.00	9027.00
1292.00	8923.00
1293.00	8754.00
1294.00	8853.00
1295.00	8922.00
1296.00	8651.00
1297.00	8608.00
1298.00	8319.00
1299.00	8274.00
1300.00	8368.00
1301.00	8117.00
1302.00	8047.00
1303.00	7964.00
1304.00	7875.00
1305.00	7734.00
1306.00	7697.00
1307.00	7559.00
1308.00	7592.00
1309.00	7535.00
1310.00	7369.00
1311.00	7383.00
1312.00	7294.00
1313.00	7363.00
1314.00	7191.00
1315.00	7281.00
1316.00	7303.00
1317.00	7245.00
1318.00	7262.00
1319.00	7191.00
1320.00	7141.00
1321.00	7184.00
1322.00	7109.00
1323.00	7005.00
1324.00	7303.00
1325.00	7194.00
1326.00	7179.00
1327.00	7178.00
1328.00	7167.00
1329.00	7096.00
1330.00	7141.00
1331.00	7092.00
1332.00	7212.00
1333.00	7119.00
1334.00	7258.00
1335.00	7160.00
1336.00	6980.00
1337.00	7181.00
1338.00	7105.00
1339.00	7163.00
1340.00	7241.00
1341.00	7196.00
1342.00	7100.00
1343.00	7114.00
1344.00	7318.00
1345.00	7237.00
1346.00	7270.00
1347.00	7174.00
1348.00	7387.00
1349.00	7513.00
1350.00	7383.00
1351.00	7623.00
1352.00	7742.00
1353.00	7835.00
1354.00	7773.00
1355.00	7933.00
1356.00	7975.00
1357.00	8168.00
1358.00	8110.00
1359.00	8190.00
1360.00	8456.00
1361.00	8495.00
1362.00	8579.00
1363.00	8753.00
1364.00	8507.00
1365.00	8519.00
1366.00	8646.00
1367.00	8380.00
1368.00	8222.00
1369.00	8241.00
1370.00	8130.00
1371.00	7980.00
1372.00	7818.00
1373.00	7680.00
1374.00	7642.00
1375.00	7394.00
1376.00	7357.00
1377.00	7336.00
1378.00	7293.00
1379.00	6909.00
1380.00	6903.00
1381.00	6908.00
1382.00	6809.00
1383.00	6689.00
1384.00	6744.00
1385.00	6678.00
1386.00	6663.00
1387.00	6622.00
1388.00	6527.00
1389.00	6638.00
1390.00	6489.00
1391.00	6489.00
1392.00	6559.00
1393.00	6425.00
1394.00	6754.00
1395.00	6495.00
1396.00	6480.00
1397.00	6483.00
1398.00	6450.00
1399.00	6504.00
1400.00	6477.00
1401.00	6385.00
1402.00	6319.00
1403.00	6529.00
1404.00	6516.00
1405.00	6441.00
1406.00	6257.00
1407.00	6303.00
1408.00	6310.00
1409.00	6546.00
1410.00	6291.00
1411.00	6310.00
1412.00	6473.00
1413.00	6431.00
1414.00	6381.00
1415.00	6394.00
1416.00	6474.00
1417.00	6391.00
1418.00	6523.00
1419.00	6396.00
1420.00	6460.00
1421.00	6463.00
1422.00	6476.00
1423.00	6307.00
1424.00	6407.00
1425.00	6436.00
1426.00	6498.00
1427.00	6495.00
1428.00	6393.00
1429.00	6329.00
1430.00	6489.00
1431.00	6570.00
1432.00	6631.00
1433.00	6577.00
1434.00	6588.00
1435.00	6617.00
1436.00	6627.00
1437.00	6868.00
1438.00	6674.00
1439.00	6643.00
1440.00	6929.00
1441.00	6712.00
1442.00	6760.00
1443.00	6917.00
1444.00	6814.00
1445.00	6812.00
1446.00	6660.00
1447.00	6734.00
1448.00	6796.00
1449.00	6650.00
1450.00	6466.00
1451.00	6475.00
1452.00	6544.00
1453.00	6404.00
1454.00	6321.00
1455.00	6285.00
1456.00	6233.00
1457.00	6203.00
1458.00	6301.00
1459.00	6248.00
1460.00	6116.00
1461.00	6240.00
1462.00	6314.00
1463.00	6203.00
1464.00	6225.00
1465.00	6033.00
1466.00	6136.00
1467.00	5979.00
1468.00	6035.00
1469.00	6274.00
1470.00	6172.00
1471.00	6076.00
1472.00	6015.00
1473.00	6061.00
1474.00	6120.00
1475.00	6057.00
1476.00	6076.00
1477.00	6096.00
1478.00	6039.00
1479.00	6064.00
1480.00	6015.00
1481.00	5961.00
1482.00	6106.00
1483.00	5908.00
1484.00	6008.00
1485.00	6077.00
1486.00	6112.00
1487.00	6031.00
1488.00	6008.00
1489.00	5899.00
1490.00	5973.00
1491.00	6039.00
1492.00	6062.00
1493.00	6038.00
1494.00	6144.00
1495.00	6141.00
1496.00	6155.00
1497.00	6021.00
1498.00	6158.00
1499.00	6311.00
1500.00	6183.00
1501.00	6273.00
1502.00	6052.00
1503.00	6206.00
1504.00	6231.00
1505.00	6320.00
1506.00	6336.00
1507.00	6631.00
1508.00	6549.00
1509.00	6686.00
1510.00	6671.00
1511.00	6671.00
1512.00	6778.00
1513.00	6844.00
1514.00	6849.00
1515.00	7065.00
1516.00	7266.00
1517.00	7176.00
1518.00	7231.00
1519.00	7188.00
1520.00	7083.00
1521.00	7144.00
1522.00	7148.00
1523.00	7148.00
1524.00	6994.00
1525.00	7090.00
1526.00	7060.00
1527.00	7032.00
1528.00	6896.00
1529.00	6852.00
1530.00	6844.00
1531.00	6821.00
1532.00	6717.00
1533.00	6755.00
1534.00	6685.00
1535.00	6606.00
1536.00	6592.00
1537.00	6601.00
1538.00	6683.00
1539.00	6707.00
1540.00	6607.00
1541.00	6576.00
1542.00	6548.00
1543.00	6638.00
1544.00	6617.00
1545.00	6598.00
1546.00	6624.00
1547.00	6839.00
1548.00	6759.00
1549.00	6916.00
1550.00	6977.00
1551.00	7032.00
1552.00	7305.00
1553.00	7148.00
1554.00	7323.00
1555.00	7327.00
1556.00	7409.00
1557.00	7532.00
1558.00	7658.00
1559.00	7775.00
1560.00	7747.00
1561.00	7891.00
1562.00	7918.00
1563.00	8107.00
1564.00	8416.00
1565.00	8257.00
1566.00	8492.00
1567.00	8730.00
1568.00	8991.00
1569.00	8952.00
1570.00	8879.00
1571.00	9364.00
1572.00	9392.00
1573.00	9404.00
1574.00	9407.00
1575.00	9779.00
1576.00	9840.00
1577.00	10015.00
1578.00	10121.00
1579.00	10014.00
1580.00	10164.00
1581.00	10223.00
1582.00	10489.00
1583.00	10450.00
1584.00	10689.00
1585.00	10755.00
1586.00	10690.00
1587.00	10551.00
1588.00	10743.00
1589.00	10618.00
1590.00	10503.00
1591.00	10586.00
1592.00	10424.00
1593.00	10621.00
1594.00	10530.00
1595.00	10326.00
1596.00	10402.00
1597.00	10113.00
1598.00	10205.00
1599.00	10107.00
1600.00	10009.00
1601.00	9807.00
1602.00	9758.00
1603.00	9648.00
1604.00	9366.00
1605.00	9268.00
1606.00	9142.00
1607.00	8998.00
1608.00	8711.00
1609.00	8831.00
1610.00	8638.00
1611.00	8343.00
1612.00	8325.00
1613.00	8280.00
1614.00	8009.00
1615.00	7911.00
1616.00	7700.00
1617.00	7560.00
1618.00	7362.00
1619.00	7306.00
1620.00	7217.00
1621.00	6943.00
1622.00	6888.00
1623.00	6801.00
1624.00	6781.00
1625.00	6525.00
1626.00	6573.00
1627.00	6495.00
1628.00	6350.00
1629.00	6327.00
1630.00	6016.00
1631.00	5982.00
1632.00	5848.00
1633.00	5911.00
1634.00	5860.00
1635.00	5629.00
1636.00	5657.00
1637.00	5550.00
1638.00	5481.00
1639.00	5643.00
1640.00	5562.00
1641.00	5488.00
1642.00	5315.00
1643.00	5313.00
1644.00	5190.00
1645.00	5244.00
1646.00	5102.00
1647.00	4983.00
1648.00	5146.00
1649.00	4908.00
1650.00	5005.00
1651.00	5061.00
1652.00	4976.00
1653.00	4975.00
1654.00	5099.00
1655.00	5062.00
1656.00	4943.00
1657.00	5005.00
1658.00	5078.00
1659.00	5111.00
1660.00	5081.00
1661.00	5404.00
1662.00	5353.00
1663.00	5557.00
1664.00	5715.00
1665.00	5890.00
1666.00	6092.00
1667.00	6229.00
1668.00	6501.00
1669.00	6878.00
1670.00	6868.00
1671.00	7305.00
1672.00	7498.00
1673.00	7633.00
1674.00	7916.00
1675.00	8308.00
1676.00	8318.00
1677.00	8577.00
1678.00	8770.00
1679.00	8889.00
1680.00	8849.00
1681.00	9162.00
1682.00	9088.00
1683.00	9061.00
1684.00	8978.00
1685.00	8750.00
1686.00	8761.00
1687.00	8566.00
1688.00	8334.00
1689.00	8169.00
1690.00	7734.00
1691.00	7529.00
1692.00	7143.00
1693.00	6808.00
1694.00	6714.00
1695.00	6275.00
1696.00	6092.00
1697.00	5784.00
1698.00	5614.00
1699.00	5327.00
1700.00	5011.00
1701.00	4899.00
1702.00	4703.00
1703.00	4537.00
1704.00	4472.00
1705.00	4344.00
1706.00	4367.00
1707.00	4190.00
1708.00	4211.00
1709.00	4111.00
1710.00	3974.00
1711.00	3981.00
1712.00	3905.00
1713.00	3961.00
1714.00	3843.00
1715.00	3988.00
1716.00	3880.00
1717.00	3811.00
1718.00	3808.00
1719.00	3867.00
1720.00	3824.00
1721.00	3933.00
1722.00	3797.00
1723.00	3790.00
1724.00	3738.00
1725.00	3686.00
1726.00	3811.00
1727.00	3801.00
1728.00	3866.00
1729.00	3945.00
1730.00	3794.00
1731.00	3852.00
1732.00	3831.00
1733.00	3809.00
1734.00	3822.00
1735.00	3781.00
1736.00	3739.00
1737.00	3848.00
1738.00	3881.00
1739.00	3747.00
1740.00	3775.00
1741.00	3873.00
1742.00	3830.00
1743.00	3860.00
1744.00	3845.00
1745.00	3935.00
1746.00	3798.00
1747.00	3958.00
1748.00	3832.00
1749.00	3809.00
1750.00	3943.00
1751.00	3855.00
1752.00	3938.00
1753.00	3865.00
1754.00	3882.00
1755.00	4008.00
1756.00	3874.00
1757.00	3782.00
1758.00	4042.00
1759.00	3998.00
1760.00	4047.00
1761.00	3976.00
1762.00	3822.00
1763.00	4086.00
1764.00	4035.00
1765.00	3900.00
1766.00	3915.00
1767.00	3960.00
1768.00	3945.00
1769.00	3937.00
1770.00	3931.00
1771.00	4123.00
1772.00	3970.00
1773.00	3943.00
1774.00	4009.00
1775.00	3968.00
1776.00	3847.00
1777.00	4042.00
1778.00	3882.00
1779.00	3807.00
1780.00	3739.00
1781.00	3907.00
1782.00	3869.00
1783.00	3772.00
1784.00	3769.00
1785.00	3661.00
1786.00	3739.00
1787.00	3743.00
1788.00	3636.00
1789.00	3580.00
1790.00	3739.00
1791.00	3532.00
1792.00	3502.00
1793.00	3444.00
1794.00	3503.00
1795.00	3358.00
1796.00	3389.00
1797.00	3436.00
1798.00	3297.00
1799.00	3298.00
1800.00	3275.00
1801.00	3232.00
1802.00	3166.00
1803.00	3205.00
1804.00	3183.00
1805.00	3102.00
1806.00	2938.00
1807.00	3066.00
1808.00	3050.00
1809.00	2997.00
1810.00	3011.00
1811.00	2903.00
1812.00	2866.00
1813.00	2916.00
1814.00	2915.00
1815.00	2773.00
1816.00	2735.00
1817.00	2710.00
1818.00	2672.00
1819.00	2673.00
1820.00	2639.00
1821.00	2620.00
1822.00	2597.00
1823.00	2574.00
1824.00	2571.00
1825.00	2622.00
1826.00	2393.00
1827.00	2482.00
1828.00	2452.00
1829.00	2441.00
1830.00	2452.00
1831.00	2367.00
1832.00	2282.00
1833.00	2380.00
1834.00	2338.00
1835.00	2361.00
1836.00	2295.00
1837.00	2301.00
1838.00	2241.00
1839.00	2318.00
1840.00	2177.00
1841.00	2210.00
1842.00	2167.00
1843.00	2286.00
1844.00	2142.00
1845.00	2193.00
1846.00	2172.00
1847.00	2119.00
1848.00	2140.00
1849.00	2083.00
1850.00	2126.00
1851.00	2077.00
1852.00	2101.00
1853.00	2117.00
1854.00	2098.00
1855.00	2021.00
1856.00	2015.00
1857.00	1981.00
1858.00	2105.00
1859.00	1985.00
1860.00	2042.00
1861.00	2075.00
1862.00	2003.00
1863.00	2021.00
1864.00	2051.00
1865.00	1937.00
1866.00	1876.00
1867.00	2035.00
1868.00	1975.00
1869.00	2003.00
1870.00	1969.00
1871.00	2043.00
1872.00	1992.00
1873.00	1992.00
1874.00	2019.00
1875.00	2060.00
1876.00	2043.00
1877.00	2159.00
1878.00	2231.00
1879.00	2160.00
1880.00	2285.00
1881.00	2205.00
1882.00	2156.00
1883.00	2229.00
1884.00	2385.00
1885.00	2361.00
1886.00	2268.00
1887.00	2419.00
1888.00	2338.00
1889.00	2349.00
1890.00	2440.00
1891.00	2372.00
1892.00	2392.00
1893.00	2295.00
1894.00	2275.00
1895.00	2238.00
1896.00	2242.00
1897.00	2128.00
1898.00	2156.00
1899.00	2099.00
1900.00	1965.00
1901.00	1995.00
1902.00	1930.00
1903.00	1853.00
1904.00	1866.00
1905.00	1804.00
1906.00	1754.00
1907.00	1769.00
1908.00	1755.00
1909.00	1731.00
1910.00	1676.00
1911.00	1618.00
1912.00	1616.00
1913.00	1626.00
1914.00	1584.00
1915.00	1521.00
1916.00	1609.00
1917.00	1572.00
1918.00	1646.00
1919.00	1597.00
1920.00	1574.00
1921.00	1519.00
1922.00	1602.00
1923.00	1574.00
1924.00	1659.00
1925.00	1469.00
1926.00	1514.00
1927.00	1486.00
1928.00	1434.00
1929.00	1477.00
1930.00	1527.00
1931.00	1491.00
1932.00	1448.00
1933.00	1431.00
1934.00	1381.00
1935.00	1419.00
1936.00	1393.00
1937.00	1355.00
1938.00	1365.00
1939.00	1396.00
1940.00	1316.00
1941.00	1395.00
1942.00	1335.00
1943.00	1338.00
1944.00	1364.00
1945.00	1267.00
1946.00	1234.00
1947.00	1289.00
1948.00	1251.00
1949.00	1274.00
1950.00	1199.00
1951.00	1212.00
1952.00	1252.00
1953.00	1189.00
1954.00	1220.00
1955.00	1251.00
1956.00	1192.00
1957.00	1262.00
1958.00	1281.00
1959.00	1168.00
1960.00	1173.00
1961.00	1222.00
1962.00	1285.00
1963.00	1187.00
1964.00	1135.00
1965.00	1194.00
1966.00	1158.00
1967.00	1153.00
1968.00	1169.00
1969.00	1205.00
1970.00	1151.00
1971.00	1143.00
1972.00	1075.00
1973.00	1171.00
1974.00	1136.00
1975.00	1119.00
1976.00	1115.00
1977.00	1095.00
1978.00	1103.00
1979.00	1153.00
1980.00	1131.00
1981.00	1054.00
1982.00	1063.00
1983.00	1095.00
1984.00	990.00
1985.00	1060.00
1986.00	1048.00
1987.00	1046.00
1988.00	1026.00
1989.00	1086.00
1990.00	1030.00
1991.00	1075.00
1992.00	984.00
1993.00	1012.00
1994.00	1001.00
1995.00	1024.00
1996.00	1029.00
1997.00	1035.00
1998.00	987.00
1999.00	972.00
2000.00	932.00
2001.00	976.00
2002.00	961.00
2003.00	943.00
2004.00	955.00
2005.00	905.00
2006.00	1002.00
2007.00	972.00
2008.00	945.00
2009.00	913.00
2010.00	922.00
2011.00	931.00
2012.00	952.00
2013.00	928.00
2014.00	866.00
2015.00	936.00
2016.00	896.00
2017.00	860.00
2018.00	800.00
2019.00	850.00
2020.00	812.00
2021.00	874.00
2022.00	835.00
2023.00	845.00
2024.00	861.00
2025.00	858.00
2026.00	849.00
2027.00	829.00
2028.00	816.00
2029.00	836.00
2030.00	837.00
2031.00	781.00
2032.00	810.00
2033.00	818.00
2034.00	746.00
2035.00	790.00
2036.00	790.00
2037.00	762.00
2038.00	747.00
2039.00	761.00
2040.00	739.00
2041.00	742.00
2042.00	774.00
2043.00	751.00
2044.00	727.00
2045.00	768.00
2046.00	718.00
2047.00	704.00
2048.00	 0.00
