Date:	2023-09-18		
Time:	21:35		
Sample name:	Pellets		
Position:	1385.800011	mm	
Sample surface:	5.885081	cm	
Tube anode:	Mo		
Tube voltage:	30	kV	
Tube current:	50	mA	
Comments	in position		
Gain	5.810000		
peaking_time	0.300000	m-sec	
trigger_threshold	30.000000	V	
mca_bin_width	2.000000	no:	
number_mca_channels	2048.000000	no:	
gap_time	0.100000	m-sec	
trigger_peaking_time	0.050000	m-sec	
livetime	17.476867	seconds	
runtime	20.000279	seconds	
input_count_rate	112876.638696	cps	
output_count_rate	98635.124040	cps	
triggers	2188165.000000	seconds	
events_in_run	1965540.000000	seconds	
channel	content		
 1.00	 0.00
 2.00	 0.00
 3.00	 0.00
 4.00	 0.00
 5.00	 0.00
 6.00	 0.00
 7.00	 0.00
 8.00	 0.00
 9.00	 0.00
10.00	 0.00
11.00	 0.00
12.00	 0.00
13.00	 0.00
14.00	 0.00
15.00	 0.00
16.00	 0.00
17.00	 0.00
18.00	 0.00
19.00	 0.00
20.00	 0.00
21.00	 0.00
22.00	 0.00
23.00	 0.00
24.00	 0.00
25.00	 0.00
26.00	 0.00
27.00	 0.00
28.00	 0.00
29.00	 0.00
30.00	 0.00
31.00	 0.00
32.00	 1.00
33.00	 0.00
34.00	 1.00
35.00	 1.00
36.00	 3.00
37.00	 0.00
38.00	 0.00
39.00	 2.00
40.00	 4.00
41.00	 7.00
42.00	 9.00
43.00	 8.00
44.00	 8.00
45.00	15.00
46.00	 7.00
47.00	15.00
48.00	15.00
49.00	20.00
50.00	24.00
51.00	31.00
52.00	18.00
53.00	25.00
54.00	32.00
55.00	19.00
56.00	27.00
57.00	36.00
58.00	39.00
59.00	36.00
60.00	41.00
61.00	46.00
62.00	33.00
63.00	29.00
64.00	32.00
65.00	39.00
66.00	41.00
67.00	37.00
68.00	28.00
69.00	32.00
70.00	36.00
71.00	31.00
72.00	49.00
73.00	52.00
74.00	36.00
75.00	38.00
76.00	35.00
77.00	45.00
78.00	35.00
79.00	45.00
80.00	39.00
81.00	43.00
82.00	41.00
83.00	31.00
84.00	35.00
85.00	32.00
86.00	40.00
87.00	35.00
88.00	36.00
89.00	42.00
90.00	30.00
91.00	25.00
92.00	42.00
93.00	27.00
94.00	24.00
95.00	44.00
96.00	33.00
97.00	27.00
98.00	33.00
99.00	31.00
100.00	32.00
101.00	38.00
102.00	31.00
103.00	36.00
104.00	37.00
105.00	35.00
106.00	26.00
107.00	26.00
108.00	20.00
109.00	32.00
110.00	26.00
111.00	38.00
112.00	34.00
113.00	36.00
114.00	30.00
115.00	35.00
116.00	48.00
117.00	25.00
118.00	28.00
119.00	30.00
120.00	30.00
121.00	28.00
122.00	33.00
123.00	27.00
124.00	24.00
125.00	30.00
126.00	27.00
127.00	26.00
128.00	29.00
129.00	28.00
130.00	23.00
131.00	26.00
132.00	34.00
133.00	25.00
134.00	36.00
135.00	27.00
136.00	41.00
137.00	38.00
138.00	33.00
139.00	43.00
140.00	51.00
141.00	84.00
142.00	96.00
143.00	112.00
144.00	115.00
145.00	113.00
146.00	111.00
147.00	105.00
148.00	94.00
149.00	73.00
150.00	63.00
151.00	58.00
152.00	64.00
153.00	58.00
154.00	57.00
155.00	53.00
156.00	44.00
157.00	43.00
158.00	40.00
159.00	47.00
160.00	68.00
161.00	120.00
162.00	189.00
163.00	321.00
164.00	441.00
165.00	646.00
166.00	838.00
167.00	952.00
168.00	1081.00
169.00	1115.00
170.00	1127.00
171.00	977.00
172.00	863.00
173.00	664.00
174.00	524.00
175.00	339.00
176.00	257.00
177.00	185.00
178.00	189.00
179.00	137.00
180.00	123.00
181.00	151.00
182.00	152.00
183.00	206.00
184.00	234.00
185.00	332.00
186.00	381.00
187.00	454.00
188.00	554.00
189.00	454.00
190.00	508.00
191.00	426.00
192.00	349.00
193.00	280.00
194.00	218.00
195.00	172.00
196.00	111.00
197.00	94.00
198.00	69.00
199.00	52.00
200.00	37.00
201.00	30.00
202.00	40.00
203.00	39.00
204.00	40.00
205.00	30.00
206.00	34.00
207.00	33.00
208.00	36.00
209.00	34.00
210.00	42.00
211.00	28.00
212.00	38.00
213.00	51.00
214.00	49.00
215.00	50.00
216.00	64.00
217.00	65.00
218.00	88.00
219.00	94.00
220.00	106.00
221.00	89.00
222.00	83.00
223.00	78.00
224.00	82.00
225.00	66.00
226.00	50.00
227.00	32.00
228.00	36.00
229.00	30.00
230.00	43.00
231.00	36.00
232.00	29.00
233.00	24.00
234.00	19.00
235.00	26.00
236.00	19.00
237.00	30.00
238.00	31.00
239.00	28.00
240.00	20.00
241.00	32.00
242.00	27.00
243.00	23.00
244.00	28.00
245.00	28.00
246.00	29.00
247.00	38.00
248.00	24.00
249.00	36.00
250.00	38.00
251.00	31.00
252.00	25.00
253.00	38.00
254.00	27.00
255.00	29.00
256.00	29.00
257.00	38.00
258.00	27.00
259.00	38.00
260.00	36.00
261.00	36.00
262.00	36.00
263.00	36.00
264.00	41.00
265.00	39.00
266.00	32.00
267.00	38.00
268.00	37.00
269.00	31.00
270.00	42.00
271.00	44.00
272.00	41.00
273.00	36.00
274.00	31.00
275.00	32.00
276.00	57.00
277.00	61.00
278.00	59.00
279.00	75.00
280.00	93.00
281.00	124.00
282.00	164.00
283.00	208.00
284.00	246.00
285.00	272.00
286.00	251.00
287.00	274.00
288.00	299.00
289.00	253.00
290.00	200.00
291.00	200.00
292.00	181.00
293.00	130.00
294.00	93.00
295.00	91.00
296.00	76.00
297.00	64.00
298.00	55.00
299.00	53.00
300.00	44.00
301.00	73.00
302.00	58.00
303.00	75.00
304.00	54.00
305.00	88.00
306.00	94.00
307.00	104.00
308.00	105.00
309.00	152.00
310.00	176.00
311.00	272.00
312.00	339.00
313.00	439.00
314.00	620.00
315.00	924.00
316.00	1124.00
317.00	1358.00
318.00	1691.00
319.00	1873.00
320.00	2065.00
321.00	2160.00
322.00	2161.00
323.00	1971.00
324.00	1816.00
325.00	1447.00
326.00	1176.00
327.00	911.00
328.00	690.00
329.00	498.00
330.00	297.00
331.00	222.00
332.00	171.00
333.00	114.00
334.00	117.00
335.00	118.00
336.00	112.00
337.00	126.00
338.00	148.00
339.00	187.00
340.00	259.00
341.00	381.00
342.00	496.00
343.00	666.00
344.00	1001.00
345.00	1567.00
346.00	2370.00
347.00	3539.00
348.00	5337.00
349.00	7967.00
350.00	11358.00
351.00	15698.00
352.00	20485.00
353.00	25898.00
354.00	31480.00
355.00	36220.00
356.00	39309.00
357.00	41546.00
358.00	41713.00
359.00	39615.00
360.00	35689.00
361.00	30882.00
362.00	25491.00
363.00	20335.00
364.00	15216.00
365.00	10761.00
366.00	7450.00
367.00	4899.00
368.00	3076.00
369.00	1952.00
370.00	1185.00
371.00	767.00
372.00	440.00
373.00	389.00
374.00	359.00
375.00	385.00
376.00	428.00
377.00	572.00
378.00	799.00
379.00	1039.00
380.00	1471.00
381.00	2023.00
382.00	2521.00
383.00	3392.00
384.00	4039.00
385.00	4830.00
386.00	5269.00
387.00	5902.00
388.00	6104.00
389.00	6170.00
390.00	5979.00
391.00	5336.00
392.00	4738.00
393.00	4010.00
394.00	3207.00
395.00	2537.00
396.00	1828.00
397.00	1309.00
398.00	924.00
399.00	624.00
400.00	377.00
401.00	239.00
402.00	159.00
403.00	112.00
404.00	64.00
405.00	50.00
406.00	41.00
407.00	37.00
408.00	38.00
409.00	27.00
410.00	36.00
411.00	29.00
412.00	41.00
413.00	38.00
414.00	35.00
415.00	37.00
416.00	45.00
417.00	41.00
418.00	30.00
419.00	38.00
420.00	49.00
421.00	43.00
422.00	76.00
423.00	65.00
424.00	102.00
425.00	128.00
426.00	178.00
427.00	221.00
428.00	340.00
429.00	428.00
430.00	542.00
431.00	650.00
432.00	797.00
433.00	860.00
434.00	1039.00
435.00	1044.00
436.00	1154.00
437.00	1095.00
438.00	1071.00
439.00	964.00
440.00	847.00
441.00	687.00
442.00	619.00
443.00	537.00
444.00	423.00
445.00	315.00
446.00	282.00
447.00	246.00
448.00	230.00
449.00	193.00
450.00	190.00
451.00	159.00
452.00	161.00
453.00	130.00
454.00	166.00
455.00	121.00
456.00	103.00
457.00	109.00
458.00	84.00
459.00	83.00
460.00	86.00
461.00	84.00
462.00	98.00
463.00	92.00
464.00	91.00
465.00	118.00
466.00	126.00
467.00	118.00
468.00	143.00
469.00	170.00
470.00	185.00
471.00	203.00
472.00	209.00
473.00	248.00
474.00	278.00
475.00	278.00
476.00	290.00
477.00	325.00
478.00	275.00
479.00	255.00
480.00	242.00
481.00	233.00
482.00	196.00
483.00	196.00
484.00	183.00
485.00	139.00
486.00	137.00
487.00	102.00
488.00	71.00
489.00	70.00
490.00	57.00
491.00	68.00
492.00	54.00
493.00	68.00
494.00	87.00
495.00	64.00
496.00	81.00
497.00	66.00
498.00	85.00
499.00	78.00
500.00	85.00
501.00	93.00
502.00	74.00
503.00	106.00
504.00	72.00
505.00	106.00
506.00	75.00
507.00	104.00
508.00	100.00
509.00	86.00
510.00	104.00
511.00	115.00
512.00	117.00
513.00	135.00
514.00	127.00
515.00	127.00
516.00	142.00
517.00	134.00
518.00	157.00
519.00	179.00
520.00	149.00
521.00	189.00
522.00	176.00
523.00	191.00
524.00	199.00
525.00	201.00
526.00	189.00
527.00	174.00
528.00	145.00
529.00	155.00
530.00	142.00
531.00	160.00
532.00	132.00
533.00	123.00
534.00	112.00
535.00	94.00
536.00	119.00
537.00	136.00
538.00	130.00
539.00	130.00
540.00	112.00
541.00	145.00
542.00	148.00
543.00	137.00
544.00	165.00
545.00	135.00
546.00	142.00
547.00	151.00
548.00	151.00
549.00	142.00
550.00	146.00
551.00	171.00
552.00	149.00
553.00	152.00
554.00	165.00
555.00	177.00
556.00	199.00
557.00	235.00
558.00	266.00
559.00	318.00
560.00	431.00
561.00	486.00
562.00	611.00
563.00	667.00
564.00	842.00
565.00	928.00
566.00	1031.00
567.00	1186.00
568.00	1266.00
569.00	1301.00
570.00	1281.00
571.00	1288.00
572.00	1246.00
573.00	1157.00
574.00	1020.00
575.00	899.00
576.00	771.00
577.00	615.00
578.00	504.00
579.00	424.00
580.00	341.00
581.00	276.00
582.00	225.00
583.00	201.00
584.00	172.00
585.00	184.00
586.00	188.00
587.00	164.00
588.00	188.00
589.00	169.00
590.00	181.00
591.00	172.00
592.00	204.00
593.00	173.00
594.00	191.00
595.00	234.00
596.00	258.00
597.00	303.00
598.00	324.00
599.00	372.00
600.00	478.00
601.00	682.00
602.00	938.00
603.00	1238.00
604.00	1731.00
605.00	2660.00
606.00	3575.00
607.00	4864.00
608.00	6613.00
609.00	8699.00
610.00	11669.00
611.00	14522.00
612.00	17729.00
613.00	21010.00
614.00	24676.00
615.00	27521.00
616.00	30369.00
617.00	31974.00
618.00	32653.00
619.00	32601.00
620.00	31520.00
621.00	29827.00
622.00	26806.00
623.00	23526.00
624.00	20470.00
625.00	16878.00
626.00	13624.00
627.00	10757.00
628.00	8318.00
629.00	6064.00
630.00	4537.00
631.00	3247.00
632.00	2326.00
633.00	1698.00
634.00	1130.00
635.00	831.00
636.00	639.00
637.00	465.00
638.00	368.00
639.00	356.00
640.00	308.00
641.00	319.00
642.00	303.00
643.00	292.00
644.00	255.00
645.00	284.00
646.00	313.00
647.00	284.00
648.00	269.00
649.00	293.00
650.00	299.00
651.00	288.00
652.00	328.00
653.00	341.00
654.00	328.00
655.00	330.00
656.00	330.00
657.00	359.00
658.00	384.00
659.00	374.00
660.00	396.00
661.00	425.00
662.00	443.00
663.00	453.00
664.00	513.00
665.00	533.00
666.00	611.00
667.00	747.00
668.00	936.00
669.00	1038.00
670.00	1220.00
671.00	1559.00
672.00	1935.00
673.00	2269.00
674.00	2680.00
675.00	3166.00
676.00	3761.00
677.00	4040.00
678.00	4525.00
679.00	4807.00
680.00	5157.00
681.00	5310.00
682.00	5241.00
683.00	5133.00
684.00	5014.00
685.00	4589.00
686.00	4177.00
687.00	3586.00
688.00	3039.00
689.00	2561.00
690.00	2142.00
691.00	1700.00
692.00	1373.00
693.00	1033.00
694.00	861.00
695.00	647.00
696.00	575.00
697.00	447.00
698.00	390.00
699.00	346.00
700.00	296.00
701.00	297.00
702.00	279.00
703.00	288.00
704.00	269.00
705.00	289.00
706.00	317.00
707.00	309.00
708.00	338.00
709.00	312.00
710.00	356.00
711.00	346.00
712.00	414.00
713.00	438.00
714.00	400.00
715.00	426.00
716.00	424.00
717.00	423.00
718.00	446.00
719.00	459.00
720.00	492.00
721.00	435.00
722.00	474.00
723.00	443.00
724.00	418.00
725.00	454.00
726.00	424.00
727.00	378.00
728.00	413.00
729.00	361.00
730.00	368.00
731.00	343.00
732.00	304.00
733.00	327.00
734.00	283.00
735.00	307.00
736.00	266.00
737.00	286.00
738.00	291.00
739.00	282.00
740.00	313.00
741.00	289.00
742.00	320.00
743.00	283.00
744.00	296.00
745.00	310.00
746.00	275.00
747.00	285.00
748.00	274.00
749.00	272.00
750.00	295.00
751.00	294.00
752.00	302.00
753.00	270.00
754.00	303.00
755.00	301.00
756.00	274.00
757.00	298.00
758.00	302.00
759.00	325.00
760.00	308.00
761.00	311.00
762.00	323.00
763.00	340.00
764.00	348.00
765.00	321.00
766.00	351.00
767.00	321.00
768.00	337.00
769.00	335.00
770.00	379.00
771.00	415.00
772.00	430.00
773.00	419.00
774.00	413.00
775.00	420.00
776.00	437.00
777.00	408.00
778.00	439.00
779.00	486.00
780.00	449.00
781.00	468.00
782.00	494.00
783.00	470.00
784.00	444.00
785.00	473.00
786.00	453.00
787.00	421.00
788.00	440.00
789.00	440.00
790.00	439.00
791.00	429.00
792.00	456.00
793.00	447.00
794.00	454.00
795.00	459.00
796.00	487.00
797.00	486.00
798.00	491.00
799.00	481.00
800.00	530.00
801.00	510.00
802.00	482.00
803.00	558.00
804.00	481.00
805.00	501.00
806.00	483.00
807.00	502.00
808.00	504.00
809.00	474.00
810.00	532.00
811.00	500.00
812.00	537.00
813.00	511.00
814.00	543.00
815.00	504.00
816.00	495.00
817.00	507.00
818.00	521.00
819.00	493.00
820.00	527.00
821.00	517.00
822.00	515.00
823.00	599.00
824.00	607.00
825.00	585.00
826.00	604.00
827.00	634.00
828.00	654.00
829.00	676.00
830.00	686.00
831.00	719.00
832.00	725.00
833.00	743.00
834.00	794.00
835.00	728.00
836.00	744.00
837.00	689.00
838.00	706.00
839.00	632.00
840.00	662.00
841.00	600.00
842.00	620.00
843.00	539.00
844.00	542.00
845.00	536.00
846.00	512.00
847.00	541.00
848.00	526.00
849.00	526.00
850.00	501.00
851.00	539.00
852.00	524.00
853.00	532.00
854.00	497.00
855.00	485.00
856.00	492.00
857.00	461.00
858.00	521.00
859.00	481.00
860.00	495.00
861.00	427.00
862.00	485.00
863.00	508.00
864.00	499.00
865.00	520.00
866.00	492.00
867.00	485.00
868.00	481.00
869.00	492.00
870.00	489.00
871.00	488.00
872.00	529.00
873.00	473.00
874.00	496.00
875.00	533.00
876.00	501.00
877.00	520.00
878.00	491.00
879.00	491.00
880.00	502.00
881.00	513.00
882.00	552.00
883.00	557.00
884.00	561.00
885.00	563.00
886.00	566.00
887.00	554.00
888.00	571.00
889.00	527.00
890.00	557.00
891.00	546.00
892.00	598.00
893.00	592.00
894.00	521.00
895.00	577.00
896.00	564.00
897.00	577.00
898.00	566.00
899.00	582.00
900.00	570.00
901.00	543.00
902.00	596.00
903.00	574.00
904.00	572.00
905.00	653.00
906.00	589.00
907.00	597.00
908.00	608.00
909.00	597.00
910.00	666.00
911.00	588.00
912.00	593.00
913.00	620.00
914.00	677.00
915.00	635.00
916.00	647.00
917.00	646.00
918.00	606.00
919.00	643.00
920.00	678.00
921.00	655.00
922.00	643.00
923.00	732.00
924.00	663.00
925.00	702.00
926.00	668.00
927.00	679.00
928.00	710.00
929.00	685.00
930.00	677.00
931.00	661.00
932.00	686.00
933.00	636.00
934.00	621.00
935.00	683.00
936.00	682.00
937.00	633.00
938.00	617.00
939.00	647.00
940.00	655.00
941.00	664.00
942.00	607.00
943.00	640.00
944.00	616.00
945.00	626.00
946.00	652.00
947.00	612.00
948.00	602.00
949.00	648.00
950.00	647.00
951.00	639.00
952.00	606.00
953.00	619.00
954.00	677.00
955.00	647.00
956.00	680.00
957.00	653.00
958.00	644.00
959.00	636.00
960.00	646.00
961.00	650.00
962.00	645.00
963.00	668.00
964.00	638.00
965.00	689.00
966.00	684.00
967.00	713.00
968.00	666.00
969.00	747.00
970.00	723.00
971.00	689.00
972.00	714.00
973.00	703.00
974.00	708.00
975.00	722.00
976.00	721.00
977.00	715.00
978.00	672.00
979.00	724.00
980.00	660.00
981.00	666.00
982.00	668.00
983.00	653.00
984.00	659.00
985.00	694.00
986.00	654.00
987.00	685.00
988.00	639.00
989.00	681.00
990.00	667.00
991.00	625.00
992.00	673.00
993.00	658.00
994.00	639.00
995.00	651.00
996.00	668.00
997.00	628.00
998.00	683.00
999.00	644.00
1000.00	663.00
1001.00	633.00
1002.00	661.00
1003.00	673.00
1004.00	684.00
1005.00	643.00
1006.00	657.00
1007.00	681.00
1008.00	690.00
1009.00	678.00
1010.00	675.00
1011.00	663.00
1012.00	705.00
1013.00	702.00
1014.00	696.00
1015.00	636.00
1016.00	662.00
1017.00	659.00
1018.00	693.00
1019.00	673.00
1020.00	682.00
1021.00	638.00
1022.00	684.00
1023.00	701.00
1024.00	672.00
1025.00	674.00
1026.00	661.00
1027.00	645.00
1028.00	627.00
1029.00	646.00
1030.00	608.00
1031.00	677.00
1032.00	671.00
1033.00	617.00
1034.00	681.00
1035.00	659.00
1036.00	632.00
1037.00	674.00
1038.00	646.00
1039.00	656.00
1040.00	702.00
1041.00	665.00
1042.00	687.00
1043.00	652.00
1044.00	647.00
1045.00	620.00
1046.00	685.00
1047.00	693.00
1048.00	646.00
1049.00	652.00
1050.00	681.00
1051.00	667.00
1052.00	665.00
1053.00	678.00
1054.00	679.00
1055.00	668.00
1056.00	687.00
1057.00	677.00
1058.00	682.00
1059.00	639.00
1060.00	651.00
1061.00	667.00
1062.00	675.00
1063.00	647.00
1064.00	700.00
1065.00	669.00
1066.00	720.00
1067.00	684.00
1068.00	652.00
1069.00	699.00
1070.00	651.00
1071.00	717.00
1072.00	661.00
1073.00	706.00
1074.00	734.00
1075.00	660.00
1076.00	711.00
1077.00	642.00
1078.00	739.00
1079.00	756.00
1080.00	680.00
1081.00	694.00
1082.00	679.00
1083.00	669.00
1084.00	678.00
1085.00	685.00
1086.00	646.00
1087.00	700.00
1088.00	659.00
1089.00	724.00
1090.00	694.00
1091.00	722.00
1092.00	733.00
1093.00	703.00
1094.00	712.00
1095.00	687.00
1096.00	723.00
1097.00	700.00
1098.00	689.00
1099.00	686.00
1100.00	698.00
1101.00	690.00
1102.00	723.00
1103.00	686.00
1104.00	696.00
1105.00	731.00
1106.00	731.00
1107.00	702.00
1108.00	696.00
1109.00	754.00
1110.00	678.00
1111.00	722.00
1112.00	721.00
1113.00	773.00
1114.00	726.00
1115.00	706.00
1116.00	719.00
1117.00	728.00
1118.00	749.00
1119.00	712.00
1120.00	708.00
1121.00	715.00
1122.00	746.00
1123.00	676.00
1124.00	691.00
1125.00	714.00
1126.00	674.00
1127.00	702.00
1128.00	696.00
1129.00	773.00
1130.00	701.00
1131.00	738.00
1132.00	706.00
1133.00	751.00
1134.00	728.00
1135.00	745.00
1136.00	684.00
1137.00	740.00
1138.00	701.00
1139.00	698.00
1140.00	731.00
1141.00	744.00
1142.00	749.00
1143.00	733.00
1144.00	706.00
1145.00	693.00
1146.00	726.00
1147.00	706.00
1148.00	752.00
1149.00	740.00
1150.00	719.00
1151.00	715.00
1152.00	688.00
1153.00	706.00
1154.00	671.00
1155.00	704.00
1156.00	731.00
1157.00	689.00
1158.00	699.00
1159.00	693.00
1160.00	664.00
1161.00	681.00
1162.00	720.00
1163.00	706.00
1164.00	718.00
1165.00	654.00
1166.00	720.00
1167.00	695.00
1168.00	710.00
1169.00	724.00
1170.00	692.00
1171.00	654.00
1172.00	696.00
1173.00	704.00
1174.00	694.00
1175.00	695.00
1176.00	729.00
1177.00	690.00
1178.00	700.00
1179.00	688.00
1180.00	706.00
1181.00	702.00
1182.00	709.00
1183.00	687.00
1184.00	751.00
1185.00	689.00
1186.00	706.00
1187.00	771.00
1188.00	736.00
1189.00	735.00
1190.00	715.00
1191.00	691.00
1192.00	661.00
1193.00	694.00
1194.00	736.00
1195.00	740.00
1196.00	736.00
1197.00	715.00
1198.00	706.00
1199.00	729.00
1200.00	727.00
1201.00	707.00
1202.00	743.00
1203.00	677.00
1204.00	748.00
1205.00	771.00
1206.00	721.00
1207.00	762.00
1208.00	724.00
1209.00	751.00
1210.00	734.00
1211.00	736.00
1212.00	733.00
1213.00	732.00
1214.00	763.00
1215.00	744.00
1216.00	744.00
1217.00	755.00
1218.00	748.00
1219.00	756.00
1220.00	751.00
1221.00	766.00
1222.00	727.00
1223.00	778.00
1224.00	735.00
1225.00	780.00
1226.00	765.00
1227.00	783.00
1228.00	789.00
1229.00	734.00
1230.00	748.00
1231.00	760.00
1232.00	766.00
1233.00	676.00
1234.00	800.00
1235.00	714.00
1236.00	722.00
1237.00	768.00
1238.00	771.00
1239.00	758.00
1240.00	732.00
1241.00	748.00
1242.00	761.00
1243.00	733.00
1244.00	707.00
1245.00	707.00
1246.00	755.00
1247.00	702.00
1248.00	743.00
1249.00	708.00
1250.00	680.00
1251.00	698.00
1252.00	723.00
1253.00	736.00
1254.00	703.00
1255.00	690.00
1256.00	688.00
1257.00	678.00
1258.00	709.00
1259.00	651.00
1260.00	724.00
1261.00	702.00
1262.00	695.00
1263.00	670.00
1264.00	723.00
1265.00	708.00
1266.00	688.00
1267.00	652.00
1268.00	710.00
1269.00	707.00
1270.00	672.00
1271.00	710.00
1272.00	687.00
1273.00	710.00
1274.00	726.00
1275.00	750.00
1276.00	688.00
1277.00	707.00
1278.00	736.00
1279.00	778.00
1280.00	749.00
1281.00	707.00
1282.00	821.00
1283.00	763.00
1284.00	814.00
1285.00	753.00
1286.00	800.00
1287.00	774.00
1288.00	783.00
1289.00	857.00
1290.00	814.00
1291.00	770.00
1292.00	746.00
1293.00	759.00
1294.00	799.00
1295.00	820.00
1296.00	751.00
1297.00	764.00
1298.00	748.00
1299.00	785.00
1300.00	732.00
1301.00	723.00
1302.00	719.00
1303.00	735.00
1304.00	698.00
1305.00	734.00
1306.00	661.00
1307.00	725.00
1308.00	710.00
1309.00	750.00
1310.00	676.00
1311.00	683.00
1312.00	681.00
1313.00	665.00
1314.00	674.00
1315.00	690.00
1316.00	643.00
1317.00	693.00
1318.00	630.00
1319.00	650.00
1320.00	688.00
1321.00	641.00
1322.00	655.00
1323.00	706.00
1324.00	671.00
1325.00	646.00
1326.00	674.00
1327.00	652.00
1328.00	613.00
1329.00	699.00
1330.00	626.00
1331.00	721.00
1332.00	652.00
1333.00	666.00
1334.00	752.00
1335.00	654.00
1336.00	645.00
1337.00	682.00
1338.00	650.00
1339.00	678.00
1340.00	690.00
1341.00	676.00
1342.00	749.00
1343.00	678.00
1344.00	711.00
1345.00	753.00
1346.00	745.00
1347.00	743.00
1348.00	749.00
1349.00	836.00
1350.00	873.00
1351.00	898.00
1352.00	946.00
1353.00	953.00
1354.00	1028.00
1355.00	1046.00
1356.00	1127.00
1357.00	1213.00
1358.00	1196.00
1359.00	1236.00
1360.00	1361.00
1361.00	1332.00
1362.00	1361.00
1363.00	1329.00
1364.00	1346.00
1365.00	1363.00
1366.00	1373.00
1367.00	1339.00
1368.00	1294.00
1369.00	1219.00
1370.00	1206.00
1371.00	1157.00
1372.00	1144.00
1373.00	1125.00
1374.00	947.00
1375.00	939.00
1376.00	891.00
1377.00	862.00
1378.00	825.00
1379.00	783.00
1380.00	775.00
1381.00	691.00
1382.00	690.00
1383.00	671.00
1384.00	671.00
1385.00	637.00
1386.00	653.00
1387.00	653.00
1388.00	649.00
1389.00	592.00
1390.00	607.00
1391.00	643.00
1392.00	615.00
1393.00	601.00
1394.00	626.00
1395.00	629.00
1396.00	566.00
1397.00	632.00
1398.00	600.00
1399.00	556.00
1400.00	614.00
1401.00	589.00
1402.00	605.00
1403.00	639.00
1404.00	604.00
1405.00	599.00
1406.00	597.00
1407.00	577.00
1408.00	598.00
1409.00	615.00
1410.00	628.00
1411.00	556.00
1412.00	601.00
1413.00	596.00
1414.00	587.00
1415.00	669.00
1416.00	578.00
1417.00	617.00
1418.00	591.00
1419.00	569.00
1420.00	565.00
1421.00	626.00
1422.00	561.00
1423.00	606.00
1424.00	599.00
1425.00	581.00
1426.00	601.00
1427.00	612.00
1428.00	597.00
1429.00	634.00
1430.00	572.00
1431.00	570.00
1432.00	562.00
1433.00	572.00
1434.00	608.00
1435.00	576.00
1436.00	614.00
1437.00	642.00
1438.00	599.00
1439.00	655.00
1440.00	705.00
1441.00	627.00
1442.00	650.00
1443.00	567.00
1444.00	635.00
1445.00	556.00
1446.00	630.00
1447.00	593.00
1448.00	596.00
1449.00	601.00
1450.00	571.00
1451.00	540.00
1452.00	586.00
1453.00	568.00
1454.00	610.00
1455.00	611.00
1456.00	594.00
1457.00	603.00
1458.00	555.00
1459.00	594.00
1460.00	550.00
1461.00	559.00
1462.00	611.00
1463.00	562.00
1464.00	567.00
1465.00	545.00
1466.00	570.00
1467.00	596.00
1468.00	589.00
1469.00	568.00
1470.00	551.00
1471.00	612.00
1472.00	559.00
1473.00	522.00
1474.00	573.00
1475.00	522.00
1476.00	535.00
1477.00	543.00
1478.00	581.00
1479.00	559.00
1480.00	559.00
1481.00	592.00
1482.00	551.00
1483.00	561.00
1484.00	558.00
1485.00	544.00
1486.00	593.00
1487.00	597.00
1488.00	583.00
1489.00	580.00
1490.00	609.00
1491.00	540.00
1492.00	552.00
1493.00	560.00
1494.00	545.00
1495.00	558.00
1496.00	534.00
1497.00	576.00
1498.00	591.00
1499.00	557.00
1500.00	549.00
1501.00	579.00
1502.00	582.00
1503.00	622.00
1504.00	561.00
1505.00	637.00
1506.00	575.00
1507.00	566.00
1508.00	627.00
1509.00	621.00
1510.00	614.00
1511.00	613.00
1512.00	614.00
1513.00	658.00
1514.00	648.00
1515.00	641.00
1516.00	674.00
1517.00	689.00
1518.00	687.00
1519.00	664.00
1520.00	687.00
1521.00	778.00
1522.00	755.00
1523.00	686.00
1524.00	736.00
1525.00	763.00
1526.00	697.00
1527.00	716.00
1528.00	712.00
1529.00	696.00
1530.00	706.00
1531.00	705.00
1532.00	718.00
1533.00	655.00
1534.00	675.00
1535.00	656.00
1536.00	649.00
1537.00	636.00
1538.00	604.00
1539.00	640.00
1540.00	646.00
1541.00	638.00
1542.00	651.00
1543.00	661.00
1544.00	597.00
1545.00	614.00
1546.00	643.00
1547.00	633.00
1548.00	589.00
1549.00	639.00
1550.00	662.00
1551.00	620.00
1552.00	617.00
1553.00	631.00
1554.00	663.00
1555.00	649.00
1556.00	709.00
1557.00	672.00
1558.00	700.00
1559.00	692.00
1560.00	727.00
1561.00	696.00
1562.00	710.00
1563.00	772.00
1564.00	774.00
1565.00	735.00
1566.00	786.00
1567.00	800.00
1568.00	812.00
1569.00	790.00
1570.00	775.00
1571.00	815.00
1572.00	829.00
1573.00	857.00
1574.00	806.00
1575.00	862.00
1576.00	852.00
1577.00	916.00
1578.00	878.00
1579.00	856.00
1580.00	980.00
1581.00	897.00
1582.00	894.00
1583.00	984.00
1584.00	962.00
1585.00	942.00
1586.00	937.00
1587.00	941.00
1588.00	940.00
1589.00	927.00
1590.00	940.00
1591.00	929.00
1592.00	929.00
1593.00	943.00
1594.00	993.00
1595.00	904.00
1596.00	980.00
1597.00	913.00
1598.00	904.00
1599.00	949.00
1600.00	886.00
1601.00	899.00
1602.00	895.00
1603.00	840.00
1604.00	880.00
1605.00	923.00
1606.00	779.00
1607.00	855.00
1608.00	787.00
1609.00	765.00
1610.00	747.00
1611.00	753.00
1612.00	772.00
1613.00	728.00
1614.00	656.00
1615.00	709.00
1616.00	667.00
1617.00	684.00
1618.00	613.00
1619.00	690.00
1620.00	662.00
1621.00	620.00
1622.00	595.00
1623.00	648.00
1624.00	600.00
1625.00	568.00
1626.00	570.00
1627.00	571.00
1628.00	616.00
1629.00	539.00
1630.00	504.00
1631.00	545.00
1632.00	524.00
1633.00	519.00
1634.00	531.00
1635.00	496.00
1636.00	437.00
1637.00	529.00
1638.00	483.00
1639.00	503.00
1640.00	501.00
1641.00	522.00
1642.00	492.00
1643.00	485.00
1644.00	489.00
1645.00	441.00
1646.00	440.00
1647.00	444.00
1648.00	470.00
1649.00	441.00
1650.00	441.00
1651.00	479.00
1652.00	437.00
1653.00	458.00
1654.00	429.00
1655.00	469.00
1656.00	465.00
1657.00	471.00
1658.00	471.00
1659.00	453.00
1660.00	510.00
1661.00	451.00
1662.00	482.00
1663.00	481.00
1664.00	541.00
1665.00	565.00
1666.00	613.00
1667.00	535.00
1668.00	588.00
1669.00	618.00
1670.00	676.00
1671.00	684.00
1672.00	709.00
1673.00	761.00
1674.00	775.00
1675.00	777.00
1676.00	778.00
1677.00	835.00
1678.00	899.00
1679.00	893.00
1680.00	866.00
1681.00	925.00
1682.00	969.00
1683.00	881.00
1684.00	888.00
1685.00	856.00
1686.00	836.00
1687.00	832.00
1688.00	823.00
1689.00	826.00
1690.00	739.00
1691.00	717.00
1692.00	700.00
1693.00	684.00
1694.00	584.00
1695.00	594.00
1696.00	535.00
1697.00	511.00
1698.00	537.00
1699.00	459.00
1700.00	489.00
1701.00	469.00
1702.00	415.00
1703.00	441.00
1704.00	440.00
1705.00	415.00
1706.00	423.00
1707.00	362.00
1708.00	378.00
1709.00	363.00
1710.00	370.00
1711.00	361.00
1712.00	403.00
1713.00	372.00
1714.00	371.00
1715.00	343.00
1716.00	371.00
1717.00	395.00
1718.00	341.00
1719.00	357.00
1720.00	348.00
1721.00	348.00
1722.00	344.00
1723.00	345.00
1724.00	340.00
1725.00	325.00
1726.00	347.00
1727.00	336.00
1728.00	357.00
1729.00	323.00
1730.00	354.00
1731.00	360.00
1732.00	362.00
1733.00	352.00
1734.00	336.00
1735.00	387.00
1736.00	334.00
1737.00	348.00
1738.00	359.00
1739.00	352.00
1740.00	366.00
1741.00	347.00
1742.00	343.00
1743.00	350.00
1744.00	353.00
1745.00	319.00
1746.00	371.00
1747.00	372.00
1748.00	327.00
1749.00	349.00
1750.00	326.00
1751.00	342.00
1752.00	379.00
1753.00	360.00
1754.00	359.00
1755.00	377.00
1756.00	393.00
1757.00	378.00
1758.00	351.00
1759.00	354.00
1760.00	341.00
1761.00	332.00
1762.00	356.00
1763.00	352.00
1764.00	365.00
1765.00	368.00
1766.00	369.00
1767.00	356.00
1768.00	374.00
1769.00	386.00
1770.00	354.00
1771.00	384.00
1772.00	356.00
1773.00	344.00
1774.00	380.00
1775.00	346.00
1776.00	343.00
1777.00	348.00
1778.00	352.00
1779.00	359.00
1780.00	344.00
1781.00	355.00
1782.00	361.00
1783.00	334.00
1784.00	335.00
1785.00	326.00
1786.00	301.00
1787.00	307.00
1788.00	271.00
1789.00	308.00
1790.00	330.00
1791.00	295.00
1792.00	324.00
1793.00	329.00
1794.00	295.00
1795.00	311.00
1796.00	331.00
1797.00	285.00
1798.00	286.00
1799.00	308.00
1800.00	280.00
1801.00	318.00
1802.00	288.00
1803.00	267.00
1804.00	299.00
1805.00	270.00
1806.00	288.00
1807.00	269.00
1808.00	307.00
1809.00	271.00
1810.00	286.00
1811.00	263.00
1812.00	229.00
1813.00	263.00
1814.00	243.00
1815.00	246.00
1816.00	237.00
1817.00	235.00
1818.00	208.00
1819.00	268.00
1820.00	236.00
1821.00	231.00
1822.00	261.00
1823.00	235.00
1824.00	261.00
1825.00	225.00
1826.00	218.00
1827.00	244.00
1828.00	223.00
1829.00	214.00
1830.00	219.00
1831.00	202.00
1832.00	213.00
1833.00	191.00
1834.00	183.00
1835.00	226.00
1836.00	209.00
1837.00	197.00
1838.00	196.00
1839.00	195.00
1840.00	195.00
1841.00	215.00
1842.00	185.00
1843.00	184.00
1844.00	186.00
1845.00	227.00
1846.00	190.00
1847.00	190.00
1848.00	202.00
1849.00	187.00
1850.00	184.00
1851.00	192.00
1852.00	191.00
1853.00	181.00
1854.00	178.00
1855.00	169.00
1856.00	168.00
1857.00	178.00
1858.00	214.00
1859.00	181.00
1860.00	172.00
1861.00	198.00
1862.00	185.00
1863.00	185.00
1864.00	177.00
1865.00	190.00
1866.00	188.00
1867.00	208.00
1868.00	205.00
1869.00	183.00
1870.00	177.00
1871.00	188.00
1872.00	192.00
1873.00	195.00
1874.00	174.00
1875.00	174.00
1876.00	194.00
1877.00	208.00
1878.00	203.00
1879.00	196.00
1880.00	204.00
1881.00	188.00
1882.00	221.00
1883.00	230.00
1884.00	206.00
1885.00	231.00
1886.00	232.00
1887.00	239.00
1888.00	213.00
1889.00	219.00
1890.00	246.00
1891.00	238.00
1892.00	214.00
1893.00	199.00
1894.00	228.00
1895.00	205.00
1896.00	183.00
1897.00	181.00
1898.00	196.00
1899.00	196.00
1900.00	180.00
1901.00	175.00
1902.00	168.00
1903.00	169.00
1904.00	166.00
1905.00	172.00
1906.00	156.00
1907.00	157.00
1908.00	161.00
1909.00	177.00
1910.00	167.00
1911.00	149.00
1912.00	148.00
1913.00	147.00
1914.00	154.00
1915.00	154.00
1916.00	154.00
1917.00	144.00
1918.00	143.00
1919.00	134.00
1920.00	153.00
1921.00	136.00
1922.00	140.00
1923.00	139.00
1924.00	146.00
1925.00	135.00
1926.00	138.00
1927.00	125.00
1928.00	127.00
1929.00	121.00
1930.00	168.00
1931.00	142.00
1932.00	130.00
1933.00	131.00
1934.00	155.00
1935.00	140.00
1936.00	139.00
1937.00	125.00
1938.00	100.00
1939.00	119.00
1940.00	122.00
1941.00	107.00
1942.00	130.00
1943.00	92.00
1944.00	133.00
1945.00	112.00
1946.00	107.00
1947.00	103.00
1948.00	123.00
1949.00	102.00
1950.00	101.00
1951.00	120.00
1952.00	113.00
1953.00	101.00
1954.00	118.00
1955.00	117.00
1956.00	120.00
1957.00	104.00
1958.00	105.00
1959.00	93.00
1960.00	118.00
1961.00	108.00
1962.00	104.00
1963.00	129.00
1964.00	96.00
1965.00	88.00
1966.00	120.00
1967.00	108.00
1968.00	105.00
1969.00	92.00
1970.00	111.00
1971.00	94.00
1972.00	92.00
1973.00	105.00
1974.00	116.00
1975.00	103.00
1976.00	102.00
1977.00	95.00
1978.00	103.00
1979.00	107.00
1980.00	94.00
1981.00	82.00
1982.00	97.00
1983.00	113.00
1984.00	101.00
1985.00	97.00
1986.00	84.00
1987.00	100.00
1988.00	102.00
1989.00	87.00
1990.00	87.00
1991.00	79.00
1992.00	88.00
1993.00	84.00
1994.00	74.00
1995.00	81.00
1996.00	104.00
1997.00	80.00
1998.00	100.00
1999.00	88.00
2000.00	100.00
2001.00	95.00
2002.00	87.00
2003.00	86.00
2004.00	91.00
2005.00	92.00
2006.00	89.00
2007.00	63.00
2008.00	64.00
2009.00	80.00
2010.00	93.00
2011.00	77.00
2012.00	97.00
2013.00	73.00
2014.00	79.00
2015.00	81.00
2016.00	76.00
2017.00	80.00
2018.00	72.00
2019.00	96.00
2020.00	71.00
2021.00	72.00
2022.00	63.00
2023.00	73.00
2024.00	62.00
2025.00	74.00
2026.00	80.00
2027.00	82.00
2028.00	78.00
2029.00	83.00
2030.00	87.00
2031.00	59.00
2032.00	78.00
2033.00	60.00
2034.00	70.00
2035.00	61.00
2036.00	74.00
2037.00	81.00
2038.00	78.00
2039.00	78.00
2040.00	65.00
2041.00	71.00
2042.00	70.00
2043.00	71.00
2044.00	66.00
2045.00	59.00
2046.00	57.00
2047.00	65.00
2048.00	 0.00
