Date:	2023-09-18		
Time:	20:38		
Sample name:	Pellets		
Position:	771.600011	mm	
Sample surface:	5.894323	cm	
Tube anode:	Mo		
Tube voltage:	30	kV	
Tube current:	50	mA	
Comments	not in position		
Gain	5.810000		
peaking_time	0.300000	m-sec	
trigger_threshold	30.000000	V	
mca_bin_width	2.000000	no:	
number_mca_channels	2048.000000	no:	
gap_time	0.100000	m-sec	
trigger_peaking_time	0.050000	m-sec	
livetime	17.347777	seconds	
runtime	20.000012	seconds	
input_count_rate	111992.213819	cps	
output_count_rate	97140.741716	cps	
triggers	2164768.000000	seconds	
events_in_run	1933604.000000	seconds	
channel	content		
 1.00	 0.00
 2.00	 0.00
 3.00	 0.00
 4.00	 0.00
 5.00	 0.00
 6.00	 0.00
 7.00	 0.00
 8.00	 0.00
 9.00	 0.00
10.00	 0.00
11.00	 0.00
12.00	 0.00
13.00	 0.00
14.00	 0.00
15.00	 0.00
16.00	 0.00
17.00	 0.00
18.00	 0.00
19.00	 0.00
20.00	 0.00
21.00	 0.00
22.00	 0.00
23.00	 0.00
24.00	 0.00
25.00	 0.00
26.00	 0.00
27.00	 0.00
28.00	 0.00
29.00	 0.00
30.00	 0.00
31.00	 1.00
32.00	 4.00
33.00	 2.00
34.00	 2.00
35.00	 8.00
36.00	 7.00
37.00	12.00
38.00	20.00
39.00	20.00
40.00	41.00
41.00	45.00
42.00	67.00
43.00	91.00
44.00	96.00
45.00	123.00
46.00	138.00
47.00	155.00
48.00	179.00
49.00	213.00
50.00	205.00
51.00	223.00
52.00	268.00
53.00	241.00
54.00	256.00
55.00	256.00
56.00	283.00
57.00	297.00
58.00	304.00
59.00	331.00
60.00	335.00
61.00	296.00
62.00	336.00
63.00	353.00
64.00	340.00
65.00	325.00
66.00	348.00
67.00	340.00
68.00	333.00
69.00	312.00
70.00	319.00
71.00	355.00
72.00	343.00
73.00	317.00
74.00	317.00
75.00	333.00
76.00	308.00
77.00	351.00
78.00	316.00
79.00	329.00
80.00	328.00
81.00	315.00
82.00	355.00
83.00	309.00
84.00	319.00
85.00	318.00
86.00	352.00
87.00	339.00
88.00	334.00
89.00	306.00
90.00	313.00
91.00	338.00
92.00	313.00
93.00	315.00
94.00	306.00
95.00	318.00
96.00	287.00
97.00	295.00
98.00	289.00
99.00	282.00
100.00	285.00
101.00	277.00
102.00	268.00
103.00	295.00
104.00	256.00
105.00	268.00
106.00	281.00
107.00	243.00
108.00	258.00
109.00	244.00
110.00	238.00
111.00	263.00
112.00	238.00
113.00	247.00
114.00	254.00
115.00	255.00
116.00	232.00
117.00	264.00
118.00	258.00
119.00	264.00
120.00	276.00
121.00	286.00
122.00	217.00
123.00	234.00
124.00	228.00
125.00	214.00
126.00	190.00
127.00	189.00
128.00	199.00
129.00	210.00
130.00	199.00
131.00	194.00
132.00	191.00
133.00	219.00
134.00	194.00
135.00	176.00
136.00	242.00
137.00	275.00
138.00	336.00
139.00	450.00
140.00	613.00
141.00	790.00
142.00	939.00
143.00	1057.00
144.00	1199.00
145.00	1166.00
146.00	1165.00
147.00	1042.00
148.00	932.00
149.00	841.00
150.00	732.00
151.00	636.00
152.00	605.00
153.00	568.00
154.00	523.00
155.00	482.00
156.00	414.00
157.00	419.00
158.00	408.00
159.00	509.00
160.00	789.00
161.00	1333.00
162.00	2194.00
163.00	3397.00
164.00	5172.00
165.00	7266.00
166.00	9297.00
167.00	11401.00
168.00	12948.00
169.00	13435.00
170.00	12961.00
171.00	11605.00
172.00	9558.00
173.00	7788.00
174.00	5552.00
175.00	4062.00
176.00	2860.00
177.00	1961.00
178.00	1494.00
179.00	1147.00
180.00	930.00
181.00	718.00
182.00	686.00
183.00	693.00
184.00	658.00
185.00	694.00
186.00	726.00
187.00	785.00
188.00	802.00
189.00	874.00
190.00	842.00
191.00	788.00
192.00	728.00
193.00	591.00
194.00	488.00
195.00	434.00
196.00	354.00
197.00	317.00
198.00	248.00
199.00	234.00
200.00	220.00
201.00	175.00
202.00	189.00
203.00	191.00
204.00	171.00
205.00	188.00
206.00	179.00
207.00	185.00
208.00	181.00
209.00	190.00
210.00	188.00
211.00	209.00
212.00	210.00
213.00	196.00
214.00	225.00
215.00	224.00
216.00	228.00
217.00	271.00
218.00	243.00
219.00	242.00
220.00	283.00
221.00	284.00
222.00	298.00
223.00	315.00
224.00	266.00
225.00	243.00
226.00	254.00
227.00	222.00
228.00	229.00
229.00	227.00
230.00	195.00
231.00	174.00
232.00	181.00
233.00	169.00
234.00	195.00
235.00	177.00
236.00	144.00
237.00	178.00
238.00	175.00
239.00	160.00
240.00	171.00
241.00	157.00
242.00	168.00
243.00	161.00
244.00	161.00
245.00	163.00
246.00	176.00
247.00	158.00
248.00	167.00
249.00	164.00
250.00	170.00
251.00	188.00
252.00	175.00
253.00	175.00
254.00	184.00
255.00	207.00
256.00	160.00
257.00	181.00
258.00	173.00
259.00	223.00
260.00	216.00
261.00	224.00
262.00	237.00
263.00	220.00
264.00	232.00
265.00	229.00
266.00	273.00
267.00	278.00
268.00	290.00
269.00	272.00
270.00	284.00
271.00	257.00
272.00	259.00
273.00	223.00
274.00	242.00
275.00	271.00
276.00	273.00
277.00	330.00
278.00	450.00
279.00	565.00
280.00	778.00
281.00	1010.00
282.00	1345.00
283.00	1629.00
284.00	1807.00
285.00	2086.00
286.00	2246.00
287.00	2235.00
288.00	2267.00
289.00	1937.00
290.00	1738.00
291.00	1529.00
292.00	1150.00
293.00	892.00
294.00	723.00
295.00	514.00
296.00	421.00
297.00	357.00
298.00	277.00
299.00	271.00
300.00	243.00
301.00	248.00
302.00	304.00
303.00	350.00
304.00	370.00
305.00	440.00
306.00	481.00
307.00	620.00
308.00	830.00
309.00	1027.00
310.00	1420.00
311.00	2057.00
312.00	3010.00
313.00	4361.00
314.00	6152.00
315.00	8448.00
316.00	10805.00
317.00	13870.00
318.00	16944.00
319.00	19449.00
320.00	20866.00
321.00	21093.00
322.00	21327.00
323.00	19549.00
324.00	17736.00
325.00	14929.00
326.00	11732.00
327.00	8932.00
328.00	6588.00
329.00	4546.00
330.00	3124.00
331.00	1967.00
332.00	1325.00
333.00	877.00
334.00	705.00
335.00	548.00
336.00	515.00
337.00	581.00
338.00	705.00
339.00	908.00
340.00	1186.00
341.00	1501.00
342.00	2044.00
343.00	2595.00
344.00	3372.00
345.00	4289.00
346.00	5644.00
347.00	7525.00
348.00	10104.00
349.00	13792.00
350.00	17593.00
351.00	23344.00
352.00	29935.00
353.00	36973.00
354.00	43895.00
355.00	50607.00
356.00	54960.00
357.00	57231.00
358.00	56722.00
359.00	54161.00
360.00	49296.00
361.00	42801.00
362.00	35230.00
363.00	27907.00
364.00	20857.00
365.00	14964.00
366.00	10471.00
367.00	6890.00
368.00	4391.00
369.00	2799.00
370.00	1779.00
371.00	1185.00
372.00	817.00
373.00	701.00
374.00	635.00
375.00	681.00
376.00	806.00
377.00	981.00
378.00	1286.00
379.00	1675.00
380.00	2297.00
381.00	2927.00
382.00	3739.00
383.00	4738.00
384.00	5640.00
385.00	6846.00
386.00	7742.00
387.00	8203.00
388.00	8719.00
389.00	8551.00
390.00	8396.00
391.00	7865.00
392.00	6942.00
393.00	5728.00
394.00	4727.00
395.00	3904.00
396.00	2886.00
397.00	2159.00
398.00	1512.00
399.00	1181.00
400.00	855.00
401.00	644.00
402.00	510.00
403.00	403.00
404.00	365.00
405.00	322.00
406.00	312.00
407.00	325.00
408.00	287.00
409.00	298.00
410.00	292.00
411.00	262.00
412.00	325.00
413.00	309.00
414.00	366.00
415.00	333.00
416.00	378.00
417.00	357.00
418.00	441.00
419.00	482.00
420.00	493.00
421.00	635.00
422.00	709.00
423.00	892.00
424.00	1289.00
425.00	1795.00
426.00	2469.00
427.00	3336.00
428.00	4554.00
429.00	5920.00
430.00	7624.00
431.00	9395.00
432.00	11193.00
433.00	12893.00
434.00	14132.00
435.00	15234.00
436.00	15520.00
437.00	15459.00
438.00	14597.00
439.00	13218.00
440.00	11892.00
441.00	10059.00
442.00	8480.00
443.00	7089.00
444.00	5736.00
445.00	4558.00
446.00	3857.00
447.00	3406.00
448.00	2982.00
449.00	2709.00
450.00	2517.00
451.00	2384.00
452.00	2196.00
453.00	2171.00
454.00	1898.00
455.00	1685.00
456.00	1487.00
457.00	1324.00
458.00	1231.00
459.00	1146.00
460.00	1210.00
461.00	1153.00
462.00	1261.00
463.00	1300.00
464.00	1505.00
465.00	1612.00
466.00	1769.00
467.00	2009.00
468.00	2132.00
469.00	2447.00
470.00	2638.00
471.00	3044.00
472.00	3107.00
473.00	3495.00
474.00	3797.00
475.00	3944.00
476.00	4271.00
477.00	4192.00
478.00	4187.00
479.00	3974.00
480.00	3763.00
481.00	3527.00
482.00	2975.00
483.00	2491.00
484.00	2261.00
485.00	1933.00
486.00	1617.00
487.00	1360.00
488.00	1182.00
489.00	1052.00
490.00	940.00
491.00	929.00
492.00	880.00
493.00	886.00
494.00	875.00
495.00	960.00
496.00	975.00
497.00	1008.00
498.00	1003.00
499.00	1081.00
500.00	1142.00
501.00	1117.00
502.00	1142.00
503.00	1212.00
504.00	1237.00
505.00	1259.00
506.00	1277.00
507.00	1346.00
508.00	1353.00
509.00	1289.00
510.00	1482.00
511.00	1539.00
512.00	1512.00
513.00	1612.00
514.00	1626.00
515.00	1905.00
516.00	1950.00
517.00	2092.00
518.00	2249.00
519.00	2504.00
520.00	2520.00
521.00	2695.00
522.00	2763.00
523.00	2786.00
524.00	2758.00
525.00	2724.00
526.00	2612.00
527.00	2517.00
528.00	2342.00
529.00	2133.00
530.00	1998.00
531.00	1893.00
532.00	1796.00
533.00	1776.00
534.00	1736.00
535.00	1734.00
536.00	1726.00
537.00	1690.00
538.00	1736.00
539.00	1720.00
540.00	1684.00
541.00	1697.00
542.00	1744.00
543.00	1773.00
544.00	1758.00
545.00	1755.00
546.00	1740.00
547.00	1798.00
548.00	1796.00
549.00	1783.00
550.00	1834.00
551.00	1762.00
552.00	1883.00
553.00	1845.00
554.00	1985.00
555.00	2125.00
556.00	2444.00
557.00	2887.00
558.00	3291.00
559.00	3981.00
560.00	4879.00
561.00	6073.00
562.00	7468.00
563.00	8999.00
564.00	10643.00
565.00	12446.00
566.00	13877.00
567.00	15420.00
568.00	16825.00
569.00	17403.00
570.00	17359.00
571.00	17050.00
572.00	16227.00
573.00	14999.00
574.00	13411.00
575.00	11695.00
576.00	10104.00
577.00	8257.00
578.00	6864.00
579.00	5575.00
580.00	4562.00
581.00	3730.00
582.00	3167.00
583.00	2753.00
584.00	2415.00
585.00	2202.00
586.00	2115.00
587.00	2160.00
588.00	2145.00
589.00	2311.00
590.00	2298.00
591.00	2396.00
592.00	2430.00
593.00	2594.00
594.00	2782.00
595.00	2983.00
596.00	3299.00
597.00	3671.00
598.00	4360.00
599.00	5282.00
600.00	6765.00
601.00	8961.00
602.00	12405.00
603.00	17637.00
604.00	24976.00
605.00	35484.00
606.00	49810.00
607.00	69866.00
608.00	93934.00
609.00	125599.00
610.00	163021.00
611.00	204676.00
612.00	251747.00
613.00	300578.00
614.00	347556.00
615.00	391090.00
616.00	425618.00
617.00	452024.00
618.00	462641.00
619.00	462748.00
620.00	446204.00
621.00	419920.00
622.00	383211.00
623.00	336424.00
624.00	289681.00
625.00	240115.00
626.00	194420.00
627.00	153231.00
628.00	116469.00
629.00	86665.00
630.00	63136.00
631.00	45419.00
632.00	31928.00
633.00	22213.00
634.00	15672.00
635.00	10972.00
636.00	8132.00
637.00	6204.00
638.00	5002.00
639.00	4280.00
640.00	3680.00
641.00	3532.00
642.00	3376.00
643.00	3349.00
644.00	3252.00
645.00	3172.00
646.00	3262.00
647.00	3212.00
648.00	3321.00
649.00	3314.00
650.00	3514.00
651.00	3511.00
652.00	3620.00
653.00	3622.00
654.00	3625.00
655.00	3778.00
656.00	3995.00
657.00	4034.00
658.00	4228.00
659.00	4616.00
660.00	4544.00
661.00	4881.00
662.00	5197.00
663.00	5643.00
664.00	6261.00
665.00	7128.00
666.00	8096.00
667.00	9517.00
668.00	11574.00
669.00	14096.00
670.00	17192.00
671.00	21140.00
672.00	25887.00
673.00	31787.00
674.00	37822.00
675.00	44701.00
676.00	51806.00
677.00	58078.00
678.00	64592.00
679.00	68893.00
680.00	72796.00
681.00	74828.00
682.00	74936.00
683.00	72563.00
684.00	68970.00
685.00	63574.00
686.00	57562.00
687.00	50639.00
688.00	43468.00
689.00	36533.00
690.00	29515.00
691.00	23674.00
692.00	18819.00
693.00	14476.00
694.00	11241.00
695.00	8624.00
696.00	6721.00
697.00	5401.00
698.00	4614.00
699.00	3917.00
700.00	3444.00
701.00	3342.00
702.00	3132.00
703.00	2990.00
704.00	3133.00
705.00	3018.00
706.00	3260.00
707.00	3209.00
708.00	3175.00
709.00	3410.00
710.00	3269.00
711.00	3642.00
712.00	3822.00
713.00	3959.00
714.00	4138.00
715.00	4366.00
716.00	4537.00
717.00	4628.00
718.00	5003.00
719.00	5014.00
720.00	5169.00
721.00	5231.00
722.00	5284.00
723.00	5312.00
724.00	5140.00
725.00	5001.00
726.00	4748.00
727.00	4591.00
728.00	4374.00
729.00	4118.00
730.00	3915.00
731.00	3822.00
732.00	3510.00
733.00	3365.00
734.00	3377.00
735.00	3194.00
736.00	3231.00
737.00	3157.00
738.00	3139.00
739.00	3102.00
740.00	3135.00
741.00	2981.00
742.00	2989.00
743.00	2873.00
744.00	2930.00
745.00	3005.00
746.00	2954.00
747.00	2949.00
748.00	2999.00
749.00	2932.00
750.00	2950.00
751.00	2993.00
752.00	3045.00
753.00	3015.00
754.00	3054.00
755.00	3076.00
756.00	3141.00
757.00	3248.00
758.00	3130.00
759.00	3079.00
760.00	3265.00
761.00	3154.00
762.00	3374.00
763.00	3379.00
764.00	3509.00
765.00	3627.00
766.00	3686.00
767.00	3854.00
768.00	3907.00
769.00	4053.00
770.00	4180.00
771.00	4321.00
772.00	4549.00
773.00	4694.00
774.00	4686.00
775.00	4974.00
776.00	4924.00
777.00	4979.00
778.00	5154.00
779.00	5196.00
780.00	5192.00
781.00	4999.00
782.00	4934.00
783.00	4993.00
784.00	4894.00
785.00	4955.00
786.00	4966.00
787.00	4869.00
788.00	4786.00
789.00	4873.00
790.00	4903.00
791.00	4868.00
792.00	4968.00
793.00	5079.00
794.00	5119.00
795.00	5008.00
796.00	5146.00
797.00	5165.00
798.00	5248.00
799.00	5170.00
800.00	5134.00
801.00	5258.00
802.00	5310.00
803.00	5297.00
804.00	5294.00
805.00	5300.00
806.00	5235.00
807.00	5330.00
808.00	5269.00
809.00	5344.00
810.00	5186.00
811.00	5195.00
812.00	5298.00
813.00	5318.00
814.00	5233.00
815.00	5303.00
816.00	5191.00
817.00	5257.00
818.00	5286.00
819.00	5504.00
820.00	5516.00
821.00	5624.00
822.00	5814.00
823.00	6080.00
824.00	6361.00
825.00	6830.00
826.00	7131.00
827.00	7503.00
828.00	7896.00
829.00	8278.00
830.00	8550.00
831.00	8961.00
832.00	9008.00
833.00	9163.00
834.00	9228.00
835.00	9008.00
836.00	8688.00
837.00	8569.00
838.00	8107.00
839.00	7960.00
840.00	7442.00
841.00	7104.00
842.00	6627.00
843.00	6290.00
844.00	6083.00
845.00	5737.00
846.00	5621.00
847.00	5330.00
848.00	5316.00
849.00	5271.00
850.00	5158.00
851.00	5203.00
852.00	5274.00
853.00	5140.00
854.00	5190.00
855.00	5066.00
856.00	5425.00
857.00	5184.00
858.00	5223.00
859.00	5321.00
860.00	5283.00
861.00	5348.00
862.00	5293.00
863.00	5255.00
864.00	5512.00
865.00	5436.00
866.00	5306.00
867.00	5312.00
868.00	5437.00
869.00	5325.00
870.00	5377.00
871.00	5247.00
872.00	5496.00
873.00	5510.00
874.00	5505.00
875.00	5397.00
876.00	5592.00
877.00	5693.00
878.00	5579.00
879.00	5721.00
880.00	5795.00
881.00	6075.00
882.00	5997.00
883.00	5843.00
884.00	5927.00
885.00	6119.00
886.00	6069.00
887.00	6324.00
888.00	6261.00
889.00	6402.00
890.00	6221.00
891.00	6440.00
892.00	6344.00
893.00	6517.00
894.00	6655.00
895.00	6262.00
896.00	6431.00
897.00	6387.00
898.00	6473.00
899.00	6238.00
900.00	6346.00
901.00	6243.00
902.00	6303.00
903.00	6333.00
904.00	6232.00
905.00	6214.00
906.00	6407.00
907.00	6218.00
908.00	6345.00
909.00	6261.00
910.00	6267.00
911.00	6559.00
912.00	6406.00
913.00	6386.00
914.00	6607.00
915.00	6557.00
916.00	6671.00
917.00	6786.00
918.00	6882.00
919.00	6946.00
920.00	6828.00
921.00	6995.00
922.00	7065.00
923.00	7124.00
924.00	7074.00
925.00	6999.00
926.00	7193.00
927.00	6999.00
928.00	7063.00
929.00	7047.00
930.00	6967.00
931.00	6897.00
932.00	6960.00
933.00	6921.00
934.00	6760.00
935.00	6791.00
936.00	6708.00
937.00	6745.00
938.00	6642.00
939.00	6664.00
940.00	6543.00
941.00	6565.00
942.00	6432.00
943.00	6490.00
944.00	6460.00
945.00	6419.00
946.00	6542.00
947.00	6480.00
948.00	6519.00
949.00	6306.00
950.00	6597.00
951.00	6339.00
952.00	6270.00
953.00	6416.00
954.00	6512.00
955.00	6449.00
956.00	6568.00
957.00	6554.00
958.00	6409.00
959.00	6619.00
960.00	6527.00
961.00	6629.00
962.00	6470.00
963.00	6675.00
964.00	6606.00
965.00	6613.00
966.00	6653.00
967.00	6557.00
968.00	6598.00
969.00	6739.00
970.00	6679.00
971.00	6847.00
972.00	6682.00
973.00	6728.00
974.00	6664.00
975.00	6621.00
976.00	6724.00
977.00	6637.00
978.00	6763.00
979.00	6731.00
980.00	6755.00
981.00	6702.00
982.00	6554.00
983.00	6713.00
984.00	6673.00
985.00	6607.00
986.00	6786.00
987.00	6581.00
988.00	6673.00
989.00	6530.00
990.00	6836.00
991.00	6856.00
992.00	6727.00
993.00	6666.00
994.00	6862.00
995.00	6585.00
996.00	6627.00
997.00	6686.00
998.00	6820.00
999.00	6900.00
1000.00	6778.00
1001.00	6667.00
1002.00	6661.00
1003.00	7005.00
1004.00	6734.00
1005.00	6846.00
1006.00	6881.00
1007.00	6889.00
1008.00	6868.00
1009.00	6908.00
1010.00	7101.00
1011.00	6967.00
1012.00	7250.00
1013.00	7119.00
1014.00	7039.00
1015.00	7189.00
1016.00	7168.00
1017.00	7282.00
1018.00	7277.00
1019.00	7313.00
1020.00	7113.00
1021.00	7170.00
1022.00	6991.00
1023.00	6870.00
1024.00	7084.00
1025.00	6914.00
1026.00	6906.00
1027.00	6806.00
1028.00	6725.00
1029.00	6707.00
1030.00	6662.00
1031.00	6594.00
1032.00	6811.00
1033.00	6731.00
1034.00	6651.00
1035.00	6712.00
1036.00	6754.00
1037.00	6840.00
1038.00	6817.00
1039.00	6785.00
1040.00	6806.00
1041.00	6891.00
1042.00	6661.00
1043.00	6808.00
1044.00	6941.00
1045.00	6873.00
1046.00	6820.00
1047.00	6794.00
1048.00	6923.00
1049.00	6869.00
1050.00	6872.00
1051.00	6881.00
1052.00	6922.00
1053.00	6842.00
1054.00	6910.00
1055.00	6917.00
1056.00	6743.00
1057.00	7014.00
1058.00	6937.00
1059.00	7033.00
1060.00	6985.00
1061.00	6976.00
1062.00	6866.00
1063.00	7025.00
1064.00	7073.00
1065.00	6973.00
1066.00	6996.00
1067.00	6948.00
1068.00	7023.00
1069.00	7009.00
1070.00	7036.00
1071.00	7131.00
1072.00	7019.00
1073.00	7117.00
1074.00	7219.00
1075.00	7091.00
1076.00	7026.00
1077.00	7054.00
1078.00	7054.00
1079.00	7145.00
1080.00	7128.00
1081.00	7105.00
1082.00	7049.00
1083.00	7334.00
1084.00	7067.00
1085.00	7154.00
1086.00	7158.00
1087.00	7021.00
1088.00	7162.00
1089.00	7140.00
1090.00	7317.00
1091.00	7107.00
1092.00	7266.00
1093.00	7216.00
1094.00	7184.00
1095.00	7267.00
1096.00	7206.00
1097.00	7136.00
1098.00	7242.00
1099.00	7221.00
1100.00	7293.00
1101.00	7202.00
1102.00	7370.00
1103.00	7321.00
1104.00	7084.00
1105.00	7323.00
1106.00	7189.00
1107.00	7326.00
1108.00	7221.00
1109.00	7331.00
1110.00	7171.00
1111.00	7367.00
1112.00	7280.00
1113.00	7296.00
1114.00	7190.00
1115.00	7252.00
1116.00	7239.00
1117.00	7389.00
1118.00	7168.00
1119.00	7084.00
1120.00	7389.00
1121.00	7347.00
1122.00	7190.00
1123.00	7270.00
1124.00	7246.00
1125.00	7161.00
1126.00	7342.00
1127.00	7290.00
1128.00	7130.00
1129.00	7134.00
1130.00	7263.00
1131.00	7204.00
1132.00	7232.00
1133.00	7106.00
1134.00	7199.00
1135.00	7341.00
1136.00	7221.00
1137.00	7151.00
1138.00	7192.00
1139.00	7432.00
1140.00	7322.00
1141.00	7218.00
1142.00	7331.00
1143.00	7380.00
1144.00	7444.00
1145.00	7516.00
1146.00	7586.00
1147.00	7368.00
1148.00	7426.00
1149.00	7394.00
1150.00	7308.00
1151.00	7332.00
1152.00	7436.00
1153.00	7239.00
1154.00	7314.00
1155.00	7360.00
1156.00	7139.00
1157.00	7091.00
1158.00	7051.00
1159.00	7408.00
1160.00	6979.00
1161.00	7116.00
1162.00	7188.00
1163.00	7158.00
1164.00	7341.00
1165.00	7123.00
1166.00	7179.00
1167.00	7191.00
1168.00	7162.00
1169.00	7111.00
1170.00	6946.00
1171.00	7154.00
1172.00	7117.00
1173.00	7038.00
1174.00	7073.00
1175.00	7189.00
1176.00	7187.00
1177.00	7036.00
1178.00	7148.00
1179.00	7106.00
1180.00	7246.00
1181.00	7163.00
1182.00	7177.00
1183.00	7091.00
1184.00	7308.00
1185.00	7322.00
1186.00	7245.00
1187.00	7320.00
1188.00	7178.00
1189.00	7353.00
1190.00	7322.00
1191.00	7127.00
1192.00	7240.00
1193.00	7227.00
1194.00	7181.00
1195.00	7128.00
1196.00	7284.00
1197.00	7472.00
1198.00	7335.00
1199.00	7209.00
1200.00	7302.00
1201.00	7190.00
1202.00	7276.00
1203.00	7118.00
1204.00	7376.00
1205.00	7189.00
1206.00	7382.00
1207.00	7375.00
1208.00	7372.00
1209.00	7552.00
1210.00	7526.00
1211.00	7407.00
1212.00	7369.00
1213.00	7467.00
1214.00	7508.00
1215.00	7447.00
1216.00	7703.00
1217.00	7729.00
1218.00	7682.00
1219.00	7880.00
1220.00	7881.00
1221.00	7780.00
1222.00	7802.00
1223.00	7801.00
1224.00	7857.00
1225.00	7833.00
1226.00	7932.00
1227.00	7956.00
1228.00	8054.00
1229.00	7900.00
1230.00	8012.00
1231.00	8217.00
1232.00	8018.00
1233.00	8164.00
1234.00	8214.00
1235.00	8099.00
1236.00	8149.00
1237.00	7950.00
1238.00	8162.00
1239.00	8036.00
1240.00	7806.00
1241.00	7861.00
1242.00	7782.00
1243.00	7748.00
1244.00	7853.00
1245.00	7700.00
1246.00	7511.00
1247.00	7588.00
1248.00	7648.00
1249.00	7453.00
1250.00	7557.00
1251.00	7356.00
1252.00	7380.00
1253.00	7332.00
1254.00	7499.00
1255.00	7482.00
1256.00	7394.00
1257.00	7247.00
1258.00	7362.00
1259.00	7237.00
1260.00	7292.00
1261.00	7223.00
1262.00	7257.00
1263.00	7281.00
1264.00	7325.00
1265.00	7265.00
1266.00	7388.00
1267.00	7122.00
1268.00	7387.00
1269.00	7344.00
1270.00	7332.00
1271.00	7515.00
1272.00	7298.00
1273.00	7432.00
1274.00	7566.00
1275.00	7675.00
1276.00	7727.00
1277.00	7769.00
1278.00	7975.00
1279.00	7884.00
1280.00	7969.00
1281.00	8214.00
1282.00	8380.00
1283.00	8579.00
1284.00	8741.00
1285.00	8807.00
1286.00	8876.00
1287.00	9084.00
1288.00	9101.00
1289.00	9023.00
1290.00	8943.00
1291.00	9235.00
1292.00	9035.00
1293.00	9262.00
1294.00	8989.00
1295.00	8787.00
1296.00	8659.00
1297.00	8770.00
1298.00	8595.00
1299.00	8297.00
1300.00	8467.00
1301.00	8192.00
1302.00	8007.00
1303.00	7810.00
1304.00	7574.00
1305.00	7527.00
1306.00	7617.00
1307.00	7387.00
1308.00	7418.00
1309.00	7131.00
1310.00	7249.00
1311.00	7161.00
1312.00	7214.00
1313.00	7188.00
1314.00	7170.00
1315.00	6981.00
1316.00	6974.00
1317.00	6985.00
1318.00	7086.00
1319.00	7148.00
1320.00	7115.00
1321.00	7089.00
1322.00	7063.00
1323.00	7091.00
1324.00	7131.00
1325.00	7045.00
1326.00	6980.00
1327.00	6989.00
1328.00	7011.00
1329.00	6987.00
1330.00	6907.00
1331.00	6946.00
1332.00	6879.00
1333.00	6891.00
1334.00	6989.00
1335.00	6900.00
1336.00	6937.00
1337.00	6995.00
1338.00	7076.00
1339.00	7107.00
1340.00	6862.00
1341.00	6934.00
1342.00	6970.00
1343.00	6872.00
1344.00	6995.00
1345.00	7103.00
1346.00	7221.00
1347.00	7093.00
1348.00	7348.00
1349.00	7571.00
1350.00	7457.00
1351.00	7710.00
1352.00	7650.00
1353.00	7939.00
1354.00	8092.00
1355.00	8164.00
1356.00	8324.00
1357.00	8328.00
1358.00	8476.00
1359.00	8617.00
1360.00	8706.00
1361.00	8828.00
1362.00	8895.00
1363.00	8777.00
1364.00	8904.00
1365.00	8819.00
1366.00	8633.00
1367.00	8741.00
1368.00	8693.00
1369.00	8563.00
1370.00	8599.00
1371.00	8332.00
1372.00	8078.00
1373.00	7873.00
1374.00	7682.00
1375.00	7533.00
1376.00	7369.00
1377.00	7347.00
1378.00	7257.00
1379.00	6879.00
1380.00	6827.00
1381.00	6719.00
1382.00	6896.00
1383.00	6547.00
1384.00	6534.00
1385.00	6317.00
1386.00	6338.00
1387.00	6386.00
1388.00	6365.00
1389.00	6563.00
1390.00	6392.00
1391.00	6473.00
1392.00	6506.00
1393.00	6401.00
1394.00	6176.00
1395.00	6246.00
1396.00	6221.00
1397.00	6340.00
1398.00	6284.00
1399.00	6270.00
1400.00	6255.00
1401.00	6254.00
1402.00	6364.00
1403.00	6199.00
1404.00	6138.00
1405.00	6236.00
1406.00	6168.00
1407.00	6173.00
1408.00	6095.00
1409.00	6137.00
1410.00	6224.00
1411.00	6148.00
1412.00	6220.00
1413.00	6016.00
1414.00	6148.00
1415.00	6203.00
1416.00	6091.00
1417.00	6095.00
1418.00	6146.00
1419.00	6168.00
1420.00	6252.00
1421.00	6270.00
1422.00	6205.00
1423.00	6262.00
1424.00	6070.00
1425.00	6314.00
1426.00	6222.00
1427.00	6329.00
1428.00	6331.00
1429.00	6332.00
1430.00	6321.00
1431.00	6404.00
1432.00	6415.00
1433.00	6393.00
1434.00	6485.00
1435.00	6571.00
1436.00	6709.00
1437.00	6488.00
1438.00	6605.00
1439.00	6651.00
1440.00	6745.00
1441.00	6672.00
1442.00	6644.00
1443.00	6640.00
1444.00	6609.00
1445.00	6630.00
1446.00	6701.00
1447.00	6575.00
1448.00	6411.00
1449.00	6405.00
1450.00	6538.00
1451.00	6208.00
1452.00	6232.00
1453.00	6170.00
1454.00	6363.00
1455.00	6254.00
1456.00	6184.00
1457.00	5997.00
1458.00	5865.00
1459.00	5991.00
1460.00	6079.00
1461.00	5956.00
1462.00	5910.00
1463.00	5869.00
1464.00	5981.00
1465.00	5897.00
1466.00	5932.00
1467.00	5943.00
1468.00	5996.00
1469.00	5811.00
1470.00	5978.00
1471.00	5953.00
1472.00	5926.00
1473.00	5956.00
1474.00	5871.00
1475.00	5873.00
1476.00	5918.00
1477.00	5815.00
1478.00	5873.00
1479.00	5732.00
1480.00	5850.00
1481.00	5742.00
1482.00	5876.00
1483.00	5692.00
1484.00	5921.00
1485.00	5891.00
1486.00	5802.00
1487.00	5892.00
1488.00	5739.00
1489.00	5828.00
1490.00	5792.00
1491.00	5905.00
1492.00	5881.00
1493.00	5752.00
1494.00	5908.00
1495.00	5845.00
1496.00	5825.00
1497.00	5932.00
1498.00	5852.00
1499.00	6163.00
1500.00	5944.00
1501.00	5853.00
1502.00	6016.00
1503.00	6150.00
1504.00	6119.00
1505.00	6225.00
1506.00	6220.00
1507.00	6316.00
1508.00	6400.00
1509.00	6476.00
1510.00	6457.00
1511.00	6523.00
1512.00	6423.00
1513.00	6681.00
1514.00	6684.00
1515.00	6839.00
1516.00	6938.00
1517.00	6745.00
1518.00	6885.00
1519.00	7092.00
1520.00	7008.00
1521.00	7106.00
1522.00	6933.00
1523.00	6999.00
1524.00	7005.00
1525.00	7020.00
1526.00	6821.00
1527.00	6938.00
1528.00	6973.00
1529.00	6825.00
1530.00	6758.00
1531.00	6688.00
1532.00	6626.00
1533.00	6547.00
1534.00	6605.00
1535.00	6502.00
1536.00	6366.00
1537.00	6385.00
1538.00	6372.00
1539.00	6364.00
1540.00	6437.00
1541.00	6377.00
1542.00	6501.00
1543.00	6395.00
1544.00	6413.00
1545.00	6525.00
1546.00	6454.00
1547.00	6423.00
1548.00	6574.00
1549.00	6771.00
1550.00	6792.00
1551.00	6685.00
1552.00	6893.00
1553.00	6876.00
1554.00	7137.00
1555.00	6959.00
1556.00	7154.00
1557.00	7271.00
1558.00	7397.00
1559.00	7585.00
1560.00	7557.00
1561.00	7789.00
1562.00	7828.00
1563.00	7936.00
1564.00	8046.00
1565.00	8011.00
1566.00	8304.00
1567.00	8133.00
1568.00	8520.00
1569.00	8563.00
1570.00	8645.00
1571.00	8919.00
1572.00	8939.00
1573.00	9090.00
1574.00	9114.00
1575.00	9364.00
1576.00	9474.00
1577.00	9454.00
1578.00	9880.00
1579.00	9801.00
1580.00	9671.00
1581.00	9819.00
1582.00	10022.00
1583.00	10089.00
1584.00	10080.00
1585.00	10138.00
1586.00	9981.00
1587.00	10172.00
1588.00	10258.00
1589.00	10201.00
1590.00	10339.00
1591.00	10075.00
1592.00	10082.00
1593.00	10202.00
1594.00	10032.00
1595.00	9952.00
1596.00	10010.00
1597.00	9758.00
1598.00	9689.00
1599.00	9929.00
1600.00	9567.00
1601.00	9601.00
1602.00	9549.00
1603.00	9179.00
1604.00	9108.00
1605.00	9012.00
1606.00	8821.00
1607.00	8616.00
1608.00	8741.00
1609.00	8449.00
1610.00	8440.00
1611.00	8095.00
1612.00	8093.00
1613.00	7811.00
1614.00	7803.00
1615.00	7484.00
1616.00	7404.00
1617.00	7380.00
1618.00	7155.00
1619.00	7070.00
1620.00	7045.00
1621.00	6972.00
1622.00	6826.00
1623.00	6632.00
1624.00	6553.00
1625.00	6403.00
1626.00	6162.00
1627.00	6303.00
1628.00	6155.00
1629.00	6046.00
1630.00	5923.00
1631.00	5762.00
1632.00	5647.00
1633.00	5774.00
1634.00	5553.00
1635.00	5670.00
1636.00	5450.00
1637.00	5433.00
1638.00	5378.00
1639.00	5252.00
1640.00	5212.00
1641.00	5304.00
1642.00	5158.00
1643.00	5216.00
1644.00	4943.00
1645.00	5054.00
1646.00	5035.00
1647.00	5001.00
1648.00	4957.00
1649.00	4820.00
1650.00	4833.00
1651.00	4677.00
1652.00	4897.00
1653.00	4814.00
1654.00	4793.00
1655.00	4796.00
1656.00	4838.00
1657.00	4822.00
1658.00	4905.00
1659.00	4992.00
1660.00	5142.00
1661.00	5347.00
1662.00	5134.00
1663.00	5458.00
1664.00	5562.00
1665.00	5617.00
1666.00	5858.00
1667.00	6018.00
1668.00	6426.00
1669.00	6478.00
1670.00	6761.00
1671.00	6955.00
1672.00	7171.00
1673.00	7516.00
1674.00	7615.00
1675.00	8031.00
1676.00	8344.00
1677.00	8238.00
1678.00	8585.00
1679.00	8462.00
1680.00	8775.00
1681.00	8900.00
1682.00	8824.00
1683.00	8736.00
1684.00	8928.00
1685.00	8720.00
1686.00	8605.00
1687.00	8299.00
1688.00	8098.00
1689.00	7750.00
1690.00	7718.00
1691.00	7316.00
1692.00	7078.00
1693.00	6691.00
1694.00	6256.00
1695.00	6002.00
1696.00	5867.00
1697.00	5541.00
1698.00	5321.00
1699.00	5149.00
1700.00	4838.00
1701.00	4745.00
1702.00	4583.00
1703.00	4401.00
1704.00	4205.00
1705.00	4219.00
1706.00	4158.00
1707.00	4092.00
1708.00	4091.00
1709.00	3864.00
1710.00	3915.00
1711.00	3861.00
1712.00	3928.00
1713.00	3768.00
1714.00	3819.00
1715.00	3771.00
1716.00	3790.00
1717.00	3729.00
1718.00	3716.00
1719.00	3673.00
1720.00	3715.00
1721.00	3630.00
1722.00	3708.00
1723.00	3690.00
1724.00	3707.00
1725.00	3734.00
1726.00	3654.00
1727.00	3651.00
1728.00	3669.00
1729.00	3716.00
1730.00	3756.00
1731.00	3743.00
1732.00	3729.00
1733.00	3696.00
1734.00	3581.00
1735.00	3657.00
1736.00	3665.00
1737.00	3644.00
1738.00	3680.00
1739.00	3775.00
1740.00	3654.00
1741.00	3820.00
1742.00	3719.00
1743.00	3657.00
1744.00	3672.00
1745.00	3648.00
1746.00	3800.00
1747.00	3718.00
1748.00	3741.00
1749.00	3795.00
1750.00	3816.00
1751.00	3761.00
1752.00	3896.00
1753.00	3894.00
1754.00	3832.00
1755.00	3897.00
1756.00	3725.00
1757.00	3854.00
1758.00	3823.00
1759.00	3866.00
1760.00	3769.00
1761.00	3832.00
1762.00	3886.00
1763.00	3881.00
1764.00	3961.00
1765.00	3861.00
1766.00	3789.00
1767.00	3921.00
1768.00	3966.00
1769.00	3829.00
1770.00	3798.00
1771.00	3949.00
1772.00	3859.00
1773.00	3883.00
1774.00	3884.00
1775.00	3732.00
1776.00	3783.00
1777.00	3828.00
1778.00	3795.00
1779.00	3656.00
1780.00	3667.00
1781.00	3649.00
1782.00	3622.00
1783.00	3670.00
1784.00	3594.00
1785.00	3463.00
1786.00	3680.00
1787.00	3597.00
1788.00	3528.00
1789.00	3484.00
1790.00	3508.00
1791.00	3533.00
1792.00	3444.00
1793.00	3379.00
1794.00	3286.00
1795.00	3363.00
1796.00	3309.00
1797.00	3144.00
1798.00	3275.00
1799.00	3158.00
1800.00	3204.00
1801.00	3108.00
1802.00	3094.00
1803.00	2965.00
1804.00	3054.00
1805.00	2914.00
1806.00	3029.00
1807.00	2947.00
1808.00	2873.00
1809.00	2830.00
1810.00	2756.00
1811.00	2844.00
1812.00	2806.00
1813.00	2800.00
1814.00	2763.00
1815.00	2683.00
1816.00	2675.00
1817.00	2613.00
1818.00	2697.00
1819.00	2560.00
1820.00	2586.00
1821.00	2610.00
1822.00	2617.00
1823.00	2530.00
1824.00	2492.00
1825.00	2460.00
1826.00	2403.00
1827.00	2434.00
1828.00	2388.00
1829.00	2409.00
1830.00	2325.00
1831.00	2301.00
1832.00	2307.00
1833.00	2299.00
1834.00	2269.00
1835.00	2172.00
1836.00	2328.00
1837.00	2267.00
1838.00	2168.00
1839.00	2150.00
1840.00	2186.00
1841.00	2104.00
1842.00	2247.00
1843.00	2088.00
1844.00	2091.00
1845.00	2134.00
1846.00	2129.00
1847.00	2127.00
1848.00	2030.00
1849.00	2081.00
1850.00	2030.00
1851.00	2033.00
1852.00	1932.00
1853.00	2044.00
1854.00	2022.00
1855.00	1915.00
1856.00	2011.00
1857.00	2070.00
1858.00	1959.00
1859.00	1968.00
1860.00	1971.00
1861.00	1911.00
1862.00	1943.00
1863.00	1958.00
1864.00	1897.00
1865.00	1893.00
1866.00	1856.00
1867.00	1976.00
1868.00	1885.00
1869.00	1955.00
1870.00	1911.00
1871.00	1886.00
1872.00	1895.00
1873.00	1937.00
1874.00	1978.00
1875.00	1966.00
1876.00	1937.00
1877.00	2044.00
1878.00	2044.00
1879.00	2084.00
1880.00	2091.00
1881.00	2135.00
1882.00	2259.00
1883.00	2175.00
1884.00	2120.00
1885.00	2204.00
1886.00	2180.00
1887.00	2321.00
1888.00	2225.00
1889.00	2288.00
1890.00	2210.00
1891.00	2286.00
1892.00	2254.00
1893.00	2178.00
1894.00	2220.00
1895.00	2178.00
1896.00	2188.00
1897.00	2071.00
1898.00	2067.00
1899.00	1995.00
1900.00	1954.00
1901.00	1959.00
1902.00	1842.00
1903.00	1802.00
1904.00	1834.00
1905.00	1816.00
1906.00	1702.00
1907.00	1725.00
1908.00	1660.00
1909.00	1621.00
1910.00	1692.00
1911.00	1590.00
1912.00	1621.00
1913.00	1542.00
1914.00	1556.00
1915.00	1622.00
1916.00	1581.00
1917.00	1585.00
1918.00	1588.00
1919.00	1554.00
1920.00	1546.00
1921.00	1588.00
1922.00	1542.00
1923.00	1471.00
1924.00	1492.00
1925.00	1523.00
1926.00	1513.00
1927.00	1458.00
1928.00	1486.00
1929.00	1406.00
1930.00	1460.00
1931.00	1367.00
1932.00	1407.00
1933.00	1480.00
1934.00	1361.00
1935.00	1391.00
1936.00	1281.00
1937.00	1374.00
1938.00	1265.00
1939.00	1358.00
1940.00	1272.00
1941.00	1295.00
1942.00	1293.00
1943.00	1292.00
1944.00	1279.00
1945.00	1184.00
1946.00	1223.00
1947.00	1187.00
1948.00	1220.00
1949.00	1210.00
1950.00	1212.00
1951.00	1224.00
1952.00	1164.00
1953.00	1172.00
1954.00	1244.00
1955.00	1211.00
1956.00	1203.00
1957.00	1160.00
1958.00	1161.00
1959.00	1192.00
1960.00	1216.00
1961.00	1154.00
1962.00	1139.00
1963.00	1146.00
1964.00	1153.00
1965.00	1099.00
1966.00	1247.00
1967.00	1131.00
1968.00	1117.00
1969.00	1148.00
1970.00	1101.00
1971.00	1080.00
1972.00	1065.00
1973.00	1043.00
1974.00	1072.00
1975.00	1082.00
1976.00	1058.00
1977.00	1075.00
1978.00	1055.00
1979.00	1060.00
1980.00	1022.00
1981.00	1044.00
1982.00	1058.00
1983.00	1040.00
1984.00	1084.00
1985.00	1017.00
1986.00	1043.00
1987.00	994.00
1988.00	1007.00
1989.00	1006.00
1990.00	993.00
1991.00	1004.00
1992.00	952.00
1993.00	977.00
1994.00	973.00
1995.00	980.00
1996.00	948.00
1997.00	997.00
1998.00	944.00
1999.00	905.00
2000.00	1004.00
2001.00	879.00
2002.00	896.00
2003.00	962.00
2004.00	938.00
2005.00	915.00
2006.00	945.00
2007.00	882.00
2008.00	905.00
2009.00	898.00
2010.00	909.00
2011.00	897.00
2012.00	888.00
2013.00	867.00
2014.00	867.00
2015.00	810.00
2016.00	807.00
2017.00	864.00
2018.00	892.00
2019.00	786.00
2020.00	855.00
2021.00	841.00
2022.00	812.00
2023.00	791.00
2024.00	825.00
2025.00	825.00
2026.00	788.00
2027.00	800.00
2028.00	849.00
2029.00	814.00
2030.00	795.00
2031.00	756.00
2032.00	766.00
2033.00	793.00
2034.00	760.00
2035.00	749.00
2036.00	811.00
2037.00	779.00
2038.00	698.00
2039.00	786.00
2040.00	785.00
2041.00	775.00
2042.00	707.00
2043.00	774.00
2044.00	740.00
2045.00	768.00
2046.00	734.00
2047.00	700.00
2048.00	 0.00
