Date:	2023-09-18		
Time:	22:07		
Sample name:	Pellets		
Position:	1688.600011	mm	
Sample surface:	5.972973	cm	
Tube anode:	Mo		
Tube voltage:	30	kV	
Tube current:	50	mA	
Comments	not in position		
Gain	5.810000		
peaking_time	0.300000	m-sec	
trigger_threshold	30.000000	V	
mca_bin_width	2.000000	no:	
number_mca_channels	2048.000000	no:	
gap_time	0.100000	m-sec	
trigger_peaking_time	0.050000	m-sec	
livetime	17.040097	seconds	
runtime	20.000362	seconds	
input_count_rate	136998.108277	cps	
output_count_rate	116720.934433	cps	
triggers	2632023.000000	seconds	
events_in_run	2324419.000000	seconds	
channel	content		
 1.00	 0.00
 2.00	 0.00
 3.00	 0.00
 4.00	 0.00
 5.00	 0.00
 6.00	 0.00
 7.00	 0.00
 8.00	 0.00
 9.00	 0.00
10.00	 0.00
11.00	 0.00
12.00	 0.00
13.00	 0.00
14.00	 0.00
15.00	 0.00
16.00	 0.00
17.00	 0.00
18.00	 0.00
19.00	 0.00
20.00	 0.00
21.00	 0.00
22.00	 0.00
23.00	 0.00
24.00	 0.00
25.00	 0.00
26.00	 0.00
27.00	 0.00
28.00	 0.00
29.00	 0.00
30.00	 0.00
31.00	 0.00
32.00	 0.00
33.00	 1.00
34.00	 2.00
35.00	 9.00
36.00	10.00
37.00	14.00
38.00	16.00
39.00	27.00
40.00	45.00
41.00	55.00
42.00	56.00
43.00	69.00
44.00	97.00
45.00	107.00
46.00	150.00
47.00	151.00
48.00	189.00
49.00	165.00
50.00	204.00
51.00	243.00
52.00	259.00
53.00	226.00
54.00	289.00
55.00	299.00
56.00	291.00
57.00	290.00
58.00	336.00
59.00	318.00
60.00	334.00
61.00	284.00
62.00	361.00
63.00	326.00
64.00	308.00
65.00	346.00
66.00	345.00
67.00	358.00
68.00	320.00
69.00	360.00
70.00	347.00
71.00	355.00
72.00	354.00
73.00	342.00
74.00	329.00
75.00	364.00
76.00	377.00
77.00	376.00
78.00	376.00
79.00	331.00
80.00	360.00
81.00	379.00
82.00	359.00
83.00	313.00
84.00	328.00
85.00	338.00
86.00	309.00
87.00	344.00
88.00	358.00
89.00	290.00
90.00	338.00
91.00	285.00
92.00	342.00
93.00	291.00
94.00	312.00
95.00	292.00
96.00	325.00
97.00	309.00
98.00	311.00
99.00	250.00
100.00	283.00
101.00	302.00
102.00	273.00
103.00	291.00
104.00	264.00
105.00	285.00
106.00	237.00
107.00	250.00
108.00	277.00
109.00	252.00
110.00	263.00
111.00	265.00
112.00	255.00
113.00	256.00
114.00	240.00
115.00	229.00
116.00	271.00
117.00	283.00
118.00	291.00
119.00	303.00
120.00	248.00
121.00	219.00
122.00	261.00
123.00	245.00
124.00	237.00
125.00	231.00
126.00	229.00
127.00	237.00
128.00	205.00
129.00	197.00
130.00	191.00
131.00	196.00
132.00	180.00
133.00	208.00
134.00	216.00
135.00	242.00
136.00	268.00
137.00	310.00
138.00	400.00
139.00	520.00
140.00	701.00
141.00	954.00
142.00	1176.00
143.00	1360.00
144.00	1380.00
145.00	1478.00
146.00	1332.00
147.00	1175.00
148.00	1055.00
149.00	903.00
150.00	791.00
151.00	746.00
152.00	711.00
153.00	637.00
154.00	569.00
155.00	519.00
156.00	470.00
157.00	429.00
158.00	403.00
159.00	535.00
160.00	828.00
161.00	1342.00
162.00	2210.00
163.00	3548.00
164.00	5180.00
165.00	7364.00
166.00	9497.00
167.00	11779.00
168.00	13253.00
169.00	13747.00
170.00	13036.00
171.00	11639.00
172.00	9734.00
173.00	7907.00
174.00	5620.00
175.00	4110.00
176.00	2811.00
177.00	2023.00
178.00	1526.00
179.00	1162.00
180.00	911.00
181.00	756.00
182.00	596.00
183.00	498.00
184.00	439.00
185.00	410.00
186.00	359.00
187.00	348.00
188.00	347.00
189.00	328.00
190.00	338.00
191.00	346.00
192.00	318.00
193.00	293.00
194.00	274.00
195.00	297.00
196.00	259.00
197.00	256.00
198.00	226.00
199.00	238.00
200.00	219.00
201.00	218.00
202.00	218.00
203.00	203.00
204.00	214.00
205.00	198.00
206.00	171.00
207.00	198.00
208.00	212.00
209.00	181.00
210.00	207.00
211.00	188.00
212.00	174.00
213.00	196.00
214.00	174.00
215.00	180.00
216.00	186.00
217.00	202.00
218.00	211.00
219.00	226.00
220.00	237.00
221.00	216.00
222.00	241.00
223.00	239.00
224.00	230.00
225.00	210.00
226.00	219.00
227.00	215.00
228.00	187.00
229.00	169.00
230.00	183.00
231.00	189.00
232.00	198.00
233.00	182.00
234.00	172.00
235.00	189.00
236.00	196.00
237.00	182.00
238.00	174.00
239.00	186.00
240.00	156.00
241.00	160.00
242.00	176.00
243.00	171.00
244.00	176.00
245.00	177.00
246.00	158.00
247.00	195.00
248.00	176.00
249.00	192.00
250.00	189.00
251.00	197.00
252.00	198.00
253.00	204.00
254.00	208.00
255.00	204.00
256.00	192.00
257.00	202.00
258.00	215.00
259.00	196.00
260.00	223.00
261.00	228.00
262.00	264.00
263.00	223.00
264.00	260.00
265.00	299.00
266.00	335.00
267.00	346.00
268.00	306.00
269.00	315.00
270.00	309.00
271.00	273.00
272.00	268.00
273.00	259.00
274.00	273.00
275.00	273.00
276.00	276.00
277.00	326.00
278.00	425.00
279.00	536.00
280.00	727.00
281.00	917.00
282.00	1139.00
283.00	1464.00
284.00	1719.00
285.00	1860.00
286.00	1999.00
287.00	2069.00
288.00	1969.00
289.00	1860.00
290.00	1639.00
291.00	1287.00
292.00	1065.00
293.00	810.00
294.00	609.00
295.00	541.00
296.00	357.00
297.00	312.00
298.00	275.00
299.00	252.00
300.00	206.00
301.00	249.00
302.00	286.00
303.00	342.00
304.00	362.00
305.00	432.00
306.00	519.00
307.00	614.00
308.00	827.00
309.00	1072.00
310.00	1576.00
311.00	2218.00
312.00	3351.00
313.00	4993.00
314.00	6916.00
315.00	9584.00
316.00	12546.00
317.00	15782.00
318.00	19235.00
319.00	21958.00
320.00	23952.00
321.00	24678.00
322.00	24133.00
323.00	22485.00
324.00	19899.00
325.00	17069.00
326.00	13444.00
327.00	10434.00
328.00	7479.00
329.00	5200.00
330.00	3468.00
331.00	2159.00
332.00	1453.00
333.00	944.00
334.00	683.00
335.00	566.00
336.00	516.00
337.00	575.00
338.00	688.00
339.00	880.00
340.00	1132.00
341.00	1500.00
342.00	1823.00
343.00	2290.00
344.00	2913.00
345.00	3379.00
346.00	4007.00
347.00	4384.00
348.00	4953.00
349.00	5729.00
350.00	6282.00
351.00	7212.00
352.00	8325.00
353.00	9195.00
354.00	10530.00
355.00	11463.00
356.00	11990.00
357.00	12462.00
358.00	12319.00
359.00	11758.00
360.00	10451.00
361.00	9103.00
362.00	7489.00
363.00	6082.00
364.00	4436.00
365.00	3203.00
366.00	2260.00
367.00	1531.00
368.00	1018.00
369.00	721.00
370.00	513.00
371.00	429.00
372.00	320.00
373.00	287.00
374.00	298.00
375.00	313.00
376.00	307.00
377.00	346.00
378.00	450.00
379.00	534.00
380.00	659.00
381.00	755.00
382.00	972.00
383.00	1198.00
384.00	1407.00
385.00	1623.00
386.00	1826.00
387.00	1908.00
388.00	2016.00
389.00	2068.00
390.00	1959.00
391.00	1894.00
392.00	1725.00
393.00	1487.00
394.00	1299.00
395.00	1068.00
396.00	908.00
397.00	717.00
398.00	654.00
399.00	546.00
400.00	479.00
401.00	450.00
402.00	418.00
403.00	345.00
404.00	356.00
405.00	346.00
406.00	361.00
407.00	328.00
408.00	320.00
409.00	294.00
410.00	351.00
411.00	335.00
412.00	342.00
413.00	354.00
414.00	317.00
415.00	374.00
416.00	400.00
417.00	425.00
418.00	418.00
419.00	507.00
420.00	575.00
421.00	686.00
422.00	839.00
423.00	1082.00
424.00	1473.00
425.00	2015.00
426.00	2830.00
427.00	3783.00
428.00	5221.00
429.00	6810.00
430.00	8706.00
431.00	10983.00
432.00	13040.00
433.00	15205.00
434.00	17031.00
435.00	18169.00
436.00	18481.00
437.00	18465.00
438.00	17444.00
439.00	16051.00
440.00	14376.00
441.00	12289.00
442.00	10196.00
443.00	8456.00
444.00	6963.00
445.00	5833.00
446.00	4917.00
447.00	4436.00
448.00	3871.00
449.00	3690.00
450.00	3424.00
451.00	3219.00
452.00	3066.00
453.00	2810.00
454.00	2581.00
455.00	2310.00
456.00	1931.00
457.00	1663.00
458.00	1514.00
459.00	1392.00
460.00	1375.00
461.00	1318.00
462.00	1309.00
463.00	1447.00
464.00	1600.00
465.00	1697.00
466.00	1850.00
467.00	2129.00
468.00	2281.00
469.00	2612.00
470.00	2965.00
471.00	3301.00
472.00	3607.00
473.00	4116.00
474.00	4425.00
475.00	4652.00
476.00	4998.00
477.00	4944.00
478.00	4953.00
479.00	4859.00
480.00	4470.00
481.00	4055.00
482.00	3641.00
483.00	3154.00
484.00	2707.00
485.00	2314.00
486.00	1909.00
487.00	1640.00
488.00	1384.00
489.00	1212.00
490.00	1110.00
491.00	1055.00
492.00	1020.00
493.00	976.00
494.00	980.00
495.00	996.00
496.00	1063.00
497.00	1073.00
498.00	1153.00
499.00	1166.00
500.00	1127.00
501.00	1326.00
502.00	1326.00
503.00	1391.00
504.00	1389.00
505.00	1442.00
506.00	1481.00
507.00	1599.00
508.00	1610.00
509.00	1598.00
510.00	1751.00
511.00	1707.00
512.00	1847.00
513.00	1827.00
514.00	1885.00
515.00	2068.00
516.00	2149.00
517.00	2216.00
518.00	2316.00
519.00	2439.00
520.00	2601.00
521.00	2573.00
522.00	2657.00
523.00	2705.00
524.00	2824.00
525.00	2757.00
526.00	2649.00
527.00	2509.00
528.00	2398.00
529.00	2256.00
530.00	2163.00
531.00	2002.00
532.00	1865.00
533.00	1806.00
534.00	1782.00
535.00	1807.00
536.00	1797.00
537.00	1839.00
538.00	1803.00
539.00	1824.00
540.00	1797.00
541.00	1780.00
542.00	1834.00
543.00	1913.00
544.00	1818.00
545.00	1889.00
546.00	1893.00
547.00	1885.00
548.00	1959.00
549.00	1949.00
550.00	1916.00
551.00	1996.00
552.00	2059.00
553.00	2115.00
554.00	2288.00
555.00	2519.00
556.00	3020.00
557.00	3571.00
558.00	4335.00
559.00	5414.00
560.00	6709.00
561.00	8558.00
562.00	10694.00
563.00	13053.00
564.00	15744.00
565.00	18211.00
566.00	20693.00
567.00	22907.00
568.00	24564.00
569.00	25684.00
570.00	25737.00
571.00	25423.00
572.00	24169.00
573.00	22000.00
574.00	19781.00
575.00	17174.00
576.00	14646.00
577.00	12225.00
578.00	9854.00
579.00	7850.00
580.00	6121.00
581.00	5091.00
582.00	4158.00
583.00	3576.00
584.00	2971.00
585.00	2821.00
586.00	2697.00
587.00	2624.00
588.00	2576.00
589.00	2669.00
590.00	2725.00
591.00	2927.00
592.00	3077.00
593.00	3319.00
594.00	3463.00
595.00	3674.00
596.00	4056.00
597.00	4677.00
598.00	5546.00
599.00	7023.00
600.00	8988.00
601.00	12179.00
602.00	17225.00
603.00	24738.00
604.00	35027.00
605.00	50180.00
606.00	71330.00
607.00	99178.00
608.00	134830.00
609.00	180046.00
610.00	232829.00
611.00	293577.00
612.00	361116.00
613.00	430501.00
614.00	498304.00
615.00	560280.00
616.00	610011.00
617.00	647030.00
618.00	662403.00
619.00	662257.00
620.00	639135.00
621.00	598685.00
622.00	546207.00
623.00	480391.00
624.00	413412.00
625.00	342421.00
626.00	278229.00
627.00	217279.00
628.00	166237.00
629.00	124220.00
630.00	89259.00
631.00	64075.00
632.00	44844.00
633.00	31097.00
634.00	21448.00
635.00	14935.00
636.00	10736.00
637.00	7773.00
638.00	6320.00
639.00	5077.00
640.00	4494.00
641.00	4171.00
642.00	3919.00
643.00	3778.00
644.00	3740.00
645.00	3807.00
646.00	3794.00
647.00	3747.00
648.00	3793.00
649.00	3915.00
650.00	4031.00
651.00	4099.00
652.00	4107.00
653.00	4127.00
654.00	4342.00
655.00	4412.00
656.00	4494.00
657.00	4814.00
658.00	4939.00
659.00	5178.00
660.00	5524.00
661.00	5902.00
662.00	6358.00
663.00	7024.00
664.00	7854.00
665.00	9083.00
666.00	10668.00
667.00	12613.00
668.00	15500.00
669.00	19174.00
670.00	23565.00
671.00	29369.00
672.00	35875.00
673.00	44004.00
674.00	52690.00
675.00	62634.00
676.00	72963.00
677.00	82230.00
678.00	90991.00
679.00	98096.00
680.00	103474.00
681.00	105593.00
682.00	105839.00
683.00	102565.00
684.00	97322.00
685.00	90357.00
686.00	80734.00
687.00	70721.00
688.00	60201.00
689.00	50469.00
690.00	41236.00
691.00	32546.00
692.00	25577.00
693.00	19426.00
694.00	15064.00
695.00	11358.00
696.00	8796.00
697.00	6666.00
698.00	5348.00
699.00	4444.00
700.00	3840.00
701.00	3444.00
702.00	3281.00
703.00	3113.00
704.00	3056.00
705.00	3067.00
706.00	3215.00
707.00	3240.00
708.00	3204.00
709.00	3467.00
710.00	3536.00
711.00	3748.00
712.00	3988.00
713.00	4150.00
714.00	4321.00
715.00	4625.00
716.00	5029.00
717.00	5277.00
718.00	5473.00
719.00	5737.00
720.00	5849.00
721.00	5860.00
722.00	5868.00
723.00	5893.00
724.00	5833.00
725.00	5659.00
726.00	5328.00
727.00	5019.00
728.00	4731.00
729.00	4456.00
730.00	4315.00
731.00	3996.00
732.00	3853.00
733.00	3644.00
734.00	3537.00
735.00	3343.00
736.00	3262.00
737.00	3293.00
738.00	3203.00
739.00	3146.00
740.00	3122.00
741.00	3070.00
742.00	3203.00
743.00	3041.00
744.00	3031.00
745.00	3067.00
746.00	3112.00
747.00	3040.00
748.00	3040.00
749.00	3069.00
750.00	3087.00
751.00	2956.00
752.00	3065.00
753.00	3107.00
754.00	3073.00
755.00	3071.00
756.00	3088.00
757.00	3287.00
758.00	3195.00
759.00	3306.00
760.00	3283.00
761.00	3562.00
762.00	3398.00
763.00	3612.00
764.00	3755.00
765.00	3780.00
766.00	3886.00
767.00	4096.00
768.00	4249.00
769.00	4459.00
770.00	4633.00
771.00	4667.00
772.00	4926.00
773.00	5139.00
774.00	5281.00
775.00	5425.00
776.00	5549.00
777.00	5577.00
778.00	5546.00
779.00	5492.00
780.00	5545.00
781.00	5489.00
782.00	5311.00
783.00	5243.00
784.00	5185.00
785.00	5167.00
786.00	5106.00
787.00	5076.00
788.00	5012.00
789.00	4879.00
790.00	4954.00
791.00	4987.00
792.00	5027.00
793.00	5178.00
794.00	5042.00
795.00	5162.00
796.00	5197.00
797.00	5276.00
798.00	5248.00
799.00	5262.00
800.00	5269.00
801.00	5178.00
802.00	5182.00
803.00	5279.00
804.00	5153.00
805.00	5109.00
806.00	5311.00
807.00	5291.00
808.00	5172.00
809.00	5272.00
810.00	5180.00
811.00	5093.00
812.00	5110.00
813.00	5314.00
814.00	5164.00
815.00	5103.00
816.00	5198.00
817.00	5195.00
818.00	5240.00
819.00	5171.00
820.00	5412.00
821.00	5486.00
822.00	5762.00
823.00	5973.00
824.00	6275.00
825.00	6656.00
826.00	7029.00
827.00	7238.00
828.00	7641.00
829.00	8051.00
830.00	8171.00
831.00	8453.00
832.00	8683.00
833.00	8807.00
834.00	8674.00
835.00	8591.00
836.00	8574.00
837.00	8207.00
838.00	7975.00
839.00	7553.00
840.00	7112.00
841.00	6873.00
842.00	6526.00
843.00	6202.00
844.00	5962.00
845.00	5672.00
846.00	5470.00
847.00	5342.00
848.00	5186.00
849.00	5318.00
850.00	5140.00
851.00	5138.00
852.00	5278.00
853.00	5263.00
854.00	5188.00
855.00	5232.00
856.00	5337.00
857.00	5373.00
858.00	5428.00
859.00	5489.00
860.00	5456.00
861.00	5395.00
862.00	5389.00
863.00	5543.00
864.00	5471.00
865.00	5504.00
866.00	5441.00
867.00	5389.00
868.00	5403.00
869.00	5410.00
870.00	5393.00
871.00	5423.00
872.00	5540.00
873.00	5507.00
874.00	5474.00
875.00	5551.00
876.00	5620.00
877.00	5694.00
878.00	5753.00
879.00	5728.00
880.00	5819.00
881.00	5844.00
882.00	6025.00
883.00	6011.00
884.00	6076.00
885.00	6158.00
886.00	6345.00
887.00	6291.00
888.00	6368.00
889.00	6392.00
890.00	6421.00
891.00	6514.00
892.00	6574.00
893.00	6530.00
894.00	6583.00
895.00	6520.00
896.00	6563.00
897.00	6514.00
898.00	6540.00
899.00	6396.00
900.00	6446.00
901.00	6355.00
902.00	6408.00
903.00	6377.00
904.00	6277.00
905.00	6329.00
906.00	6245.00
907.00	6376.00
908.00	6172.00
909.00	6260.00
910.00	6361.00
911.00	6304.00
912.00	6350.00
913.00	6311.00
914.00	6592.00
915.00	6696.00
916.00	6622.00
917.00	6713.00
918.00	6758.00
919.00	6788.00
920.00	6941.00
921.00	6769.00
922.00	6892.00
923.00	7059.00
924.00	7148.00
925.00	7100.00
926.00	6885.00
927.00	7044.00
928.00	7056.00
929.00	7085.00
930.00	6942.00
931.00	7122.00
932.00	6864.00
933.00	6830.00
934.00	6731.00
935.00	6758.00
936.00	6754.00
937.00	6727.00
938.00	6646.00
939.00	6532.00
940.00	6703.00
941.00	6554.00
942.00	6552.00
943.00	6578.00
944.00	6453.00
945.00	6488.00
946.00	6595.00
947.00	6510.00
948.00	6476.00
949.00	6410.00
950.00	6428.00
951.00	6305.00
952.00	6415.00
953.00	6379.00
954.00	6471.00
955.00	6531.00
956.00	6490.00
957.00	6502.00
958.00	6421.00
959.00	6579.00
960.00	6530.00
961.00	6425.00
962.00	6481.00
963.00	6659.00
964.00	6410.00
965.00	6556.00
966.00	6483.00
967.00	6609.00
968.00	6582.00
969.00	6574.00
970.00	6485.00
971.00	6608.00
972.00	6530.00
973.00	6465.00
974.00	6589.00
975.00	6413.00
976.00	6680.00
977.00	6635.00
978.00	6574.00
979.00	6473.00
980.00	6751.00
981.00	6544.00
982.00	6600.00
983.00	6622.00
984.00	6741.00
985.00	6691.00
986.00	6584.00
987.00	6504.00
988.00	6591.00
989.00	6575.00
990.00	6602.00
991.00	6796.00
992.00	6605.00
993.00	6711.00
994.00	6761.00
995.00	6789.00
996.00	6847.00
997.00	6647.00
998.00	6687.00
999.00	6795.00
1000.00	6682.00
1001.00	6550.00
1002.00	6796.00
1003.00	6890.00
1004.00	6890.00
1005.00	6903.00
1006.00	6961.00
1007.00	6967.00
1008.00	6999.00
1009.00	6988.00
1010.00	7137.00
1011.00	7127.00
1012.00	7209.00
1013.00	7221.00
1014.00	7154.00
1015.00	7547.00
1016.00	7483.00
1017.00	7320.00
1018.00	7389.00
1019.00	7355.00
1020.00	7416.00
1021.00	7214.00
1022.00	7110.00
1023.00	7138.00
1024.00	7136.00
1025.00	7012.00
1026.00	7036.00
1027.00	7000.00
1028.00	6975.00
1029.00	6805.00
1030.00	6706.00
1031.00	6630.00
1032.00	6771.00
1033.00	6572.00
1034.00	6862.00
1035.00	6689.00
1036.00	6620.00
1037.00	6757.00
1038.00	6742.00
1039.00	6777.00
1040.00	6825.00
1041.00	6858.00
1042.00	6850.00
1043.00	6808.00
1044.00	6787.00
1045.00	6852.00
1046.00	6744.00
1047.00	7148.00
1048.00	6997.00
1049.00	6836.00
1050.00	7040.00
1051.00	6957.00
1052.00	6958.00
1053.00	6857.00
1054.00	6911.00
1055.00	7000.00
1056.00	7041.00
1057.00	7185.00
1058.00	7125.00
1059.00	7038.00
1060.00	7029.00
1061.00	7010.00
1062.00	6964.00
1063.00	6978.00
1064.00	6980.00
1065.00	7066.00
1066.00	6912.00
1067.00	7040.00
1068.00	7092.00
1069.00	7196.00
1070.00	6999.00
1071.00	7139.00
1072.00	7053.00
1073.00	7120.00
1074.00	6967.00
1075.00	7281.00
1076.00	7111.00
1077.00	7164.00
1078.00	7164.00
1079.00	7210.00
1080.00	7162.00
1081.00	7102.00
1082.00	7189.00
1083.00	7195.00
1084.00	7290.00
1085.00	7200.00
1086.00	7156.00
1087.00	7346.00
1088.00	7196.00
1089.00	7297.00
1090.00	7292.00
1091.00	7183.00
1092.00	7302.00
1093.00	7217.00
1094.00	7258.00
1095.00	7410.00
1096.00	7202.00
1097.00	7228.00
1098.00	7259.00
1099.00	7401.00
1100.00	7458.00
1101.00	7298.00
1102.00	7357.00
1103.00	7091.00
1104.00	7279.00
1105.00	7407.00
1106.00	7304.00
1107.00	7340.00
1108.00	7422.00
1109.00	7479.00
1110.00	7367.00
1111.00	7345.00
1112.00	7257.00
1113.00	7095.00
1114.00	7250.00
1115.00	7584.00
1116.00	7365.00
1117.00	7362.00
1118.00	7229.00
1119.00	7426.00
1120.00	7470.00
1121.00	7361.00
1122.00	7318.00
1123.00	7150.00
1124.00	7398.00
1125.00	7075.00
1126.00	7265.00
1127.00	7338.00
1128.00	7234.00
1129.00	7324.00
1130.00	7281.00
1131.00	7360.00
1132.00	7188.00
1133.00	7350.00
1134.00	7373.00
1135.00	7204.00
1136.00	7282.00
1137.00	7285.00
1138.00	7300.00
1139.00	7279.00
1140.00	7308.00
1141.00	7285.00
1142.00	7232.00
1143.00	7413.00
1144.00	7453.00
1145.00	7491.00
1146.00	7428.00
1147.00	7379.00
1148.00	7265.00
1149.00	7356.00
1150.00	7485.00
1151.00	7412.00
1152.00	7207.00
1153.00	7305.00
1154.00	7392.00
1155.00	7292.00
1156.00	7320.00
1157.00	7196.00
1158.00	7282.00
1159.00	7178.00
1160.00	7161.00
1161.00	7075.00
1162.00	7063.00
1163.00	7120.00
1164.00	7135.00
1165.00	7235.00
1166.00	7195.00
1167.00	7155.00
1168.00	7124.00
1169.00	7032.00
1170.00	7191.00
1171.00	7114.00
1172.00	7080.00
1173.00	7113.00
1174.00	7227.00
1175.00	7220.00
1176.00	7174.00
1177.00	7152.00
1178.00	7302.00
1179.00	7343.00
1180.00	7310.00
1181.00	7267.00
1182.00	7281.00
1183.00	7165.00
1184.00	7345.00
1185.00	7330.00
1186.00	7270.00
1187.00	7220.00
1188.00	7204.00
1189.00	7041.00
1190.00	7266.00
1191.00	7255.00
1192.00	7198.00
1193.00	7371.00
1194.00	7187.00
1195.00	7295.00
1196.00	7255.00
1197.00	7424.00
1198.00	7220.00
1199.00	7248.00
1200.00	7329.00
1201.00	7397.00
1202.00	7325.00
1203.00	7374.00
1204.00	7509.00
1205.00	7464.00
1206.00	7289.00
1207.00	7499.00
1208.00	7483.00
1209.00	7379.00
1210.00	7410.00
1211.00	7651.00
1212.00	7589.00
1213.00	7577.00
1214.00	7642.00
1215.00	7696.00
1216.00	7624.00
1217.00	7714.00
1218.00	7962.00
1219.00	7875.00
1220.00	8037.00
1221.00	8123.00
1222.00	8210.00
1223.00	8244.00
1224.00	8430.00
1225.00	8385.00
1226.00	8496.00
1227.00	8638.00
1228.00	8945.00
1229.00	8883.00
1230.00	9194.00
1231.00	9167.00
1232.00	8972.00
1233.00	9301.00
1234.00	9209.00
1235.00	9191.00
1236.00	9221.00
1237.00	9144.00
1238.00	8763.00
1239.00	8801.00
1240.00	8586.00
1241.00	8654.00
1242.00	8480.00
1243.00	8361.00
1244.00	8245.00
1245.00	8120.00
1246.00	8066.00
1247.00	7969.00
1248.00	7713.00
1249.00	7814.00
1250.00	7718.00
1251.00	7531.00
1252.00	7431.00
1253.00	7477.00
1254.00	7401.00
1255.00	7458.00
1256.00	7414.00
1257.00	7389.00
1258.00	7327.00
1259.00	7503.00
1260.00	7294.00
1261.00	7297.00
1262.00	7451.00
1263.00	7534.00
1264.00	7284.00
1265.00	7465.00
1266.00	7397.00
1267.00	7326.00
1268.00	7386.00
1269.00	7659.00
1270.00	7254.00
1271.00	7505.00
1272.00	7580.00
1273.00	7644.00
1274.00	7620.00
1275.00	7839.00
1276.00	7862.00
1277.00	8058.00
1278.00	8182.00
1279.00	8389.00
1280.00	8372.00
1281.00	8541.00
1282.00	8795.00
1283.00	8812.00
1284.00	9024.00
1285.00	9199.00
1286.00	9378.00
1287.00	9499.00
1288.00	9585.00
1289.00	9744.00
1290.00	9836.00
1291.00	9606.00
1292.00	9480.00
1293.00	9670.00
1294.00	9565.00
1295.00	9496.00
1296.00	9354.00
1297.00	9177.00
1298.00	9048.00
1299.00	8810.00
1300.00	8710.00
1301.00	8458.00
1302.00	8449.00
1303.00	8172.00
1304.00	8158.00
1305.00	8032.00
1306.00	7719.00
1307.00	7691.00
1308.00	7591.00
1309.00	7594.00
1310.00	7387.00
1311.00	7437.00
1312.00	7380.00
1313.00	7272.00
1314.00	7338.00
1315.00	7207.00
1316.00	7222.00
1317.00	7244.00
1318.00	7110.00
1319.00	6893.00
1320.00	7346.00
1321.00	7258.00
1322.00	7031.00
1323.00	6945.00
1324.00	7080.00
1325.00	7029.00
1326.00	6983.00
1327.00	6979.00
1328.00	7112.00
1329.00	6918.00
1330.00	7111.00
1331.00	6970.00
1332.00	7083.00
1333.00	7047.00
1334.00	7072.00
1335.00	7096.00
1336.00	7170.00
1337.00	7135.00
1338.00	7027.00
1339.00	7062.00
1340.00	6925.00
1341.00	7235.00
1342.00	7051.00
1343.00	7278.00
1344.00	7187.00
1345.00	7318.00
1346.00	7078.00
1347.00	7388.00
1348.00	7256.00
1349.00	7472.00
1350.00	7344.00
1351.00	7444.00
1352.00	7654.00
1353.00	7810.00
1354.00	7915.00
1355.00	7947.00
1356.00	8321.00
1357.00	8290.00
1358.00	8351.00
1359.00	8368.00
1360.00	8703.00
1361.00	8647.00
1362.00	8665.00
1363.00	8786.00
1364.00	8832.00
1365.00	8621.00
1366.00	8632.00
1367.00	8595.00
1368.00	8448.00
1369.00	8412.00
1370.00	8225.00
1371.00	8025.00
1372.00	7913.00
1373.00	7875.00
1374.00	7408.00
1375.00	7585.00
1376.00	7348.00
1377.00	7212.00
1378.00	7058.00
1379.00	6929.00
1380.00	6937.00
1381.00	6790.00
1382.00	6704.00
1383.00	6500.00
1384.00	6519.00
1385.00	6636.00
1386.00	6561.00
1387.00	6346.00
1388.00	6524.00
1389.00	6447.00
1390.00	6474.00
1391.00	6521.00
1392.00	6395.00
1393.00	6314.00
1394.00	6293.00
1395.00	6364.00
1396.00	6159.00
1397.00	6370.00
1398.00	6383.00
1399.00	6470.00
1400.00	6506.00
1401.00	6338.00
1402.00	6294.00
1403.00	6196.00
1404.00	6185.00
1405.00	6248.00
1406.00	6396.00
1407.00	6188.00
1408.00	6202.00
1409.00	6213.00
1410.00	6108.00
1411.00	6310.00
1412.00	6157.00
1413.00	6167.00
1414.00	6149.00
1415.00	6359.00
1416.00	6364.00
1417.00	6309.00
1418.00	6213.00
1419.00	6186.00
1420.00	6052.00
1421.00	6123.00
1422.00	6330.00
1423.00	6237.00
1424.00	6447.00
1425.00	6259.00
1426.00	6402.00
1427.00	6370.00
1428.00	6447.00
1429.00	6454.00
1430.00	6455.00
1431.00	6641.00
1432.00	6637.00
1433.00	6727.00
1434.00	6788.00
1435.00	6750.00
1436.00	6895.00
1437.00	6857.00
1438.00	6852.00
1439.00	6949.00
1440.00	6988.00
1441.00	7008.00
1442.00	7059.00
1443.00	6876.00
1444.00	6847.00
1445.00	6837.00
1446.00	6924.00
1447.00	6611.00
1448.00	6711.00
1449.00	6809.00
1450.00	6525.00
1451.00	6443.00
1452.00	6298.00
1453.00	6472.00
1454.00	6341.00
1455.00	6232.00
1456.00	6254.00
1457.00	6196.00
1458.00	6079.00
1459.00	6214.00
1460.00	6041.00
1461.00	6145.00
1462.00	6057.00
1463.00	6010.00
1464.00	5917.00
1465.00	5927.00
1466.00	6010.00
1467.00	5952.00
1468.00	6096.00
1469.00	5756.00
1470.00	5963.00
1471.00	5965.00
1472.00	5810.00
1473.00	5941.00
1474.00	5881.00
1475.00	5894.00
1476.00	5977.00
1477.00	5907.00
1478.00	5870.00
1479.00	6038.00
1480.00	5895.00
1481.00	5907.00
1482.00	6056.00
1483.00	6000.00
1484.00	5767.00
1485.00	5854.00
1486.00	5883.00
1487.00	5946.00
1488.00	5985.00
1489.00	5909.00
1490.00	5938.00
1491.00	5779.00
1492.00	5956.00
1493.00	5991.00
1494.00	5884.00
1495.00	5947.00
1496.00	5893.00
1497.00	6003.00
1498.00	5892.00
1499.00	6015.00
1500.00	5867.00
1501.00	6084.00
1502.00	6058.00
1503.00	6219.00
1504.00	6103.00
1505.00	6196.00
1506.00	6411.00
1507.00	6335.00
1508.00	6322.00
1509.00	6545.00
1510.00	6556.00
1511.00	6727.00
1512.00	6824.00
1513.00	6993.00
1514.00	6976.00
1515.00	6997.00
1516.00	7206.00
1517.00	7031.00
1518.00	6982.00
1519.00	7041.00
1520.00	7010.00
1521.00	7194.00
1522.00	7112.00
1523.00	7175.00
1524.00	7152.00
1525.00	7009.00
1526.00	7024.00
1527.00	7007.00
1528.00	7000.00
1529.00	6835.00
1530.00	6834.00
1531.00	6744.00
1532.00	6590.00
1533.00	6561.00
1534.00	6609.00
1535.00	6682.00
1536.00	6604.00
1537.00	6514.00
1538.00	6475.00
1539.00	6471.00
1540.00	6365.00
1541.00	6446.00
1542.00	6385.00
1543.00	6475.00
1544.00	6550.00
1545.00	6592.00
1546.00	6560.00
1547.00	6816.00
1548.00	6758.00
1549.00	6756.00
1550.00	6913.00
1551.00	6965.00
1552.00	6749.00
1553.00	6943.00
1554.00	7060.00
1555.00	7102.00
1556.00	7430.00
1557.00	7469.00
1558.00	7479.00
1559.00	7504.00
1560.00	7723.00
1561.00	7815.00
1562.00	7781.00
1563.00	8105.00
1564.00	8059.00
1565.00	8233.00
1566.00	8431.00
1567.00	8389.00
1568.00	8634.00
1569.00	8854.00
1570.00	9002.00
1571.00	8964.00
1572.00	9127.00
1573.00	9240.00
1574.00	9422.00
1575.00	9543.00
1576.00	9635.00
1577.00	9578.00
1578.00	9796.00
1579.00	9998.00
1580.00	10038.00
1581.00	9936.00
1582.00	9977.00
1583.00	10115.00
1584.00	10323.00
1585.00	10265.00
1586.00	10154.00
1587.00	10425.00
1588.00	10314.00
1589.00	10346.00
1590.00	10514.00
1591.00	10311.00
1592.00	10033.00
1593.00	10140.00
1594.00	10364.00
1595.00	10189.00
1596.00	10053.00
1597.00	9987.00
1598.00	9717.00
1599.00	9957.00
1600.00	9746.00
1601.00	9532.00
1602.00	9506.00
1603.00	9369.00
1604.00	9236.00
1605.00	9058.00
1606.00	8932.00
1607.00	8814.00
1608.00	8742.00
1609.00	8436.00
1610.00	8677.00
1611.00	8348.00
1612.00	8083.00
1613.00	7839.00
1614.00	7841.00
1615.00	7796.00
1616.00	7484.00
1617.00	7422.00
1618.00	7201.00
1619.00	7145.00
1620.00	7180.00
1621.00	6985.00
1622.00	6814.00
1623.00	6622.00
1624.00	6492.00
1625.00	6416.00
1626.00	6360.00
1627.00	6395.00
1628.00	6220.00
1629.00	6046.00
1630.00	5995.00
1631.00	5792.00
1632.00	5892.00
1633.00	5734.00
1634.00	5670.00
1635.00	5706.00
1636.00	5545.00
1637.00	5477.00
1638.00	5456.00
1639.00	5471.00
1640.00	5270.00
1641.00	5195.00
1642.00	5218.00
1643.00	5254.00
1644.00	5120.00
1645.00	5025.00
1646.00	4889.00
1647.00	5067.00
1648.00	5009.00
1649.00	4959.00
1650.00	4913.00
1651.00	4953.00
1652.00	4798.00
1653.00	4926.00
1654.00	4919.00
1655.00	4847.00
1656.00	4842.00
1657.00	4951.00
1658.00	4978.00
1659.00	5159.00
1660.00	5217.00
1661.00	5258.00
1662.00	5131.00
1663.00	5409.00
1664.00	5643.00
1665.00	5765.00
1666.00	5885.00
1667.00	6241.00
1668.00	6394.00
1669.00	6714.00
1670.00	6758.00
1671.00	6941.00
1672.00	7185.00
1673.00	7557.00
1674.00	7805.00
1675.00	8153.00
1676.00	8442.00
1677.00	8526.00
1678.00	8597.00
1679.00	8549.00
1680.00	8779.00
1681.00	8843.00
1682.00	8825.00
1683.00	8941.00
1684.00	8849.00
1685.00	8706.00
1686.00	8536.00
1687.00	8340.00
1688.00	8124.00
1689.00	8084.00
1690.00	7716.00
1691.00	7165.00
1692.00	7123.00
1693.00	6710.00
1694.00	6411.00
1695.00	6173.00
1696.00	6049.00
1697.00	5641.00
1698.00	5391.00
1699.00	5100.00
1700.00	4986.00
1701.00	4839.00
1702.00	4717.00
1703.00	4476.00
1704.00	4359.00
1705.00	4193.00
1706.00	4269.00
1707.00	4160.00
1708.00	4038.00
1709.00	4014.00
1710.00	4048.00
1711.00	3834.00
1712.00	3785.00
1713.00	3952.00
1714.00	4009.00
1715.00	3857.00
1716.00	3787.00
1717.00	3841.00
1718.00	3799.00
1719.00	3762.00
1720.00	3775.00
1721.00	3796.00
1722.00	3724.00
1723.00	3737.00
1724.00	3682.00
1725.00	3682.00
1726.00	3791.00
1727.00	3769.00
1728.00	3725.00
1729.00	3739.00
1730.00	3703.00
1731.00	3805.00
1732.00	3702.00
1733.00	3747.00
1734.00	3760.00
1735.00	3898.00
1736.00	3658.00
1737.00	3746.00
1738.00	3758.00
1739.00	3720.00
1740.00	3754.00
1741.00	3876.00
1742.00	3662.00
1743.00	3705.00
1744.00	3766.00
1745.00	3693.00
1746.00	3688.00
1747.00	3756.00
1748.00	3743.00
1749.00	3795.00
1750.00	3822.00
1751.00	3876.00
1752.00	3875.00
1753.00	3926.00
1754.00	3939.00
1755.00	3910.00
1756.00	3900.00
1757.00	3994.00
1758.00	3951.00
1759.00	3852.00
1760.00	3807.00
1761.00	3964.00
1762.00	3943.00
1763.00	3918.00
1764.00	3927.00
1765.00	3828.00
1766.00	4023.00
1767.00	3983.00
1768.00	3906.00
1769.00	3855.00
1770.00	3822.00
1771.00	4035.00
1772.00	3900.00
1773.00	3824.00
1774.00	3877.00
1775.00	3878.00
1776.00	3850.00
1777.00	3785.00
1778.00	3807.00
1779.00	3802.00
1780.00	3689.00
1781.00	3688.00
1782.00	3816.00
1783.00	3682.00
1784.00	3670.00
1785.00	3703.00
1786.00	3769.00
1787.00	3647.00
1788.00	3583.00
1789.00	3595.00
1790.00	3551.00
1791.00	3476.00
1792.00	3481.00
1793.00	3510.00
1794.00	3266.00
1795.00	3433.00
1796.00	3360.00
1797.00	3410.00
1798.00	3236.00
1799.00	3197.00
1800.00	3249.00
1801.00	3209.00
1802.00	3129.00
1803.00	3101.00
1804.00	3148.00
1805.00	3099.00
1806.00	2944.00
1807.00	3011.00
1808.00	2920.00
1809.00	2891.00
1810.00	2955.00
1811.00	2804.00
1812.00	2839.00
1813.00	2862.00
1814.00	2718.00
1815.00	2703.00
1816.00	2703.00
1817.00	2687.00
1818.00	2624.00
1819.00	2598.00
1820.00	2614.00
1821.00	2513.00
1822.00	2613.00
1823.00	2514.00
1824.00	2477.00
1825.00	2560.00
1826.00	2500.00
1827.00	2429.00
1828.00	2485.00
1829.00	2358.00
1830.00	2432.00
1831.00	2408.00
1832.00	2290.00
1833.00	2336.00
1834.00	2320.00
1835.00	2332.00
1836.00	2245.00
1837.00	2248.00
1838.00	2241.00
1839.00	2223.00
1840.00	2236.00
1841.00	2211.00
1842.00	2203.00
1843.00	2170.00
1844.00	2200.00
1845.00	2091.00
1846.00	2051.00
1847.00	2080.00
1848.00	2126.00
1849.00	2045.00
1850.00	2127.00
1851.00	2042.00
1852.00	2053.00
1853.00	2004.00
1854.00	2104.00
1855.00	1976.00
1856.00	2091.00
1857.00	1992.00
1858.00	1950.00
1859.00	1924.00
1860.00	1972.00
1861.00	1942.00
1862.00	1976.00
1863.00	1992.00
1864.00	1958.00
1865.00	1877.00
1866.00	1951.00
1867.00	1938.00
1868.00	1923.00
1869.00	1982.00
1870.00	1956.00
1871.00	2040.00
1872.00	1991.00
1873.00	1999.00
1874.00	1980.00
1875.00	2040.00
1876.00	2070.00
1877.00	2074.00
1878.00	2120.00
1879.00	2120.00
1880.00	2195.00
1881.00	2166.00
1882.00	2133.00
1883.00	2340.00
1884.00	2336.00
1885.00	2274.00
1886.00	2380.00
1887.00	2343.00
1888.00	2273.00
1889.00	2372.00
1890.00	2369.00
1891.00	2356.00
1892.00	2320.00
1893.00	2322.00
1894.00	2293.00
1895.00	2191.00
1896.00	2213.00
1897.00	2131.00
1898.00	1997.00
1899.00	2106.00
1900.00	1988.00
1901.00	1954.00
1902.00	2027.00
1903.00	1910.00
1904.00	1870.00
1905.00	1782.00
1906.00	1713.00
1907.00	1661.00
1908.00	1733.00
1909.00	1781.00
1910.00	1651.00
1911.00	1635.00
1912.00	1686.00
1913.00	1644.00
1914.00	1596.00
1915.00	1602.00
1916.00	1601.00
1917.00	1575.00
1918.00	1610.00
1919.00	1553.00
1920.00	1557.00
1921.00	1615.00
1922.00	1569.00
1923.00	1557.00
1924.00	1563.00
1925.00	1488.00
1926.00	1556.00
1927.00	1453.00
1928.00	1526.00
1929.00	1458.00
1930.00	1515.00
1931.00	1436.00
1932.00	1417.00
1933.00	1423.00
1934.00	1384.00
1935.00	1426.00
1936.00	1460.00
1937.00	1334.00
1938.00	1356.00
1939.00	1327.00
1940.00	1338.00
1941.00	1347.00
1942.00	1278.00
1943.00	1346.00
1944.00	1328.00
1945.00	1334.00
1946.00	1234.00
1947.00	1262.00
1948.00	1333.00
1949.00	1331.00
1950.00	1242.00
1951.00	1198.00
1952.00	1201.00
1953.00	1209.00
1954.00	1282.00
1955.00	1227.00
1956.00	1241.00
1957.00	1215.00
1958.00	1228.00
1959.00	1173.00
1960.00	1159.00
1961.00	1139.00
1962.00	1164.00
1963.00	1190.00
1964.00	1238.00
1965.00	1177.00
1966.00	1149.00
1967.00	1223.00
1968.00	1088.00
1969.00	1135.00
1970.00	1076.00
1971.00	1175.00
1972.00	1148.00
1973.00	1128.00
1974.00	1121.00
1975.00	1120.00
1976.00	1164.00
1977.00	1089.00
1978.00	1154.00
1979.00	1125.00
1980.00	1087.00
1981.00	1052.00
1982.00	1147.00
1983.00	1082.00
1984.00	1052.00
1985.00	1114.00
1986.00	1035.00
1987.00	1040.00
1988.00	1034.00
1989.00	1059.00
1990.00	1040.00
1991.00	972.00
1992.00	1068.00
1993.00	1019.00
1994.00	1010.00
1995.00	1024.00
1996.00	1026.00
1997.00	929.00
1998.00	1040.00
1999.00	987.00
2000.00	1011.00
2001.00	958.00
2002.00	954.00
2003.00	939.00
2004.00	986.00
2005.00	941.00
2006.00	913.00
2007.00	935.00
2008.00	959.00
2009.00	903.00
2010.00	915.00
2011.00	946.00
2012.00	913.00
2013.00	869.00
2014.00	931.00
2015.00	924.00
2016.00	909.00
2017.00	891.00
2018.00	850.00
2019.00	867.00
2020.00	894.00
2021.00	844.00
2022.00	816.00
2023.00	809.00
2024.00	812.00
2025.00	789.00
2026.00	834.00
2027.00	776.00
2028.00	780.00
2029.00	814.00
2030.00	846.00
2031.00	789.00
2032.00	853.00
2033.00	832.00
2034.00	802.00
2035.00	791.00
2036.00	820.00
2037.00	752.00
2038.00	754.00
2039.00	748.00
2040.00	826.00
2041.00	755.00
2042.00	743.00
2043.00	715.00
2044.00	683.00
2045.00	722.00
2046.00	731.00
2047.00	746.00
2048.00	 0.00
