Date:	2023-09-18		
Time:	20:49		
Sample name:	Pellets		
Position:	911.600011	mm	
Sample surface:	5.934697	cm	
Tube anode:	Mo		
Tube voltage:	30	kV	
Tube current:	50	mA	
Comments	not in position		
Gain	5.810000		
peaking_time	0.300000	m-sec	
trigger_threshold	30.000000	V	
mca_bin_width	2.000000	no:	
number_mca_channels	2048.000000	no:	
gap_time	0.100000	m-sec	
trigger_peaking_time	0.050000	m-sec	
livetime	17.657611	seconds	
runtime	20.000091	seconds	
input_count_rate	91799.055510	cps	
output_count_rate	81047.229209	cps	
triggers	1785994.000000	seconds	
events_in_run	1613817.000000	seconds	
channel	content		
 1.00	 0.00
 2.00	 0.00
 3.00	 0.00
 4.00	 0.00
 5.00	 0.00
 6.00	 0.00
 7.00	 0.00
 8.00	 0.00
 9.00	 0.00
10.00	 0.00
11.00	 0.00
12.00	 0.00
13.00	 0.00
14.00	 0.00
15.00	 0.00
16.00	 0.00
17.00	 0.00
18.00	 0.00
19.00	 0.00
20.00	 0.00
21.00	 0.00
22.00	 0.00
23.00	 0.00
24.00	 0.00
25.00	 0.00
26.00	 0.00
27.00	 0.00
28.00	 0.00
29.00	 0.00
30.00	 0.00
31.00	 0.00
32.00	 0.00
33.00	 3.00
34.00	 6.00
35.00	 3.00
36.00	13.00
37.00	 5.00
38.00	18.00
39.00	23.00
40.00	27.00
41.00	37.00
42.00	57.00
43.00	93.00
44.00	90.00
45.00	107.00
46.00	99.00
47.00	129.00
48.00	155.00
49.00	178.00
50.00	180.00
51.00	208.00
52.00	209.00
53.00	244.00
54.00	239.00
55.00	249.00
56.00	256.00
57.00	248.00
58.00	248.00
59.00	277.00
60.00	285.00
61.00	292.00
62.00	301.00
63.00	313.00
64.00	342.00
65.00	300.00
66.00	320.00
67.00	344.00
68.00	283.00
69.00	274.00
70.00	289.00
71.00	291.00
72.00	282.00
73.00	323.00
74.00	298.00
75.00	303.00
76.00	298.00
77.00	316.00
78.00	335.00
79.00	323.00
80.00	315.00
81.00	315.00
82.00	289.00
83.00	275.00
84.00	318.00
85.00	262.00
86.00	294.00
87.00	273.00
88.00	273.00
89.00	265.00
90.00	313.00
91.00	271.00
92.00	307.00
93.00	276.00
94.00	281.00
95.00	293.00
96.00	307.00
97.00	268.00
98.00	263.00
99.00	259.00
100.00	264.00
101.00	253.00
102.00	257.00
103.00	258.00
104.00	242.00
105.00	253.00
106.00	233.00
107.00	237.00
108.00	219.00
109.00	220.00
110.00	222.00
111.00	241.00
112.00	214.00
113.00	261.00
114.00	244.00
115.00	265.00
116.00	272.00
117.00	254.00
118.00	257.00
119.00	260.00
120.00	235.00
121.00	220.00
122.00	251.00
123.00	221.00
124.00	205.00
125.00	187.00
126.00	202.00
127.00	221.00
128.00	200.00
129.00	202.00
130.00	181.00
131.00	179.00
132.00	187.00
133.00	202.00
134.00	192.00
135.00	197.00
136.00	210.00
137.00	244.00
138.00	309.00
139.00	377.00
140.00	493.00
141.00	582.00
142.00	718.00
143.00	809.00
144.00	867.00
145.00	884.00
146.00	885.00
147.00	767.00
148.00	688.00
149.00	587.00
150.00	519.00
151.00	502.00
152.00	471.00
153.00	455.00
154.00	386.00
155.00	382.00
156.00	380.00
157.00	314.00
158.00	368.00
159.00	375.00
160.00	588.00
161.00	933.00
162.00	1457.00
163.00	2352.00
164.00	3309.00
165.00	4842.00
166.00	6219.00
167.00	7338.00
168.00	8338.00
169.00	8707.00
170.00	8397.00
171.00	7558.00
172.00	6444.00
173.00	5078.00
174.00	3730.00
175.00	2664.00
176.00	1926.00
177.00	1481.00
178.00	1039.00
179.00	940.00
180.00	879.00
181.00	820.00
182.00	852.00
183.00	970.00
184.00	1072.00
185.00	1391.00
186.00	1676.00
187.00	1964.00
188.00	2084.00
189.00	2221.00
190.00	2233.00
191.00	1968.00
192.00	1659.00
193.00	1364.00
194.00	1029.00
195.00	777.00
196.00	602.00
197.00	475.00
198.00	335.00
199.00	263.00
200.00	249.00
201.00	215.00
202.00	189.00
203.00	216.00
204.00	235.00
205.00	193.00
206.00	202.00
207.00	200.00
208.00	217.00
209.00	216.00
210.00	189.00
211.00	212.00
212.00	241.00
213.00	252.00
214.00	246.00
215.00	290.00
216.00	357.00
217.00	337.00
218.00	394.00
219.00	444.00
220.00	444.00
221.00	484.00
222.00	425.00
223.00	410.00
224.00	404.00
225.00	361.00
226.00	277.00
227.00	269.00
228.00	229.00
229.00	252.00
230.00	191.00
231.00	172.00
232.00	201.00
233.00	187.00
234.00	196.00
235.00	176.00
236.00	195.00
237.00	159.00
238.00	177.00
239.00	167.00
240.00	205.00
241.00	201.00
242.00	176.00
243.00	191.00
244.00	160.00
245.00	186.00
246.00	182.00
247.00	176.00
248.00	163.00
249.00	178.00
250.00	183.00
251.00	182.00
252.00	176.00
253.00	153.00
254.00	208.00
255.00	210.00
256.00	178.00
257.00	191.00
258.00	218.00
259.00	188.00
260.00	191.00
261.00	186.00
262.00	194.00
263.00	200.00
264.00	266.00
265.00	248.00
266.00	257.00
267.00	242.00
268.00	260.00
269.00	268.00
270.00	253.00
271.00	272.00
272.00	237.00
273.00	278.00
274.00	247.00
275.00	300.00
276.00	351.00
277.00	419.00
278.00	601.00
279.00	768.00
280.00	1017.00
281.00	1368.00
282.00	1738.00
283.00	2172.00
284.00	2550.00
285.00	2866.00
286.00	3052.00
287.00	3100.00
288.00	2957.00
289.00	2724.00
290.00	2301.00
291.00	1941.00
292.00	1613.00
293.00	1210.00
294.00	893.00
295.00	664.00
296.00	498.00
297.00	383.00
298.00	399.00
299.00	353.00
300.00	362.00
301.00	339.00
302.00	394.00
303.00	424.00
304.00	459.00
305.00	520.00
306.00	577.00
307.00	700.00
308.00	864.00
309.00	1073.00
310.00	1398.00
311.00	1830.00
312.00	2544.00
313.00	3548.00
314.00	4897.00
315.00	6581.00
316.00	8672.00
317.00	10596.00
318.00	12892.00
319.00	14717.00
320.00	15835.00
321.00	16465.00
322.00	16060.00
323.00	14977.00
324.00	13233.00
325.00	11225.00
326.00	8844.00
327.00	7037.00
328.00	5180.00
329.00	3593.00
330.00	2374.00
331.00	1685.00
332.00	1121.00
333.00	798.00
334.00	642.00
335.00	612.00
336.00	619.00
337.00	786.00
338.00	913.00
339.00	1071.00
340.00	1483.00
341.00	1882.00
342.00	2595.00
343.00	3588.00
344.00	4926.00
345.00	7460.00
346.00	10729.00
347.00	15991.00
348.00	23700.00
349.00	34134.00
350.00	48002.00
351.00	66791.00
352.00	86871.00
353.00	109689.00
354.00	131852.00
355.00	151136.00
356.00	166093.00
357.00	173401.00
358.00	173555.00
359.00	164889.00
360.00	149277.00
361.00	130313.00
362.00	107671.00
363.00	84678.00
364.00	63497.00
365.00	45535.00
366.00	31392.00
367.00	20621.00
368.00	13146.00
369.00	8224.00
370.00	5024.00
371.00	3224.00
372.00	2122.00
373.00	1604.00
374.00	1530.00
375.00	1633.00
376.00	2104.00
377.00	2578.00
378.00	3513.00
379.00	4698.00
380.00	6249.00
381.00	8372.00
382.00	10891.00
383.00	13568.00
384.00	16939.00
385.00	20112.00
386.00	22527.00
387.00	24602.00
388.00	25856.00
389.00	25943.00
390.00	25183.00
391.00	23452.00
392.00	20478.00
393.00	17137.00
394.00	13846.00
395.00	10822.00
396.00	8016.00
397.00	5731.00
398.00	3958.00
399.00	2819.00
400.00	1806.00
401.00	1159.00
402.00	778.00
403.00	507.00
404.00	371.00
405.00	287.00
406.00	269.00
407.00	261.00
408.00	237.00
409.00	210.00
410.00	233.00
411.00	233.00
412.00	289.00
413.00	277.00
414.00	274.00
415.00	265.00
416.00	300.00
417.00	328.00
418.00	304.00
419.00	356.00
420.00	332.00
421.00	403.00
422.00	482.00
423.00	677.00
424.00	873.00
425.00	1103.00
426.00	1541.00
427.00	2052.00
428.00	2912.00
429.00	3874.00
430.00	4885.00
431.00	5938.00
432.00	7137.00
433.00	8079.00
434.00	9038.00
435.00	9733.00
436.00	9932.00
437.00	9880.00
438.00	9437.00
439.00	8723.00
440.00	7627.00
441.00	6570.00
442.00	5417.00
443.00	4426.00
444.00	3571.00
445.00	2894.00
446.00	2521.00
447.00	2073.00
448.00	1877.00
449.00	1669.00
450.00	1665.00
451.00	1479.00
452.00	1457.00
453.00	1333.00
454.00	1198.00
455.00	1114.00
456.00	984.00
457.00	910.00
458.00	832.00
459.00	816.00
460.00	804.00
461.00	867.00
462.00	891.00
463.00	931.00
464.00	1060.00
465.00	1093.00
466.00	1202.00
467.00	1287.00
468.00	1477.00
469.00	1467.00
470.00	1729.00
471.00	1791.00
472.00	2048.00
473.00	2184.00
474.00	2310.00
475.00	2385.00
476.00	2570.00
477.00	2555.00
478.00	2452.00
479.00	2423.00
480.00	2254.00
481.00	2083.00
482.00	1852.00
483.00	1611.00
484.00	1407.00
485.00	1129.00
486.00	1008.00
487.00	941.00
488.00	795.00
489.00	695.00
490.00	643.00
491.00	643.00
492.00	598.00
493.00	563.00
494.00	687.00
495.00	647.00
496.00	695.00
497.00	692.00
498.00	717.00
499.00	754.00
500.00	761.00
501.00	788.00
502.00	768.00
503.00	830.00
504.00	823.00
505.00	846.00
506.00	838.00
507.00	873.00
508.00	869.00
509.00	849.00
510.00	941.00
511.00	911.00
512.00	1016.00
513.00	1023.00
514.00	1141.00
515.00	1124.00
516.00	1162.00
517.00	1234.00
518.00	1298.00
519.00	1349.00
520.00	1391.00
521.00	1438.00
522.00	1495.00
523.00	1497.00
524.00	1517.00
525.00	1464.00
526.00	1421.00
527.00	1495.00
528.00	1360.00
529.00	1272.00
530.00	1280.00
531.00	1236.00
532.00	1252.00
533.00	1153.00
534.00	1189.00
535.00	1186.00
536.00	1188.00
537.00	1220.00
538.00	1190.00
539.00	1233.00
540.00	1242.00
541.00	1178.00
542.00	1229.00
543.00	1187.00
544.00	1226.00
545.00	1180.00
546.00	1149.00
547.00	1125.00
548.00	1152.00
549.00	1155.00
550.00	1089.00
551.00	1160.00
552.00	1110.00
553.00	1206.00
554.00	1212.00
555.00	1292.00
556.00	1436.00
557.00	1522.00
558.00	1830.00
559.00	2144.00
560.00	2440.00
561.00	3013.00
562.00	3553.00
563.00	4208.00
564.00	4954.00
565.00	5781.00
566.00	6309.00
567.00	7304.00
568.00	7613.00
569.00	7954.00
570.00	7833.00
571.00	7814.00
572.00	7472.00
573.00	6700.00
574.00	6090.00
575.00	5508.00
576.00	4816.00
577.00	4058.00
578.00	3330.00
579.00	2844.00
580.00	2356.00
581.00	2054.00
582.00	1777.00
583.00	1680.00
584.00	1567.00
585.00	1504.00
586.00	1496.00
587.00	1434.00
588.00	1463.00
589.00	1506.00
590.00	1651.00
591.00	1662.00
592.00	1758.00
593.00	1770.00
594.00	1848.00
595.00	2023.00
596.00	2243.00
597.00	2500.00
598.00	2857.00
599.00	3328.00
600.00	4338.00
601.00	5684.00
602.00	7711.00
603.00	10754.00
604.00	15328.00
605.00	21445.00
606.00	30177.00
607.00	41908.00
608.00	56928.00
609.00	74881.00
610.00	97297.00
611.00	122309.00
612.00	150482.00
613.00	178213.00
614.00	206914.00
615.00	231365.00
616.00	254142.00
617.00	269148.00
618.00	275037.00
619.00	275799.00
620.00	266168.00
621.00	249931.00
622.00	228090.00
623.00	200688.00
624.00	172529.00
625.00	142941.00
626.00	115796.00
627.00	91574.00
628.00	69910.00
629.00	52283.00
630.00	38032.00
631.00	27232.00
632.00	18916.00
633.00	13352.00
634.00	9197.00
635.00	6560.00
636.00	4983.00
637.00	3860.00
638.00	3137.00
639.00	2903.00
640.00	2528.00
641.00	2407.00
642.00	2361.00
643.00	2423.00
644.00	2291.00
645.00	2389.00
646.00	2396.00
647.00	2462.00
648.00	2509.00
649.00	2441.00
650.00	2494.00
651.00	2493.00
652.00	2576.00
653.00	2630.00
654.00	2732.00
655.00	2821.00
656.00	2762.00
657.00	2844.00
658.00	2946.00
659.00	3261.00
660.00	3199.00
661.00	3475.00
662.00	3666.00
663.00	3816.00
664.00	4172.00
665.00	4588.00
666.00	5300.00
667.00	6232.00
668.00	7184.00
669.00	8752.00
670.00	10551.00
671.00	13100.00
672.00	15771.00
673.00	19064.00
674.00	22812.00
675.00	27039.00
676.00	31080.00
677.00	35112.00
678.00	38374.00
679.00	41436.00
680.00	43825.00
681.00	45171.00
682.00	44864.00
683.00	43934.00
684.00	41260.00
685.00	38116.00
686.00	34187.00
687.00	30980.00
688.00	26213.00
689.00	21828.00
690.00	18114.00
691.00	14744.00
692.00	11759.00
693.00	9383.00
694.00	7351.00
695.00	5819.00
696.00	4659.00
697.00	3975.00
698.00	3438.00
699.00	2963.00
700.00	2678.00
701.00	2576.00
702.00	2440.00
703.00	2513.00
704.00	2479.00
705.00	2460.00
706.00	2532.00
707.00	2505.00
708.00	2638.00
709.00	2656.00
710.00	2645.00
711.00	2717.00
712.00	2768.00
713.00	3107.00
714.00	3121.00
715.00	2983.00
716.00	3291.00
717.00	3325.00
718.00	3400.00
719.00	3591.00
720.00	3584.00
721.00	3624.00
722.00	3378.00
723.00	3536.00
724.00	3460.00
725.00	3368.00
726.00	3304.00
727.00	3159.00
728.00	3050.00
729.00	2921.00
730.00	2806.00
731.00	2703.00
732.00	2573.00
733.00	2384.00
734.00	2467.00
735.00	2365.00
736.00	2289.00
737.00	2424.00
738.00	2342.00
739.00	2281.00
740.00	2281.00
741.00	2343.00
742.00	2249.00
743.00	2256.00
744.00	2295.00
745.00	2355.00
746.00	2353.00
747.00	2379.00
748.00	2381.00
749.00	2359.00
750.00	2410.00
751.00	2393.00
752.00	2417.00
753.00	2318.00
754.00	2501.00
755.00	2554.00
756.00	2561.00
757.00	2576.00
758.00	2642.00
759.00	2568.00
760.00	2718.00
761.00	2808.00
762.00	2822.00
763.00	2873.00
764.00	2972.00
765.00	2982.00
766.00	3119.00
767.00	3282.00
768.00	3335.00
769.00	3542.00
770.00	3645.00
771.00	3769.00
772.00	3859.00
773.00	4027.00
774.00	4179.00
775.00	4260.00
776.00	4277.00
777.00	4249.00
778.00	4290.00
779.00	4392.00
780.00	4211.00
781.00	4204.00
782.00	4101.00
783.00	4126.00
784.00	4051.00
785.00	3860.00
786.00	3857.00
787.00	3860.00
788.00	3849.00
789.00	3803.00
790.00	3749.00
791.00	3730.00
792.00	3882.00
793.00	3945.00
794.00	3831.00
795.00	3978.00
796.00	4081.00
797.00	4115.00
798.00	4151.00
799.00	4056.00
800.00	4120.00
801.00	4140.00
802.00	4148.00
803.00	4104.00
804.00	4111.00
805.00	4215.00
806.00	4220.00
807.00	4074.00
808.00	4102.00
809.00	4112.00
810.00	4177.00
811.00	4165.00
812.00	4083.00
813.00	4122.00
814.00	4111.00
815.00	4064.00
816.00	4018.00
817.00	4089.00
818.00	4171.00
819.00	4321.00
820.00	4335.00
821.00	4547.00
822.00	4788.00
823.00	5153.00
824.00	5345.00
825.00	5702.00
826.00	5949.00
827.00	6447.00
828.00	6926.00
829.00	7146.00
830.00	7410.00
831.00	7778.00
832.00	7976.00
833.00	8046.00
834.00	7979.00
835.00	8110.00
836.00	7771.00
837.00	7577.00
838.00	7226.00
839.00	6980.00
840.00	6442.00
841.00	6186.00
842.00	5709.00
843.00	5504.00
844.00	5296.00
845.00	4985.00
846.00	4631.00
847.00	4517.00
848.00	4490.00
849.00	4414.00
850.00	4291.00
851.00	4272.00
852.00	4126.00
853.00	4294.00
854.00	4353.00
855.00	4299.00
856.00	4373.00
857.00	4277.00
858.00	4266.00
859.00	4292.00
860.00	4372.00
861.00	4240.00
862.00	4429.00
863.00	4359.00
864.00	4309.00
865.00	4489.00
866.00	4428.00
867.00	4208.00
868.00	4387.00
869.00	4374.00
870.00	4415.00
871.00	4455.00
872.00	4610.00
873.00	4499.00
874.00	4618.00
875.00	4506.00
876.00	4514.00
877.00	4627.00
878.00	4656.00
879.00	4653.00
880.00	4843.00
881.00	4708.00
882.00	4843.00
883.00	4827.00
884.00	4818.00
885.00	4897.00
886.00	4909.00
887.00	5078.00
888.00	4946.00
889.00	5074.00
890.00	5018.00
891.00	5045.00
892.00	4995.00
893.00	5270.00
894.00	5125.00
895.00	4983.00
896.00	5048.00
897.00	5154.00
898.00	5101.00
899.00	5096.00
900.00	5031.00
901.00	4979.00
902.00	5027.00
903.00	4985.00
904.00	5059.00
905.00	5060.00
906.00	5045.00
907.00	5064.00
908.00	5083.00
909.00	5120.00
910.00	5086.00
911.00	5194.00
912.00	5329.00
913.00	5183.00
914.00	5252.00
915.00	5365.00
916.00	5667.00
917.00	5523.00
918.00	5622.00
919.00	5779.00
920.00	5976.00
921.00	5833.00
922.00	5987.00
923.00	5857.00
924.00	5901.00
925.00	5930.00
926.00	5900.00
927.00	5891.00
928.00	5891.00
929.00	5807.00
930.00	5810.00
931.00	5779.00
932.00	5578.00
933.00	5536.00
934.00	5636.00
935.00	5469.00
936.00	5432.00
937.00	5469.00
938.00	5400.00
939.00	5223.00
940.00	5351.00
941.00	5246.00
942.00	5380.00
943.00	5287.00
944.00	5413.00
945.00	5268.00
946.00	5286.00
947.00	5358.00
948.00	5377.00
949.00	5421.00
950.00	5274.00
951.00	5413.00
952.00	5368.00
953.00	5485.00
954.00	5333.00
955.00	5479.00
956.00	5274.00
957.00	5383.00
958.00	5634.00
959.00	5440.00
960.00	5496.00
961.00	5487.00
962.00	5495.00
963.00	5579.00
964.00	5570.00
965.00	5560.00
966.00	5442.00
967.00	5659.00
968.00	5634.00
969.00	5651.00
970.00	5756.00
971.00	5768.00
972.00	5691.00
973.00	5773.00
974.00	5632.00
975.00	5692.00
976.00	5784.00
977.00	5784.00
978.00	5933.00
979.00	5645.00
980.00	5836.00
981.00	5723.00
982.00	5708.00
983.00	5642.00
984.00	5741.00
985.00	5472.00
986.00	5692.00
987.00	5559.00
988.00	5612.00
989.00	5534.00
990.00	5579.00
991.00	5737.00
992.00	5483.00
993.00	5775.00
994.00	5607.00
995.00	5546.00
996.00	5642.00
997.00	5601.00
998.00	5536.00
999.00	5788.00
1000.00	5648.00
1001.00	5682.00
1002.00	5564.00
1003.00	5700.00
1004.00	5619.00
1005.00	5655.00
1006.00	5842.00
1007.00	5695.00
1008.00	5857.00
1009.00	5929.00
1010.00	5711.00
1011.00	5938.00
1012.00	6121.00
1013.00	5923.00
1014.00	6055.00
1015.00	6034.00
1016.00	6147.00
1017.00	6114.00
1018.00	6085.00
1019.00	6064.00
1020.00	6079.00
1021.00	6048.00
1022.00	6206.00
1023.00	5833.00
1024.00	6090.00
1025.00	5967.00
1026.00	5918.00
1027.00	5827.00
1028.00	5757.00
1029.00	5771.00
1030.00	5679.00
1031.00	5698.00
1032.00	5843.00
1033.00	5785.00
1034.00	5738.00
1035.00	5668.00
1036.00	5689.00
1037.00	5781.00
1038.00	5824.00
1039.00	5782.00
1040.00	5665.00
1041.00	5817.00
1042.00	5743.00
1043.00	5828.00
1044.00	5877.00
1045.00	5830.00
1046.00	5776.00
1047.00	5930.00
1048.00	5780.00
1049.00	5824.00
1050.00	5921.00
1051.00	5908.00
1052.00	5827.00
1053.00	5813.00
1054.00	5844.00
1055.00	5923.00
1056.00	5913.00
1057.00	5900.00
1058.00	5878.00
1059.00	6017.00
1060.00	5917.00
1061.00	5962.00
1062.00	5958.00
1063.00	5928.00
1064.00	5953.00
1065.00	6076.00
1066.00	5977.00
1067.00	5955.00
1068.00	5968.00
1069.00	6036.00
1070.00	6011.00
1071.00	5957.00
1072.00	5904.00
1073.00	6071.00
1074.00	5941.00
1075.00	6015.00
1076.00	6094.00
1077.00	6019.00
1078.00	6039.00
1079.00	6046.00
1080.00	6091.00
1081.00	6141.00
1082.00	6114.00
1083.00	6087.00
1084.00	6143.00
1085.00	6040.00
1086.00	6209.00
1087.00	6149.00
1088.00	6158.00
1089.00	6172.00
1090.00	6144.00
1091.00	6224.00
1092.00	6330.00
1093.00	6182.00
1094.00	6251.00
1095.00	6045.00
1096.00	6078.00
1097.00	6207.00
1098.00	6285.00
1099.00	6143.00
1100.00	6134.00
1101.00	6265.00
1102.00	6242.00
1103.00	6156.00
1104.00	6224.00
1105.00	6112.00
1106.00	6118.00
1107.00	6201.00
1108.00	6089.00
1109.00	6260.00
1110.00	6065.00
1111.00	6173.00
1112.00	6263.00
1113.00	6175.00
1114.00	6350.00
1115.00	6233.00
1116.00	6170.00
1117.00	6259.00
1118.00	6024.00
1119.00	6229.00
1120.00	6233.00
1121.00	6172.00
1122.00	6297.00
1123.00	6207.00
1124.00	6208.00
1125.00	6167.00
1126.00	6187.00
1127.00	6214.00
1128.00	6217.00
1129.00	6236.00
1130.00	6175.00
1131.00	6244.00
1132.00	6244.00
1133.00	6209.00
1134.00	6143.00
1135.00	6303.00
1136.00	6331.00
1137.00	6148.00
1138.00	6293.00
1139.00	6178.00
1140.00	6290.00
1141.00	6289.00
1142.00	6278.00
1143.00	6253.00
1144.00	6284.00
1145.00	6234.00
1146.00	6339.00
1147.00	6392.00
1148.00	6279.00
1149.00	6298.00
1150.00	6220.00
1151.00	6345.00
1152.00	6202.00
1153.00	6231.00
1154.00	6251.00
1155.00	6270.00
1156.00	6219.00
1157.00	6320.00
1158.00	6230.00
1159.00	6171.00
1160.00	6219.00
1161.00	6200.00
1162.00	6250.00
1163.00	6185.00
1164.00	6123.00
1165.00	6176.00
1166.00	6157.00
1167.00	6218.00
1168.00	6155.00
1169.00	6199.00
1170.00	6083.00
1171.00	6234.00
1172.00	6124.00
1173.00	6073.00
1174.00	6271.00
1175.00	6254.00
1176.00	6285.00
1177.00	6291.00
1178.00	6225.00
1179.00	6359.00
1180.00	6154.00
1181.00	6321.00
1182.00	6215.00
1183.00	6368.00
1184.00	6454.00
1185.00	6182.00
1186.00	6318.00
1187.00	6322.00
1188.00	6215.00
1189.00	6494.00
1190.00	6504.00
1191.00	6248.00
1192.00	6405.00
1193.00	6546.00
1194.00	6600.00
1195.00	6258.00
1196.00	6608.00
1197.00	6454.00
1198.00	6430.00
1199.00	6432.00
1200.00	6537.00
1201.00	6446.00
1202.00	6407.00
1203.00	6429.00
1204.00	6506.00
1205.00	6491.00
1206.00	6472.00
1207.00	6567.00
1208.00	6472.00
1209.00	6420.00
1210.00	6524.00
1211.00	6565.00
1212.00	6652.00
1213.00	6625.00
1214.00	6728.00
1215.00	6710.00
1216.00	6590.00
1217.00	6679.00
1218.00	6693.00
1219.00	6703.00
1220.00	6740.00
1221.00	6635.00
1222.00	6667.00
1223.00	6563.00
1224.00	6642.00
1225.00	6547.00
1226.00	6634.00
1227.00	6560.00
1228.00	6605.00
1229.00	6570.00
1230.00	6664.00
1231.00	6583.00
1232.00	6572.00
1233.00	6633.00
1234.00	6535.00
1235.00	6784.00
1236.00	6566.00
1237.00	6512.00
1238.00	6540.00
1239.00	6505.00
1240.00	6504.00
1241.00	6639.00
1242.00	6396.00
1243.00	6401.00
1244.00	6355.00
1245.00	6464.00
1246.00	6338.00
1247.00	6326.00
1248.00	6414.00
1249.00	6252.00
1250.00	6350.00
1251.00	6322.00
1252.00	6334.00
1253.00	6382.00
1254.00	6358.00
1255.00	6301.00
1256.00	6144.00
1257.00	6270.00
1258.00	6279.00
1259.00	6063.00
1260.00	6357.00
1261.00	6359.00
1262.00	6195.00
1263.00	6347.00
1264.00	6260.00
1265.00	6232.00
1266.00	6253.00
1267.00	6179.00
1268.00	6281.00
1269.00	6123.00
1270.00	6306.00
1271.00	6400.00
1272.00	6326.00
1273.00	6393.00
1274.00	6311.00
1275.00	6537.00
1276.00	6582.00
1277.00	6705.00
1278.00	6688.00
1279.00	6625.00
1280.00	6857.00
1281.00	6947.00
1282.00	6936.00
1283.00	7010.00
1284.00	7125.00
1285.00	7186.00
1286.00	7258.00
1287.00	7236.00
1288.00	7410.00
1289.00	7326.00
1290.00	7348.00
1291.00	7220.00
1292.00	7331.00
1293.00	7302.00
1294.00	7185.00
1295.00	7252.00
1296.00	7021.00
1297.00	6982.00
1298.00	7053.00
1299.00	6837.00
1300.00	6756.00
1301.00	6801.00
1302.00	6682.00
1303.00	6519.00
1304.00	6548.00
1305.00	6555.00
1306.00	6272.00
1307.00	6349.00
1308.00	6346.00
1309.00	6153.00
1310.00	6209.00
1311.00	6078.00
1312.00	6088.00
1313.00	6019.00
1314.00	6104.00
1315.00	6013.00
1316.00	6108.00
1317.00	6174.00
1318.00	6017.00
1319.00	6080.00
1320.00	6096.00
1321.00	6045.00
1322.00	5946.00
1323.00	6093.00
1324.00	6042.00
1325.00	5977.00
1326.00	6107.00
1327.00	6160.00
1328.00	5971.00
1329.00	6023.00
1330.00	6042.00
1331.00	5908.00
1332.00	6082.00
1333.00	5937.00
1334.00	5955.00
1335.00	6072.00
1336.00	5944.00
1337.00	5935.00
1338.00	6112.00
1339.00	6060.00
1340.00	5943.00
1341.00	6231.00
1342.00	6143.00
1343.00	6056.00
1344.00	6140.00
1345.00	6283.00
1346.00	6419.00
1347.00	6464.00
1348.00	6569.00
1349.00	6620.00
1350.00	6801.00
1351.00	7163.00
1352.00	7197.00
1353.00	7456.00
1354.00	7556.00
1355.00	8031.00
1356.00	7984.00
1357.00	8098.00
1358.00	8524.00
1359.00	8634.00
1360.00	8831.00
1361.00	8788.00
1362.00	8915.00
1363.00	9099.00
1364.00	9168.00
1365.00	9038.00
1366.00	9094.00
1367.00	8859.00
1368.00	8792.00
1369.00	8439.00
1370.00	8345.00
1371.00	8184.00
1372.00	7857.00
1373.00	7790.00
1374.00	7327.00
1375.00	7218.00
1376.00	6997.00
1377.00	6796.00
1378.00	6509.00
1379.00	6267.00
1380.00	6183.00
1381.00	6000.00
1382.00	6000.00
1383.00	5889.00
1384.00	5783.00
1385.00	5647.00
1386.00	5690.00
1387.00	5403.00
1388.00	5485.00
1389.00	5641.00
1390.00	5667.00
1391.00	5490.00
1392.00	5625.00
1393.00	5564.00
1394.00	5296.00
1395.00	5609.00
1396.00	5455.00
1397.00	5484.00
1398.00	5499.00
1399.00	5481.00
1400.00	5418.00
1401.00	5466.00
1402.00	5536.00
1403.00	5491.00
1404.00	5429.00
1405.00	5446.00
1406.00	5424.00
1407.00	5448.00
1408.00	5365.00
1409.00	5337.00
1410.00	5445.00
1411.00	5342.00
1412.00	5484.00
1413.00	5317.00
1414.00	5384.00
1415.00	5414.00
1416.00	5418.00
1417.00	5343.00
1418.00	5345.00
1419.00	5403.00
1420.00	5505.00
1421.00	5380.00
1422.00	5407.00
1423.00	5256.00
1424.00	5492.00
1425.00	5354.00
1426.00	5561.00
1427.00	5486.00
1428.00	5527.00
1429.00	5521.00
1430.00	5417.00
1431.00	5659.00
1432.00	5455.00
1433.00	5655.00
1434.00	5575.00
1435.00	5657.00
1436.00	5726.00
1437.00	5544.00
1438.00	5656.00
1439.00	5676.00
1440.00	5768.00
1441.00	5694.00
1442.00	5795.00
1443.00	5669.00
1444.00	5784.00
1445.00	5657.00
1446.00	5629.00
1447.00	5637.00
1448.00	5634.00
1449.00	5519.00
1450.00	5535.00
1451.00	5379.00
1452.00	5375.00
1453.00	5309.00
1454.00	5330.00
1455.00	5282.00
1456.00	5261.00
1457.00	5218.00
1458.00	5338.00
1459.00	5208.00
1460.00	5248.00
1461.00	5249.00
1462.00	5414.00
1463.00	5222.00
1464.00	5252.00
1465.00	5152.00
1466.00	5145.00
1467.00	5249.00
1468.00	5229.00
1469.00	5218.00
1470.00	5160.00
1471.00	5117.00
1472.00	5231.00
1473.00	5006.00
1474.00	5097.00
1475.00	5156.00
1476.00	4974.00
1477.00	5099.00
1478.00	5082.00
1479.00	5080.00
1480.00	5146.00
1481.00	5113.00
1482.00	5070.00
1483.00	5122.00
1484.00	5107.00
1485.00	5024.00
1486.00	5098.00
1487.00	5208.00
1488.00	5035.00
1489.00	5139.00
1490.00	5073.00
1491.00	5190.00
1492.00	5110.00
1493.00	5263.00
1494.00	5087.00
1495.00	5159.00
1496.00	5251.00
1497.00	5116.00
1498.00	5295.00
1499.00	5195.00
1500.00	5082.00
1501.00	5156.00
1502.00	5272.00
1503.00	5310.00
1504.00	5227.00
1505.00	5331.00
1506.00	5390.00
1507.00	5349.00
1508.00	5523.00
1509.00	5503.00
1510.00	5580.00
1511.00	5700.00
1512.00	5831.00
1513.00	5786.00
1514.00	5774.00
1515.00	5795.00
1516.00	5869.00
1517.00	5900.00
1518.00	5977.00
1519.00	5971.00
1520.00	6079.00
1521.00	6187.00
1522.00	6067.00
1523.00	6053.00
1524.00	6119.00
1525.00	6063.00
1526.00	6094.00
1527.00	6112.00
1528.00	6049.00
1529.00	5876.00
1530.00	6020.00
1531.00	5914.00
1532.00	5920.00
1533.00	5879.00
1534.00	5766.00
1535.00	5884.00
1536.00	5802.00
1537.00	5638.00
1538.00	5660.00
1539.00	5569.00
1540.00	5676.00
1541.00	5767.00
1542.00	5524.00
1543.00	5739.00
1544.00	5655.00
1545.00	5601.00
1546.00	5790.00
1547.00	5928.00
1548.00	5822.00
1549.00	5795.00
1550.00	5928.00
1551.00	5980.00
1552.00	6230.00
1553.00	6086.00
1554.00	5971.00
1555.00	6133.00
1556.00	6191.00
1557.00	6310.00
1558.00	6333.00
1559.00	6642.00
1560.00	6707.00
1561.00	6821.00
1562.00	6751.00
1563.00	6828.00
1564.00	6853.00
1565.00	7108.00
1566.00	7173.00
1567.00	7287.00
1568.00	7455.00
1569.00	7582.00
1570.00	7613.00
1571.00	7798.00
1572.00	7797.00
1573.00	7920.00
1574.00	7814.00
1575.00	8141.00
1576.00	8062.00
1577.00	8211.00
1578.00	8373.00
1579.00	8425.00
1580.00	8447.00
1581.00	8532.00
1582.00	8520.00
1583.00	8538.00
1584.00	8533.00
1585.00	8827.00
1586.00	8726.00
1587.00	8638.00
1588.00	8718.00
1589.00	8792.00
1590.00	8631.00
1591.00	8446.00
1592.00	8574.00
1593.00	8584.00
1594.00	8586.00
1595.00	8667.00
1596.00	8504.00
1597.00	8314.00
1598.00	8247.00
1599.00	8308.00
1600.00	8244.00
1601.00	7868.00
1602.00	7917.00
1603.00	7862.00
1604.00	7882.00
1605.00	7595.00
1606.00	7513.00
1607.00	7301.00
1608.00	7247.00
1609.00	7016.00
1610.00	7047.00
1611.00	6873.00
1612.00	6869.00
1613.00	6583.00
1614.00	6587.00
1615.00	6386.00
1616.00	6323.00
1617.00	6230.00
1618.00	6177.00
1619.00	6046.00
1620.00	5904.00
1621.00	5782.00
1622.00	5671.00
1623.00	5621.00
1624.00	5399.00
1625.00	5331.00
1626.00	5237.00
1627.00	5317.00
1628.00	5196.00
1629.00	5104.00
1630.00	5047.00
1631.00	5001.00
1632.00	5001.00
1633.00	4932.00
1634.00	4781.00
1635.00	4729.00
1636.00	4604.00
1637.00	4600.00
1638.00	4644.00
1639.00	4537.00
1640.00	4479.00
1641.00	4447.00
1642.00	4506.00
1643.00	4392.00
1644.00	4275.00
1645.00	4315.00
1646.00	4294.00
1647.00	4230.00
1648.00	4250.00
1649.00	4228.00
1650.00	4129.00
1651.00	4115.00
1652.00	4147.00
1653.00	4117.00
1654.00	4189.00
1655.00	4108.00
1656.00	4277.00
1657.00	4363.00
1658.00	4350.00
1659.00	4457.00
1660.00	4447.00
1661.00	4517.00
1662.00	4615.00
1663.00	4670.00
1664.00	4819.00
1665.00	4905.00
1666.00	5143.00
1667.00	5319.00
1668.00	5459.00
1669.00	5656.00
1670.00	6024.00
1671.00	6348.00
1672.00	6485.00
1673.00	6791.00
1674.00	6905.00
1675.00	7152.00
1676.00	7366.00
1677.00	7373.00
1678.00	7587.00
1679.00	7725.00
1680.00	7940.00
1681.00	7975.00
1682.00	7842.00
1683.00	7832.00
1684.00	7947.00
1685.00	7750.00
1686.00	7704.00
1687.00	7463.00
1688.00	7414.00
1689.00	7099.00
1690.00	6808.00
1691.00	6451.00
1692.00	6142.00
1693.00	5919.00
1694.00	5637.00
1695.00	5490.00
1696.00	5187.00
1697.00	5019.00
1698.00	4639.00
1699.00	4421.00
1700.00	4442.00
1701.00	4006.00
1702.00	3928.00
1703.00	3828.00
1704.00	3778.00
1705.00	3682.00
1706.00	3545.00
1707.00	3571.00
1708.00	3422.00
1709.00	3506.00
1710.00	3306.00
1711.00	3274.00
1712.00	3265.00
1713.00	3274.00
1714.00	3325.00
1715.00	3228.00
1716.00	3238.00
1717.00	3240.00
1718.00	3209.00
1719.00	3111.00
1720.00	3125.00
1721.00	3245.00
1722.00	3209.00
1723.00	3213.00
1724.00	3058.00
1725.00	3077.00
1726.00	3178.00
1727.00	3187.00
1728.00	3276.00
1729.00	3124.00
1730.00	3106.00
1731.00	3216.00
1732.00	3164.00
1733.00	3123.00
1734.00	3031.00
1735.00	3138.00
1736.00	3194.00
1737.00	3127.00
1738.00	3236.00
1739.00	3147.00
1740.00	3175.00
1741.00	3200.00
1742.00	3238.00
1743.00	3136.00
1744.00	3222.00
1745.00	3307.00
1746.00	3231.00
1747.00	3235.00
1748.00	3195.00
1749.00	3168.00
1750.00	3266.00
1751.00	3322.00
1752.00	3267.00
1753.00	3208.00
1754.00	3284.00
1755.00	3231.00
1756.00	3364.00
1757.00	3234.00
1758.00	3292.00
1759.00	3185.00
1760.00	3379.00
1761.00	3265.00
1762.00	3274.00
1763.00	3346.00
1764.00	3251.00
1765.00	3293.00
1766.00	3260.00
1767.00	3317.00
1768.00	3287.00
1769.00	3216.00
1770.00	3298.00
1771.00	3291.00
1772.00	3267.00
1773.00	3321.00
1774.00	3239.00
1775.00	3286.00
1776.00	3238.00
1777.00	3179.00
1778.00	3205.00
1779.00	3257.00
1780.00	3184.00
1781.00	3084.00
1782.00	3094.00
1783.00	3075.00
1784.00	3160.00
1785.00	3160.00
1786.00	3031.00
1787.00	3129.00
1788.00	3094.00
1789.00	3023.00
1790.00	2989.00
1791.00	2867.00
1792.00	2868.00
1793.00	2897.00
1794.00	2867.00
1795.00	2910.00
1796.00	2723.00
1797.00	2735.00
1798.00	2622.00
1799.00	2609.00
1800.00	2667.00
1801.00	2617.00
1802.00	2526.00
1803.00	2656.00
1804.00	2545.00
1805.00	2603.00
1806.00	2513.00
1807.00	2419.00
1808.00	2401.00
1809.00	2422.00
1810.00	2416.00
1811.00	2500.00
1812.00	2363.00
1813.00	2276.00
1814.00	2429.00
1815.00	2290.00
1816.00	2287.00
1817.00	2162.00
1818.00	2212.00
1819.00	2263.00
1820.00	2224.00
1821.00	2278.00
1822.00	2156.00
1823.00	2133.00
1824.00	2065.00
1825.00	2044.00
1826.00	2133.00
1827.00	2099.00
1828.00	2059.00
1829.00	2020.00
1830.00	2051.00
1831.00	2008.00
1832.00	1993.00
1833.00	1964.00
1834.00	1922.00
1835.00	1908.00
1836.00	1840.00
1837.00	1946.00
1838.00	1866.00
1839.00	1904.00
1840.00	1887.00
1841.00	1927.00
1842.00	1936.00
1843.00	1900.00
1844.00	1805.00
1845.00	1847.00
1846.00	1776.00
1847.00	1840.00
1848.00	1698.00
1849.00	1767.00
1850.00	1754.00
1851.00	1727.00
1852.00	1781.00
1853.00	1731.00
1854.00	1779.00
1855.00	1683.00
1856.00	1648.00
1857.00	1649.00
1858.00	1692.00
1859.00	1626.00
1860.00	1644.00
1861.00	1586.00
1862.00	1634.00
1863.00	1642.00
1864.00	1643.00
1865.00	1572.00
1866.00	1637.00
1867.00	1585.00
1868.00	1615.00
1869.00	1616.00
1870.00	1659.00
1871.00	1686.00
1872.00	1654.00
1873.00	1684.00
1874.00	1602.00
1875.00	1755.00
1876.00	1699.00
1877.00	1784.00
1878.00	1749.00
1879.00	1805.00
1880.00	1813.00
1881.00	1819.00
1882.00	1909.00
1883.00	1952.00
1884.00	1974.00
1885.00	2004.00
1886.00	2053.00
1887.00	1920.00
1888.00	2022.00
1889.00	2074.00
1890.00	1983.00
1891.00	1954.00
1892.00	1958.00
1893.00	2001.00
1894.00	1838.00
1895.00	1918.00
1896.00	1874.00
1897.00	1795.00
1898.00	1720.00
1899.00	1771.00
1900.00	1677.00
1901.00	1592.00
1902.00	1621.00
1903.00	1637.00
1904.00	1607.00
1905.00	1535.00
1906.00	1424.00
1907.00	1524.00
1908.00	1466.00
1909.00	1466.00
1910.00	1404.00
1911.00	1346.00
1912.00	1389.00
1913.00	1319.00
1914.00	1275.00
1915.00	1396.00
1916.00	1311.00
1917.00	1379.00
1918.00	1364.00
1919.00	1351.00
1920.00	1330.00
1921.00	1262.00
1922.00	1306.00
1923.00	1350.00
1924.00	1349.00
1925.00	1270.00
1926.00	1247.00
1927.00	1303.00
1928.00	1239.00
1929.00	1263.00
1930.00	1192.00
1931.00	1173.00
1932.00	1279.00
1933.00	1226.00
1934.00	1160.00
1935.00	1151.00
1936.00	1170.00
1937.00	1151.00
1938.00	1155.00
1939.00	1079.00
1940.00	1094.00
1941.00	1054.00
1942.00	1119.00
1943.00	1031.00
1944.00	1034.00
1945.00	1045.00
1946.00	1086.00
1947.00	1081.00
1948.00	1039.00
1949.00	1081.00
1950.00	1018.00
1951.00	1072.00
1952.00	1011.00
1953.00	936.00
1954.00	997.00
1955.00	946.00
1956.00	991.00
1957.00	999.00
1958.00	1049.00
1959.00	999.00
1960.00	958.00
1961.00	954.00
1962.00	1034.00
1963.00	958.00
1964.00	1007.00
1965.00	965.00
1966.00	960.00
1967.00	966.00
1968.00	983.00
1969.00	935.00
1970.00	961.00
1971.00	962.00
1972.00	917.00
1973.00	986.00
1974.00	912.00
1975.00	916.00
1976.00	941.00
1977.00	895.00
1978.00	933.00
1979.00	874.00
1980.00	891.00
1981.00	886.00
1982.00	907.00
1983.00	915.00
1984.00	899.00
1985.00	910.00
1986.00	857.00
1987.00	798.00
1988.00	828.00
1989.00	859.00
1990.00	821.00
1991.00	862.00
1992.00	854.00
1993.00	817.00
1994.00	861.00
1995.00	814.00
1996.00	825.00
1997.00	812.00
1998.00	819.00
1999.00	797.00
2000.00	817.00
2001.00	852.00
2002.00	789.00
2003.00	791.00
2004.00	761.00
2005.00	837.00
2006.00	708.00
2007.00	773.00
2008.00	740.00
2009.00	776.00
2010.00	780.00
2011.00	802.00
2012.00	777.00
2013.00	719.00
2014.00	772.00
2015.00	732.00
2016.00	727.00
2017.00	783.00
2018.00	665.00
2019.00	748.00
2020.00	742.00
2021.00	681.00
2022.00	692.00
2023.00	733.00
2024.00	702.00
2025.00	645.00
2026.00	643.00
2027.00	689.00
2028.00	670.00
2029.00	646.00
2030.00	656.00
2031.00	663.00
2032.00	678.00
2033.00	680.00
2034.00	640.00
2035.00	622.00
2036.00	653.00
2037.00	658.00
2038.00	597.00
2039.00	627.00
2040.00	618.00
2041.00	613.00
2042.00	596.00
2043.00	636.00
2044.00	597.00
2045.00	610.00
2046.00	593.00
2047.00	599.00
2048.00	 0.00
