C:\Data\UCD\Agriculture\Sharon_ORourke\Shayan\Pellet_3     2023-09-18  re-evaluated data
peakarea
filename	position (mm)	sample surface	validity	E-gain	E-offset	F-slope	F-offset	cps	MSE	Al	Si	S	Cl	Ar	K	Ca	Ti	V	Cr	Mn	Fe	Ni	Cu	Zn	As	Br	Rb	Sr	Zr	Sb	Ba	Ce	Pr	Nd	Sm	Eu	Gd	Fe a*2	Fe a+b	Fe X1	Fe X2	Fe X3	W La	W Lb1	W Lb2	W La inel	W Lb1 inel	W Lb2 inel	Mo inc	Mo coh	Dt	
C:\Data\UCD\Agriculture\Sharon_ORourke\Shayan\Pellet_3\XRF data\L000000.spe	94.00	5.96	1	0.010381	-0.008249	0.010160	0.076187	103894	3.65	0.853	15.963	0.063	0.000	2.338	25.874	27.839	21.605	2.123	4.123	29.996	560.267	2.671	1.735	8.281	1.772	0.613	3.224	2.066	1.089	0.198	1.888	1.122	1.046	1.044	1.695	0.000	0.160	3.422	0.757	12.218	2.052	2.339	1.500	2.281	1.438	1.211	2.187	1.286	38.274	15.129	0.140	
C:\Data\UCD\Agriculture\Sharon_ORourke\Shayan\Pellet_3\XRF data\L000001.spe	94.20	5.96	1	0.010381	-0.008249	0.010160	0.076187	102455	3.73	0.839	15.845	0.035	0.000	2.295	25.322	26.656	20.588	1.751	3.725	29.049	545.493	2.844	1.534	8.060	1.760	0.550	3.568	2.162	1.067	0.151	1.792	1.170	1.165	0.945	1.780	0.000	0.188	3.396	0.000	12.370	2.302	2.258	1.619	2.210	1.496	1.308	2.510	1.497	39.599	14.887	0.139	
C:\Data\UCD\Agriculture\Sharon_ORourke\Shayan\Pellet_3\XRF data\L000002.spe	94.40	5.96	1	0.010381	-0.008249	0.009952	0.076187	101060	3.63	0.827	15.761	0.098	0.000	2.355	25.467	26.088	20.244	1.758	4.022	25.063	532.162	2.438	1.488	8.032	1.726	0.490	3.448	2.227	1.155	0.169	1.973	0.839	1.012	1.046	1.876	0.000	0.129	3.156	0.592	12.318	2.277	2.088	1.219	1.898	1.398	1.350	2.275	1.418	38.340	15.209	0.138	
C:\Data\UCD\Agriculture\Sharon_ORourke\Shayan\Pellet_3\XRF data\L000003.spe	94.60	5.95	1	0.010381	-0.008249	0.009918	0.076187	100945	3.63	0.805	15.832	0.065	0.000	2.196	25.134	25.472	21.237	1.923	3.972	25.061	530.474	2.501	1.538	7.716	1.710	0.583	3.448	1.919	1.201	0.127	1.731	1.067	0.950	0.951	1.816	0.000	0.170	2.768	0.160	12.019	2.355	2.070	1.563	2.678	1.631	1.491	2.094	1.572	38.475	14.878	0.138	
C:\Data\UCD\Agriculture\Sharon_ORourke\Shayan\Pellet_3\XRF data\L000004.spe	94.80	5.95	1	0.010381	-0.008249	0.009918	0.076187	102130	3.75	0.786	15.464	0.025	0.000	2.268	24.406	25.921	22.304	1.799	3.855	26.346	543.112	2.547	1.339	8.150	1.670	0.531	3.373	2.472	0.680	0.235	1.941	0.955	0.999	0.943	1.711	0.000	0.243	3.334	0.489	12.510	2.247	2.104	1.417	2.399	1.680	1.184	1.891	1.389	40.289	15.218	0.139	
C:\Data\UCD\Agriculture\Sharon_ORourke\Shayan\Pellet_3\XRF data\L000005.spe	95.00	5.95	1	0.010381	-0.008249	0.009956	0.076187	102973	3.75	0.807	15.520	0.046	0.000	2.262	24.997	27.465	20.703	1.922	3.976	26.937	551.956	2.839	1.481	8.205	1.725	0.644	3.741	2.176	1.681	0.259	1.970	0.835	0.930	1.133	1.690	0.000	0.191	3.229	0.064	12.511	2.589	2.326	1.313	2.212	1.541	1.464	2.018	1.561	38.193	15.366	0.140	
C:\Data\UCD\Agriculture\Sharon_ORourke\Shayan\Pellet_3\XRF data\L000006.spe	95.20	5.95	1	0.010381	-0.008249	0.009956	0.076187	103292	3.83	0.717	15.448	0.036	0.000	2.258	24.353	27.257	20.000	1.745	3.911	30.753	552.519	2.963	1.490	8.230	1.869	0.663	3.252	2.203	0.960	0.173	2.054	0.914	1.008	1.026	1.726	0.000	0.297	3.406	0.658	12.482	2.263	2.620	1.628	2.228	1.715	1.223	2.133	1.756	39.288	14.861	0.140	
C:\Data\UCD\Agriculture\Sharon_ORourke\Shayan\Pellet_3\XRF data\L000007.spe	95.40	5.95	1	0.010376	-0.008249	0.009956	0.076187	103655	3.64	0.879	15.324	0.062	0.000	2.270	24.405	26.377	20.604	1.939	4.258	30.124	555.427	2.857	1.712	8.213	1.839	0.517	3.639	2.259	1.394	0.268	2.479	0.690	1.026	1.185	1.746	0.000	0.321	3.509	0.400	14.663	2.497	2.126	1.758	2.195	1.465	1.485	2.544	1.585	38.898	15.374	0.140	
C:\Data\UCD\Agriculture\Sharon_ORourke\Shayan\Pellet_3\XRF data\L000008.spe	95.60	5.95	1	0.010376	-0.008249	0.010009	0.076187	103489	3.62	0.835	15.510	0.098	0.000	2.321	24.517	27.410	20.623	1.903	5.153	29.617	552.624	2.714	1.535	8.190	1.866	0.521	3.411	2.282	1.351	0.345	2.673	0.553	0.884	1.135	2.036	0.000	0.237	3.059	0.467	15.134	2.398	1.984	1.558	2.190	1.532	1.530	2.249	1.660	39.447	15.317	0.141	