Date:	2023-09-18		
Time:	19:28		
Sample name:	Pellets		
Position:	95.600011	mm	
Sample surface:	5.952166	cm	
Tube anode:	Mo		
Tube voltage:	30	kV	
Tube current:	50	mA	
Comments	not in position		
Gain	5.810000		
peaking_time	0.300000	m-sec	
trigger_threshold	30.000000	V	
mca_bin_width	2.000000	no:	
number_mca_channels	2048.000000	no:	
gap_time	0.100000	m-sec	
trigger_peaking_time	0.050000	m-sec	
livetime	17.189208	seconds	
runtime	20.000082	seconds	
input_count_rate	120412.530791	cps	
output_count_rate	103489.373106	cps	
triggers	2320744.000000	seconds	
events_in_run	2059756.000000	seconds	
channel	content		
 1.00	 0.00
 2.00	 0.00
 3.00	 0.00
 4.00	 0.00
 5.00	 0.00
 6.00	 0.00
 7.00	 0.00
 8.00	 0.00
 9.00	 0.00
10.00	 0.00
11.00	 0.00
12.00	 0.00
13.00	 0.00
14.00	 0.00
15.00	 0.00
16.00	 0.00
17.00	 0.00
18.00	 0.00
19.00	 0.00
20.00	 0.00
21.00	 0.00
22.00	 0.00
23.00	 0.00
24.00	 0.00
25.00	 0.00
26.00	 0.00
27.00	 0.00
28.00	 0.00
29.00	 0.00
30.00	 0.00
31.00	 0.00
32.00	 1.00
33.00	 3.00
34.00	 2.00
35.00	 3.00
36.00	 9.00
37.00	16.00
38.00	22.00
39.00	23.00
40.00	31.00
41.00	45.00
42.00	55.00
43.00	86.00
44.00	98.00
45.00	115.00
46.00	155.00
47.00	154.00
48.00	195.00
49.00	195.00
50.00	245.00
51.00	243.00
52.00	274.00
53.00	252.00
54.00	260.00
55.00	280.00
56.00	341.00
57.00	318.00
58.00	321.00
59.00	366.00
60.00	337.00
61.00	368.00
62.00	344.00
63.00	368.00
64.00	357.00
65.00	370.00
66.00	412.00
67.00	354.00
68.00	352.00
69.00	372.00
70.00	368.00
71.00	360.00
72.00	397.00
73.00	384.00
74.00	391.00
75.00	365.00
76.00	347.00
77.00	395.00
78.00	351.00
79.00	364.00
80.00	340.00
81.00	328.00
82.00	368.00
83.00	351.00
84.00	348.00
85.00	358.00
86.00	329.00
87.00	342.00
88.00	313.00
89.00	349.00
90.00	306.00
91.00	329.00
92.00	371.00
93.00	349.00
94.00	292.00
95.00	331.00
96.00	319.00
97.00	284.00
98.00	295.00
99.00	290.00
100.00	260.00
101.00	265.00
102.00	315.00
103.00	294.00
104.00	266.00
105.00	274.00
106.00	258.00
107.00	259.00
108.00	278.00
109.00	257.00
110.00	243.00
111.00	256.00
112.00	242.00
113.00	259.00
114.00	270.00
115.00	260.00
116.00	271.00
117.00	267.00
118.00	285.00
119.00	290.00
120.00	252.00
121.00	284.00
122.00	247.00
123.00	240.00
124.00	226.00
125.00	224.00
126.00	238.00
127.00	217.00
128.00	224.00
129.00	204.00
130.00	213.00
131.00	210.00
132.00	214.00
133.00	230.00
134.00	211.00
135.00	231.00
136.00	281.00
137.00	301.00
138.00	354.00
139.00	455.00
140.00	568.00
141.00	719.00
142.00	882.00
143.00	1015.00
144.00	1037.00
145.00	1094.00
146.00	1003.00
147.00	1008.00
148.00	851.00
149.00	747.00
150.00	675.00
151.00	615.00
152.00	599.00
153.00	526.00
154.00	501.00
155.00	432.00
156.00	391.00
157.00	383.00
158.00	456.00
159.00	530.00
160.00	931.00
161.00	1446.00
162.00	2434.00
163.00	3953.00
164.00	5809.00
165.00	8207.00
166.00	10602.00
167.00	12945.00
168.00	14455.00
169.00	15111.00
170.00	14741.00
171.00	13227.00
172.00	11039.00
173.00	8448.00
174.00	6447.00
175.00	4480.00
176.00	3246.00
177.00	2240.00
178.00	1611.00
179.00	1209.00
180.00	965.00
181.00	773.00
182.00	644.00
183.00	600.00
184.00	474.00
185.00	442.00
186.00	426.00
187.00	434.00
188.00	413.00
189.00	464.00
190.00	469.00
191.00	473.00
192.00	455.00
193.00	472.00
194.00	448.00
195.00	459.00
196.00	447.00
197.00	414.00
198.00	360.00
199.00	357.00
200.00	288.00
201.00	247.00
202.00	242.00
203.00	229.00
204.00	221.00
205.00	186.00
206.00	211.00
207.00	215.00
208.00	202.00
209.00	185.00
210.00	163.00
211.00	194.00
212.00	207.00
213.00	201.00
214.00	184.00
215.00	189.00
216.00	189.00
217.00	208.00
218.00	252.00
219.00	247.00
220.00	241.00
221.00	279.00
222.00	293.00
223.00	293.00
224.00	263.00
225.00	299.00
226.00	293.00
227.00	266.00
228.00	229.00
229.00	232.00
230.00	199.00
231.00	168.00
232.00	175.00
233.00	182.00
234.00	167.00
235.00	170.00
236.00	172.00
237.00	192.00
238.00	170.00
239.00	163.00
240.00	174.00
241.00	159.00
242.00	168.00
243.00	163.00
244.00	152.00
245.00	164.00
246.00	174.00
247.00	189.00
248.00	168.00
249.00	170.00
250.00	168.00
251.00	187.00
252.00	185.00
253.00	182.00
254.00	183.00
255.00	194.00
256.00	174.00
257.00	169.00
258.00	170.00
259.00	181.00
260.00	165.00
261.00	211.00
262.00	227.00
263.00	244.00
264.00	231.00
265.00	259.00
266.00	267.00
267.00	278.00
268.00	286.00
269.00	282.00
270.00	269.00
271.00	260.00
272.00	237.00
273.00	228.00
274.00	224.00
275.00	277.00
276.00	272.00
277.00	319.00
278.00	409.00
279.00	539.00
280.00	748.00
281.00	935.00
282.00	1207.00
283.00	1587.00
284.00	1725.00
285.00	2005.00
286.00	2157.00
287.00	2181.00
288.00	1995.00
289.00	1931.00
290.00	1691.00
291.00	1424.00
292.00	1049.00
293.00	862.00
294.00	621.00
295.00	487.00
296.00	360.00
297.00	320.00
298.00	233.00
299.00	238.00
300.00	251.00
301.00	227.00
302.00	246.00
303.00	300.00
304.00	326.00
305.00	405.00
306.00	480.00
307.00	585.00
308.00	719.00
309.00	951.00
310.00	1256.00
311.00	1905.00
312.00	2712.00
313.00	3935.00
314.00	5836.00
315.00	7672.00
316.00	10213.00
317.00	12835.00
318.00	15638.00
319.00	17798.00
320.00	19221.00
321.00	19971.00
322.00	19517.00
323.00	18208.00
324.00	16334.00
325.00	13775.00
326.00	11030.00
327.00	8435.00
328.00	6163.00
329.00	4249.00
330.00	2969.00
331.00	1906.00
332.00	1168.00
333.00	836.00
334.00	555.00
335.00	468.00
336.00	454.00
337.00	473.00
338.00	605.00
339.00	746.00
340.00	916.00
341.00	1268.00
342.00	1609.00
343.00	2023.00
344.00	2626.00
345.00	3027.00
346.00	3575.00
347.00	4331.00
348.00	5314.00
349.00	6368.00
350.00	7861.00
351.00	9536.00
352.00	11480.00
353.00	13901.00
354.00	15889.00
355.00	17888.00
356.00	19329.00
357.00	20124.00
358.00	20111.00
359.00	19059.00
360.00	17450.00
361.00	14898.00
362.00	12318.00
363.00	9829.00
364.00	7377.00
365.00	5388.00
366.00	3750.00
367.00	2490.00
368.00	1706.00
369.00	1041.00
370.00	734.00
371.00	513.00
372.00	427.00
373.00	338.00
374.00	361.00
375.00	348.00
376.00	413.00
377.00	451.00
378.00	572.00
379.00	684.00
380.00	879.00
381.00	1122.00
382.00	1485.00
383.00	1803.00
384.00	2158.00
385.00	2462.00
386.00	2812.00
387.00	3048.00
388.00	3178.00
389.00	3154.00
390.00	3054.00
391.00	2981.00
392.00	2617.00
393.00	2205.00
394.00	1829.00
395.00	1518.00
396.00	1227.00
397.00	957.00
398.00	761.00
399.00	601.00
400.00	508.00
401.00	448.00
402.00	411.00
403.00	380.00
404.00	367.00
405.00	336.00
406.00	323.00
407.00	323.00
408.00	343.00
409.00	306.00
410.00	297.00
411.00	318.00
412.00	350.00
413.00	322.00
414.00	333.00
415.00	381.00
416.00	424.00
417.00	394.00
418.00	479.00
419.00	476.00
420.00	566.00
421.00	652.00
422.00	808.00
423.00	1053.00
424.00	1426.00
425.00	1936.00
426.00	2627.00
427.00	3643.00
428.00	4767.00
429.00	6309.00
430.00	8001.00
431.00	9896.00
432.00	11634.00
433.00	13367.00
434.00	14721.00
435.00	15868.00
436.00	16319.00
437.00	16030.00
438.00	15077.00
439.00	13776.00
440.00	12142.00
441.00	10524.00
442.00	8859.00
443.00	7077.00
444.00	5861.00
445.00	4779.00
446.00	4047.00
447.00	3532.00
448.00	3134.00
449.00	2917.00
450.00	2680.00
451.00	2498.00
452.00	2372.00
453.00	2172.00
454.00	1971.00
455.00	1811.00
456.00	1593.00
457.00	1447.00
458.00	1356.00
459.00	1378.00
460.00	1350.00
461.00	1429.00
462.00	1462.00
463.00	1632.00
464.00	1742.00
465.00	1928.00
466.00	2121.00
467.00	2406.00
468.00	2496.00
469.00	2773.00
470.00	2966.00
471.00	3139.00
472.00	3483.00
473.00	3771.00
474.00	3920.00
475.00	4122.00
476.00	4212.00
477.00	4208.00
478.00	4163.00
479.00	4014.00
480.00	3709.00
481.00	3444.00
482.00	3096.00
483.00	2606.00
484.00	2258.00
485.00	1901.00
486.00	1637.00
487.00	1354.00
488.00	1226.00
489.00	1090.00
490.00	1009.00
491.00	1014.00
492.00	938.00
493.00	879.00
494.00	987.00
495.00	1022.00
496.00	1073.00
497.00	1103.00
498.00	1145.00
499.00	1197.00
500.00	1254.00
501.00	1241.00
502.00	1372.00
503.00	1307.00
504.00	1390.00
505.00	1307.00
506.00	1410.00
507.00	1394.00
508.00	1481.00
509.00	1539.00
510.00	1545.00
511.00	1581.00
512.00	1613.00
513.00	1775.00
514.00	1892.00
515.00	2056.00
516.00	2117.00
517.00	2406.00
518.00	2646.00
519.00	2752.00
520.00	3022.00
521.00	3163.00
522.00	3154.00
523.00	3332.00
524.00	3288.00
525.00	3227.00
526.00	3181.00
527.00	2907.00
528.00	2817.00
529.00	2490.00
530.00	2395.00
531.00	2228.00
532.00	2126.00
533.00	1975.00
534.00	1963.00
535.00	1892.00
536.00	1844.00
537.00	1795.00
538.00	1834.00
539.00	1804.00
540.00	1913.00
541.00	1779.00
542.00	1887.00
543.00	1929.00
544.00	1902.00
545.00	1968.00
546.00	1883.00
547.00	1965.00
548.00	1917.00
549.00	2023.00
550.00	1968.00
551.00	2116.00
552.00	2115.00
553.00	2228.00
554.00	2395.00
555.00	2664.00
556.00	2992.00
557.00	3535.00
558.00	4226.00
559.00	5488.00
560.00	7117.00
561.00	9090.00
562.00	11017.00
563.00	13941.00
564.00	16255.00
565.00	19155.00
566.00	21827.00
567.00	23844.00
568.00	25730.00
569.00	26906.00
570.00	27598.00
571.00	26703.00
572.00	25619.00
573.00	23615.00
574.00	21057.00
575.00	18216.00
576.00	15457.00
577.00	12807.00
578.00	10460.00
579.00	8168.00
580.00	6355.00
581.00	5127.00
582.00	4234.00
583.00	3485.00
584.00	2962.00
585.00	2604.00
586.00	2363.00
587.00	2372.00
588.00	2417.00
589.00	2444.00
590.00	2520.00
591.00	2645.00
592.00	2671.00
593.00	2783.00
594.00	2936.00
595.00	3283.00
596.00	3631.00
597.00	3915.00
598.00	4499.00
599.00	5567.00
600.00	7383.00
601.00	9764.00
602.00	13076.00
603.00	18499.00
604.00	26238.00
605.00	37564.00
606.00	52707.00
607.00	73375.00
608.00	99116.00
609.00	131982.00
610.00	171981.00
611.00	217180.00
612.00	266434.00
613.00	316257.00
614.00	367720.00
615.00	413572.00
616.00	450320.00
617.00	478471.00
618.00	490605.00
619.00	491078.00
620.00	473784.00
621.00	445015.00
622.00	405965.00
623.00	358619.00
624.00	308469.00
625.00	256247.00
626.00	208526.00
627.00	164058.00
628.00	125350.00
629.00	94057.00
630.00	68430.00
631.00	49535.00
632.00	34833.00
633.00	24588.00
634.00	16987.00
635.00	12048.00
636.00	9071.00
637.00	6868.00
638.00	5388.00
639.00	4720.00
640.00	3994.00
641.00	3816.00
642.00	3699.00
643.00	3486.00
644.00	3403.00
645.00	3362.00
646.00	3436.00
647.00	3452.00
648.00	3497.00
649.00	3544.00
650.00	3703.00
651.00	3691.00
652.00	3680.00
653.00	3773.00
654.00	3939.00
655.00	4102.00
656.00	4056.00
657.00	4218.00
658.00	4497.00
659.00	4714.00
660.00	4830.00
661.00	5169.00
662.00	5551.00
663.00	5879.00
664.00	6692.00
665.00	7488.00
666.00	8455.00
667.00	10197.00
668.00	12046.00
669.00	14701.00
670.00	18145.00
671.00	22597.00
672.00	27255.00
673.00	32877.00
674.00	39516.00
675.00	46684.00
676.00	53906.00
677.00	60818.00
678.00	67862.00
679.00	73033.00
680.00	77318.00
681.00	78910.00
682.00	78809.00
683.00	76753.00
684.00	72507.00
685.00	67264.00
686.00	60774.00
687.00	53531.00
688.00	45685.00
689.00	38435.00
690.00	30947.00
691.00	24976.00
692.00	20164.00
693.00	15516.00
694.00	11947.00
695.00	9310.00
696.00	7345.00
697.00	5863.00
698.00	4867.00
699.00	4265.00
700.00	3775.00
701.00	3548.00
702.00	3378.00
703.00	3272.00
704.00	3311.00
705.00	3335.00
706.00	3423.00
707.00	3306.00
708.00	3547.00
709.00	3597.00
710.00	3826.00
711.00	3927.00
712.00	4114.00
713.00	4316.00
714.00	4634.00
715.00	4715.00
716.00	5167.00
717.00	5249.00
718.00	5426.00
719.00	5649.00
720.00	5785.00
721.00	5865.00
722.00	5867.00
723.00	5699.00
724.00	5543.00
725.00	5458.00
726.00	5236.00
727.00	4867.00
728.00	4807.00
729.00	4536.00
730.00	4377.00
731.00	4175.00
732.00	3923.00
733.00	3873.00
734.00	3592.00
735.00	3339.00
736.00	3452.00
737.00	3328.00
738.00	3306.00
739.00	3321.00
740.00	3191.00
741.00	3218.00
742.00	3131.00
743.00	3196.00
744.00	3129.00
745.00	3095.00
746.00	3094.00
747.00	3197.00
748.00	3070.00
749.00	3091.00
750.00	3093.00
751.00	3119.00
752.00	3117.00
753.00	3175.00
754.00	3315.00
755.00	3202.00
756.00	3289.00
757.00	3307.00
758.00	3387.00
759.00	3403.00
760.00	3581.00
761.00	3450.00
762.00	3582.00
763.00	3705.00
764.00	3867.00
765.00	3934.00
766.00	3955.00
767.00	4159.00
768.00	4371.00
769.00	4706.00
770.00	4861.00
771.00	5100.00
772.00	5218.00
773.00	5329.00
774.00	5430.00
775.00	5680.00
776.00	5808.00
777.00	5980.00
778.00	5731.00
779.00	5789.00
780.00	5878.00
781.00	5726.00
782.00	5771.00
783.00	5714.00
784.00	5563.00
785.00	5558.00
786.00	5524.00
787.00	5396.00
788.00	5280.00
789.00	5402.00
790.00	5506.00
791.00	5476.00
792.00	5429.00
793.00	5373.00
794.00	5596.00
795.00	5543.00
796.00	5518.00
797.00	5736.00
798.00	5644.00
799.00	5784.00
800.00	5682.00
801.00	5659.00
802.00	5607.00
803.00	5859.00
804.00	5770.00
805.00	5682.00
806.00	5793.00
807.00	5610.00
808.00	5762.00
809.00	5610.00
810.00	5774.00
811.00	5603.00
812.00	5596.00
813.00	5536.00
814.00	5488.00
815.00	5835.00
816.00	5665.00
817.00	5653.00
818.00	5846.00
819.00	5987.00
820.00	6153.00
821.00	6353.00
822.00	6707.00
823.00	7111.00
824.00	7454.00
825.00	8044.00
826.00	8584.00
827.00	9125.00
828.00	9724.00
829.00	10396.00
830.00	10765.00
831.00	11269.00
832.00	11457.00
833.00	11544.00
834.00	11309.00
835.00	11330.00
836.00	11079.00
837.00	10589.00
838.00	10077.00
839.00	9684.00
840.00	8917.00
841.00	8420.00
842.00	7875.00
843.00	7359.00
844.00	7020.00
845.00	6644.00
846.00	6344.00
847.00	6086.00
848.00	6002.00
849.00	5752.00
850.00	5963.00
851.00	5790.00
852.00	5776.00
853.00	5722.00
854.00	5649.00
855.00	5827.00
856.00	5806.00
857.00	5768.00
858.00	5793.00
859.00	5902.00
860.00	5850.00
861.00	5823.00
862.00	5660.00
863.00	5878.00
864.00	5761.00
865.00	5800.00
866.00	5780.00
867.00	5877.00
868.00	5885.00
869.00	5876.00
870.00	5739.00
871.00	5950.00
872.00	5811.00
873.00	5964.00
874.00	5883.00
875.00	6003.00
876.00	6101.00
877.00	5993.00
878.00	6143.00
879.00	6155.00
880.00	6161.00
881.00	6201.00
882.00	6285.00
883.00	6360.00
884.00	6411.00
885.00	6514.00
886.00	6580.00
887.00	6676.00
888.00	6677.00
889.00	6707.00
890.00	6723.00
891.00	6802.00
892.00	6905.00
893.00	6826.00
894.00	6873.00
895.00	6794.00
896.00	6878.00
897.00	6814.00
898.00	6825.00
899.00	6907.00
900.00	6739.00
901.00	6819.00
902.00	6870.00
903.00	6902.00
904.00	6709.00
905.00	6782.00
906.00	6852.00
907.00	6790.00
908.00	6866.00
909.00	6894.00
910.00	6978.00
911.00	6905.00
912.00	6895.00
913.00	6916.00
914.00	7063.00
915.00	7280.00
916.00	7351.00
917.00	7453.00
918.00	7436.00
919.00	7635.00
920.00	7780.00
921.00	7749.00
922.00	7899.00
923.00	7969.00
924.00	8008.00
925.00	8027.00
926.00	8003.00
927.00	7820.00
928.00	7948.00
929.00	7900.00
930.00	7850.00
931.00	7788.00
932.00	7442.00
933.00	7719.00
934.00	7542.00
935.00	7561.00
936.00	7396.00
937.00	7240.00
938.00	7169.00
939.00	7158.00
940.00	7081.00
941.00	7024.00
942.00	7194.00
943.00	7189.00
944.00	6989.00
945.00	7036.00
946.00	7040.00
947.00	7089.00
948.00	7018.00
949.00	6894.00
950.00	6917.00
951.00	6891.00
952.00	6961.00
953.00	7065.00
954.00	7144.00
955.00	6953.00
956.00	7130.00
957.00	7004.00
958.00	7154.00
959.00	7204.00
960.00	7132.00
961.00	7051.00
962.00	6803.00
963.00	7183.00
964.00	7138.00
965.00	7167.00
966.00	7077.00
967.00	7117.00
968.00	7068.00
969.00	7151.00
970.00	7194.00
971.00	7215.00
972.00	7134.00
973.00	7122.00
974.00	7306.00
975.00	7093.00
976.00	6949.00
977.00	7291.00
978.00	7155.00
979.00	7201.00
980.00	7202.00
981.00	7218.00
982.00	7179.00
983.00	7226.00
984.00	7173.00
985.00	7217.00
986.00	7293.00
987.00	7321.00
988.00	7221.00
989.00	7301.00
990.00	7260.00
991.00	7209.00
992.00	7434.00
993.00	7221.00
994.00	7366.00
995.00	7232.00
996.00	7408.00
997.00	7338.00
998.00	7191.00
999.00	7369.00
1000.00	7351.00
1001.00	7296.00
1002.00	7313.00
1003.00	7473.00
1004.00	7391.00
1005.00	7341.00
1006.00	7503.00
1007.00	7613.00
1008.00	7681.00
1009.00	7745.00
1010.00	7815.00
1011.00	8039.00
1012.00	7917.00
1013.00	8009.00
1014.00	8143.00
1015.00	8128.00
1016.00	8152.00
1017.00	8021.00
1018.00	8095.00
1019.00	8237.00
1020.00	7930.00
1021.00	7864.00
1022.00	7739.00
1023.00	7856.00
1024.00	7868.00
1025.00	7722.00
1026.00	7375.00
1027.00	7480.00
1028.00	7377.00
1029.00	7243.00
1030.00	7222.00
1031.00	7231.00
1032.00	7089.00
1033.00	7257.00
1034.00	7185.00
1035.00	7148.00
1036.00	7240.00
1037.00	7131.00
1038.00	7233.00
1039.00	7226.00
1040.00	7378.00
1041.00	7273.00
1042.00	7325.00
1043.00	7224.00
1044.00	7203.00
1045.00	7464.00
1046.00	7460.00
1047.00	7239.00
1048.00	7414.00
1049.00	7290.00
1050.00	7471.00
1051.00	7426.00
1052.00	7377.00
1053.00	7308.00
1054.00	7381.00
1055.00	7337.00
1056.00	7525.00
1057.00	7442.00
1058.00	7467.00
1059.00	7584.00
1060.00	7517.00
1061.00	7594.00
1062.00	7423.00
1063.00	7531.00
1064.00	7507.00
1065.00	7479.00
1066.00	7602.00
1067.00	7531.00
1068.00	7616.00
1069.00	7720.00
1070.00	7551.00
1071.00	7639.00
1072.00	7712.00
1073.00	7519.00
1074.00	7566.00
1075.00	7596.00
1076.00	7799.00
1077.00	7811.00
1078.00	7686.00
1079.00	7624.00
1080.00	7813.00
1081.00	7691.00
1082.00	7836.00
1083.00	7644.00
1084.00	7684.00
1085.00	7673.00
1086.00	7790.00
1087.00	7711.00
1088.00	7792.00
1089.00	7826.00
1090.00	7812.00
1091.00	7816.00
1092.00	7709.00
1093.00	7785.00
1094.00	7947.00
1095.00	7799.00
1096.00	7802.00
1097.00	7872.00
1098.00	7676.00
1099.00	7829.00
1100.00	7922.00
1101.00	7888.00
1102.00	7853.00
1103.00	7905.00
1104.00	7807.00
1105.00	8017.00
1106.00	7799.00
1107.00	7884.00
1108.00	7739.00
1109.00	7779.00
1110.00	7906.00
1111.00	8108.00
1112.00	7840.00
1113.00	7855.00
1114.00	8074.00
1115.00	7709.00
1116.00	7818.00
1117.00	7856.00
1118.00	7848.00
1119.00	7861.00
1120.00	7918.00
1121.00	7750.00
1122.00	7875.00
1123.00	7879.00
1124.00	7884.00
1125.00	7771.00
1126.00	7841.00
1127.00	7915.00
1128.00	7832.00
1129.00	7790.00
1130.00	8056.00
1131.00	7711.00
1132.00	7796.00
1133.00	7749.00
1134.00	7908.00
1135.00	7950.00
1136.00	7948.00
1137.00	7821.00
1138.00	8016.00
1139.00	7841.00
1140.00	7784.00
1141.00	7900.00
1142.00	7888.00
1143.00	7838.00
1144.00	7914.00
1145.00	7991.00
1146.00	7999.00
1147.00	7944.00
1148.00	7964.00
1149.00	8038.00
1150.00	7881.00
1151.00	8214.00
1152.00	8001.00
1153.00	8033.00
1154.00	7905.00
1155.00	8020.00
1156.00	7793.00
1157.00	7904.00
1158.00	7996.00
1159.00	7835.00
1160.00	7849.00
1161.00	7800.00
1162.00	7521.00
1163.00	7730.00
1164.00	7798.00
1165.00	7681.00
1166.00	7721.00
1167.00	7681.00
1168.00	7686.00
1169.00	7653.00
1170.00	7690.00
1171.00	7666.00
1172.00	7707.00
1173.00	7817.00
1174.00	7822.00
1175.00	7827.00
1176.00	7713.00
1177.00	7856.00
1178.00	7865.00
1179.00	7855.00
1180.00	7741.00
1181.00	7893.00
1182.00	7787.00
1183.00	7729.00
1184.00	7802.00
1185.00	7896.00
1186.00	7707.00
1187.00	7924.00
1188.00	7909.00
1189.00	7902.00
1190.00	7953.00
1191.00	7724.00
1192.00	7993.00
1193.00	8106.00
1194.00	7826.00
1195.00	7771.00
1196.00	7848.00
1197.00	7918.00
1198.00	7812.00
1199.00	7842.00
1200.00	7864.00
1201.00	7964.00
1202.00	8050.00
1203.00	7904.00
1204.00	8109.00
1205.00	8065.00
1206.00	8147.00
1207.00	7931.00
1208.00	8194.00
1209.00	8242.00
1210.00	8287.00
1211.00	8367.00
1212.00	8296.00
1213.00	8315.00
1214.00	8422.00
1215.00	8410.00
1216.00	8438.00
1217.00	8556.00
1218.00	8515.00
1219.00	8252.00
1220.00	8545.00
1221.00	8472.00
1222.00	8554.00
1223.00	8597.00
1224.00	8618.00
1225.00	8630.00
1226.00	8820.00
1227.00	8769.00
1228.00	8807.00
1229.00	8901.00
1230.00	8865.00
1231.00	9015.00
1232.00	8971.00
1233.00	9039.00
1234.00	9005.00
1235.00	9032.00
1236.00	9051.00
1237.00	8913.00
1238.00	8653.00
1239.00	8691.00
1240.00	8756.00
1241.00	8609.00
1242.00	8658.00
1243.00	8536.00
1244.00	8158.00
1245.00	8390.00
1246.00	8183.00
1247.00	8277.00
1248.00	8291.00
1249.00	8149.00
1250.00	7875.00
1251.00	8106.00
1252.00	8064.00
1253.00	7882.00
1254.00	8045.00
1255.00	8052.00
1256.00	8110.00
1257.00	7978.00
1258.00	7776.00
1259.00	7974.00
1260.00	7864.00
1261.00	7990.00
1262.00	7857.00
1263.00	7994.00
1264.00	7847.00
1265.00	8041.00
1266.00	8152.00
1267.00	7888.00
1268.00	7958.00
1269.00	8137.00
1270.00	7947.00
1271.00	7948.00
1272.00	8165.00
1273.00	8172.00
1274.00	8304.00
1275.00	8546.00
1276.00	8553.00
1277.00	8503.00
1278.00	8675.00
1279.00	8777.00
1280.00	8901.00
1281.00	9209.00
1282.00	9175.00
1283.00	9351.00
1284.00	9438.00
1285.00	9507.00
1286.00	9657.00
1287.00	9684.00
1288.00	9898.00
1289.00	9892.00
1290.00	9736.00
1291.00	9787.00
1292.00	10027.00
1293.00	9976.00
1294.00	9552.00
1295.00	9499.00
1296.00	9496.00
1297.00	9266.00
1298.00	9214.00
1299.00	9037.00
1300.00	9017.00
1301.00	8729.00
1302.00	8705.00
1303.00	8495.00
1304.00	8518.00
1305.00	8151.00
1306.00	8280.00
1307.00	8087.00
1308.00	7980.00
1309.00	7970.00
1310.00	8114.00
1311.00	7940.00
1312.00	7795.00
1313.00	7727.00
1314.00	7902.00
1315.00	7668.00
1316.00	7614.00
1317.00	7583.00
1318.00	7731.00
1319.00	7758.00
1320.00	7744.00
1321.00	7552.00
1322.00	7789.00
1323.00	7819.00
1324.00	7646.00
1325.00	7633.00
1326.00	7622.00
1327.00	7774.00
1328.00	7715.00
1329.00	7624.00
1330.00	7586.00
1331.00	7585.00
1332.00	7580.00
1333.00	7668.00
1334.00	7484.00
1335.00	7558.00
1336.00	7533.00
1337.00	7766.00
1338.00	7697.00
1339.00	7652.00
1340.00	7602.00
1341.00	7545.00
1342.00	7618.00
1343.00	7572.00
1344.00	7697.00
1345.00	7802.00
1346.00	7617.00
1347.00	7800.00
1348.00	7820.00
1349.00	7916.00
1350.00	7921.00
1351.00	7868.00
1352.00	8190.00
1353.00	8062.00
1354.00	8241.00
1355.00	8252.00
1356.00	8471.00
1357.00	8298.00
1358.00	8574.00
1359.00	8672.00
1360.00	8655.00
1361.00	8782.00
1362.00	9016.00
1363.00	8939.00
1364.00	8845.00
1365.00	8672.00
1366.00	8902.00
1367.00	8774.00
1368.00	8670.00
1369.00	8656.00
1370.00	8374.00
1371.00	8360.00
1372.00	8057.00
1373.00	8014.00
1374.00	8016.00
1375.00	7937.00
1376.00	7746.00
1377.00	7401.00
1378.00	7594.00
1379.00	7287.00
1380.00	7301.00
1381.00	7162.00
1382.00	7202.00
1383.00	7143.00
1384.00	7164.00
1385.00	6969.00
1386.00	6917.00
1387.00	6935.00
1388.00	6956.00
1389.00	6965.00
1390.00	6951.00
1391.00	7022.00
1392.00	6908.00
1393.00	6816.00
1394.00	6988.00
1395.00	6799.00
1396.00	6901.00
1397.00	6932.00
1398.00	6829.00
1399.00	6780.00
1400.00	6886.00
1401.00	6778.00
1402.00	6707.00
1403.00	6651.00
1404.00	6749.00
1405.00	6729.00
1406.00	6915.00
1407.00	6807.00
1408.00	6797.00
1409.00	6685.00
1410.00	6826.00
1411.00	6823.00
1412.00	6621.00
1413.00	6632.00
1414.00	6750.00
1415.00	6663.00
1416.00	6713.00
1417.00	6743.00
1418.00	6691.00
1419.00	6719.00
1420.00	6758.00
1421.00	6745.00
1422.00	6715.00
1423.00	6792.00
1424.00	6893.00
1425.00	6867.00
1426.00	6861.00
1427.00	6806.00
1428.00	6919.00
1429.00	6845.00
1430.00	6874.00
1431.00	6981.00
1432.00	6928.00
1433.00	6950.00
1434.00	7235.00
1435.00	7201.00
1436.00	7227.00
1437.00	7291.00
1438.00	7319.00
1439.00	7278.00
1440.00	7256.00
1441.00	7390.00
1442.00	7151.00
1443.00	7406.00
1444.00	7193.00
1445.00	7264.00
1446.00	7123.00
1447.00	7196.00
1448.00	7139.00
1449.00	7090.00
1450.00	6923.00
1451.00	6814.00
1452.00	6818.00
1453.00	6803.00
1454.00	6861.00
1455.00	6701.00
1456.00	6655.00
1457.00	6869.00
1458.00	6660.00
1459.00	6728.00
1460.00	6476.00
1461.00	6519.00
1462.00	6642.00
1463.00	6529.00
1464.00	6390.00
1465.00	6481.00
1466.00	6569.00
1467.00	6388.00
1468.00	6287.00
1469.00	6395.00
1470.00	6424.00
1471.00	6431.00
1472.00	6468.00
1473.00	6352.00
1474.00	6461.00
1475.00	6395.00
1476.00	6349.00
1477.00	6230.00
1478.00	6472.00
1479.00	6433.00
1480.00	6284.00
1481.00	6366.00
1482.00	6357.00
1483.00	6325.00
1484.00	6383.00
1485.00	6373.00
1486.00	6349.00
1487.00	6249.00
1488.00	6476.00
1489.00	6412.00
1490.00	6332.00
1491.00	6418.00
1492.00	6373.00
1493.00	6308.00
1494.00	6483.00
1495.00	6389.00
1496.00	6453.00
1497.00	6407.00
1498.00	6388.00
1499.00	6401.00
1500.00	6486.00
1501.00	6570.00
1502.00	6757.00
1503.00	6819.00
1504.00	6782.00
1505.00	6731.00
1506.00	6765.00
1507.00	6939.00
1508.00	6938.00
1509.00	7011.00
1510.00	7169.00
1511.00	7314.00
1512.00	7206.00
1513.00	7385.00
1514.00	7274.00
1515.00	7288.00
1516.00	7637.00
1517.00	7541.00
1518.00	7449.00
1519.00	7551.00
1520.00	7613.00
1521.00	7597.00
1522.00	7705.00
1523.00	7568.00
1524.00	7667.00
1525.00	7499.00
1526.00	7577.00
1527.00	7379.00
1528.00	7473.00
1529.00	7411.00
1530.00	7190.00
1531.00	7295.00
1532.00	7271.00
1533.00	7155.00
1534.00	6938.00
1535.00	7037.00
1536.00	7062.00
1537.00	7026.00
1538.00	6930.00
1539.00	6901.00
1540.00	6918.00
1541.00	7079.00
1542.00	6854.00
1543.00	7059.00
1544.00	7104.00
1545.00	6906.00
1546.00	7238.00
1547.00	7235.00
1548.00	7066.00
1549.00	7452.00
1550.00	7353.00
1551.00	7311.00
1552.00	7473.00
1553.00	7528.00
1554.00	7683.00
1555.00	7744.00
1556.00	7770.00
1557.00	7915.00
1558.00	8056.00
1559.00	8218.00
1560.00	8118.00
1561.00	8399.00
1562.00	8495.00
1563.00	8736.00
1564.00	8860.00
1565.00	8994.00
1566.00	8927.00
1567.00	9147.00
1568.00	9301.00
1569.00	9543.00
1570.00	9702.00
1571.00	9655.00
1572.00	9855.00
1573.00	10136.00
1574.00	10302.00
1575.00	10172.00
1576.00	10409.00
1577.00	10425.00
1578.00	10645.00
1579.00	10679.00
1580.00	10918.00
1581.00	10808.00
1582.00	11031.00
1583.00	10985.00
1584.00	11024.00
1585.00	11021.00
1586.00	11271.00
1587.00	11261.00
1588.00	11061.00
1589.00	11075.00
1590.00	11103.00
1591.00	11206.00
1592.00	11284.00
1593.00	11109.00
1594.00	11248.00
1595.00	11070.00
1596.00	10864.00
1597.00	11029.00
1598.00	10859.00
1599.00	10484.00
1600.00	10617.00
1601.00	10446.00
1602.00	10362.00
1603.00	9937.00
1604.00	10092.00
1605.00	10152.00
1606.00	9659.00
1607.00	9716.00
1608.00	9347.00
1609.00	9313.00
1610.00	9159.00
1611.00	8921.00
1612.00	8860.00
1613.00	8648.00
1614.00	8551.00
1615.00	8263.00
1616.00	8225.00
1617.00	8163.00
1618.00	7887.00
1619.00	7666.00
1620.00	7537.00
1621.00	7578.00
1622.00	7318.00
1623.00	7252.00
1624.00	6996.00
1625.00	7044.00
1626.00	6945.00
1627.00	6756.00
1628.00	6759.00
1629.00	6513.00
1630.00	6426.00
1631.00	6428.00
1632.00	6291.00
1633.00	6165.00
1634.00	6063.00
1635.00	6056.00
1636.00	6085.00
1637.00	6074.00
1638.00	5827.00
1639.00	5810.00
1640.00	5639.00
1641.00	5768.00
1642.00	5482.00
1643.00	5518.00
1644.00	5493.00
1645.00	5583.00
1646.00	5422.00
1647.00	5427.00
1648.00	5381.00
1649.00	5396.00
1650.00	5334.00
1651.00	5329.00
1652.00	5314.00
1653.00	5353.00
1654.00	5186.00
1655.00	5256.00
1656.00	5326.00
1657.00	5374.00
1658.00	5430.00
1659.00	5474.00
1660.00	5549.00
1661.00	5411.00
1662.00	5868.00
1663.00	5753.00
1664.00	5871.00
1665.00	6218.00
1666.00	6372.00
1667.00	6444.00
1668.00	6735.00
1669.00	7092.00
1670.00	7324.00
1671.00	7525.00
1672.00	7878.00
1673.00	7932.00
1674.00	8257.00
1675.00	8565.00
1676.00	8816.00
1677.00	9132.00
1678.00	9260.00
1679.00	9308.00
1680.00	9378.00
1681.00	9428.00
1682.00	9338.00
1683.00	9512.00
1684.00	9482.00
1685.00	9319.00
1686.00	9111.00
1687.00	8895.00
1688.00	8839.00
1689.00	8578.00
1690.00	8321.00
1691.00	7876.00
1692.00	7623.00
1693.00	7270.00
1694.00	7046.00
1695.00	6613.00
1696.00	6296.00
1697.00	6109.00
1698.00	5782.00
1699.00	5693.00
1700.00	5350.00
1701.00	5170.00
1702.00	4936.00
1703.00	4839.00
1704.00	4759.00
1705.00	4599.00
1706.00	4519.00
1707.00	4376.00
1708.00	4291.00
1709.00	4414.00
1710.00	4303.00
1711.00	4191.00
1712.00	4192.00
1713.00	4103.00
1714.00	4188.00
1715.00	4185.00
1716.00	4095.00
1717.00	4051.00
1718.00	4088.00
1719.00	4039.00
1720.00	4045.00
1721.00	4068.00
1722.00	4077.00
1723.00	3999.00
1724.00	4082.00
1725.00	3950.00
1726.00	4017.00
1727.00	4071.00
1728.00	4012.00
1729.00	3988.00
1730.00	4108.00
1731.00	4020.00
1732.00	4005.00
1733.00	3959.00
1734.00	3856.00
1735.00	3970.00
1736.00	4032.00
1737.00	4096.00
1738.00	4069.00
1739.00	3974.00
1740.00	4062.00
1741.00	4057.00
1742.00	4045.00
1743.00	4004.00
1744.00	4047.00
1745.00	4166.00
1746.00	3996.00
1747.00	4045.00
1748.00	4150.00
1749.00	4026.00
1750.00	4146.00
1751.00	4135.00
1752.00	4120.00
1753.00	4223.00
1754.00	4084.00
1755.00	4200.00
1756.00	4066.00
1757.00	4100.00
1758.00	4248.00
1759.00	4107.00
1760.00	4168.00
1761.00	4236.00
1762.00	4265.00
1763.00	4275.00
1764.00	4227.00
1765.00	4206.00
1766.00	4151.00
1767.00	4202.00
1768.00	4174.00
1769.00	4208.00
1770.00	4195.00
1771.00	4244.00
1772.00	4174.00
1773.00	4147.00
1774.00	4137.00
1775.00	4095.00
1776.00	4155.00
1777.00	3961.00
1778.00	4168.00
1779.00	4065.00
1780.00	4092.00
1781.00	3954.00
1782.00	4074.00
1783.00	3956.00
1784.00	3917.00
1785.00	3955.00
1786.00	3948.00
1787.00	3876.00
1788.00	3882.00
1789.00	3671.00
1790.00	3691.00
1791.00	3750.00
1792.00	3718.00
1793.00	3692.00
1794.00	3661.00
1795.00	3527.00
1796.00	3490.00
1797.00	3654.00
1798.00	3462.00
1799.00	3439.00
1800.00	3374.00
1801.00	3471.00
1802.00	3486.00
1803.00	3290.00
1804.00	3296.00
1805.00	3287.00
1806.00	3189.00
1807.00	3227.00
1808.00	3225.00
1809.00	3145.00
1810.00	3070.00
1811.00	3111.00
1812.00	2952.00
1813.00	3003.00
1814.00	2923.00
1815.00	2968.00
1816.00	2966.00
1817.00	2847.00
1818.00	2866.00
1819.00	2878.00
1820.00	2805.00
1821.00	2703.00
1822.00	2780.00
1823.00	2720.00
1824.00	2655.00
1825.00	2634.00
1826.00	2641.00
1827.00	2621.00
1828.00	2568.00
1829.00	2582.00
1830.00	2537.00
1831.00	2528.00
1832.00	2495.00
1833.00	2485.00
1834.00	2526.00
1835.00	2442.00
1836.00	2464.00
1837.00	2302.00
1838.00	2397.00
1839.00	2302.00
1840.00	2334.00
1841.00	2385.00
1842.00	2269.00
1843.00	2384.00
1844.00	2281.00
1845.00	2233.00
1846.00	2267.00
1847.00	2186.00
1848.00	2210.00
1849.00	2175.00
1850.00	2225.00
1851.00	2261.00
1852.00	2244.00
1853.00	2204.00
1854.00	2181.00
1855.00	2138.00
1856.00	2102.00
1857.00	2183.00
1858.00	2080.00
1859.00	2149.00
1860.00	2257.00
1861.00	2177.00
1862.00	2049.00
1863.00	2143.00
1864.00	2026.00
1865.00	2127.00
1866.00	2086.00
1867.00	2002.00
1868.00	2060.00
1869.00	2109.00
1870.00	2058.00
1871.00	2068.00
1872.00	2198.00
1873.00	2188.00
1874.00	2103.00
1875.00	2194.00
1876.00	2161.00
1877.00	2184.00
1878.00	2175.00
1879.00	2228.00
1880.00	2211.00
1881.00	2311.00
1882.00	2327.00
1883.00	2450.00
1884.00	2466.00
1885.00	2435.00
1886.00	2336.00
1887.00	2431.00
1888.00	2487.00
1889.00	2481.00
1890.00	2364.00
1891.00	2486.00
1892.00	2483.00
1893.00	2421.00
1894.00	2436.00
1895.00	2319.00
1896.00	2282.00
1897.00	2230.00
1898.00	2208.00
1899.00	2161.00
1900.00	2215.00
1901.00	2038.00
1902.00	2043.00
1903.00	1981.00
1904.00	1892.00
1905.00	1888.00
1906.00	1869.00
1907.00	1799.00
1908.00	1841.00
1909.00	1853.00
1910.00	1809.00
1911.00	1804.00
1912.00	1740.00
1913.00	1709.00
1914.00	1716.00
1915.00	1753.00
1916.00	1712.00
1917.00	1728.00
1918.00	1668.00
1919.00	1703.00
1920.00	1572.00
1921.00	1635.00
1922.00	1593.00
1923.00	1654.00
1924.00	1674.00
1925.00	1674.00
1926.00	1606.00
1927.00	1597.00
1928.00	1536.00
1929.00	1549.00
1930.00	1475.00
1931.00	1583.00
1932.00	1529.00
1933.00	1441.00
1934.00	1526.00
1935.00	1440.00
1936.00	1480.00
1937.00	1448.00
1938.00	1419.00
1939.00	1427.00
1940.00	1369.00
1941.00	1394.00
1942.00	1383.00
1943.00	1355.00
1944.00	1334.00
1945.00	1398.00
1946.00	1378.00
1947.00	1279.00
1948.00	1326.00
1949.00	1262.00
1950.00	1377.00
1951.00	1299.00
1952.00	1310.00
1953.00	1304.00
1954.00	1305.00
1955.00	1275.00
1956.00	1268.00
1957.00	1293.00
1958.00	1272.00
1959.00	1286.00
1960.00	1208.00
1961.00	1269.00
1962.00	1170.00
1963.00	1273.00
1964.00	1262.00
1965.00	1186.00
1966.00	1190.00
1967.00	1218.00
1968.00	1261.00
1969.00	1263.00
1970.00	1210.00
1971.00	1210.00
1972.00	1248.00
1973.00	1204.00
1974.00	1170.00
1975.00	1189.00
1976.00	1173.00
1977.00	1169.00
1978.00	1164.00
1979.00	1193.00
1980.00	1108.00
1981.00	1101.00
1982.00	1153.00
1983.00	1143.00
1984.00	1238.00
1985.00	1095.00
1986.00	1129.00
1987.00	1076.00
1988.00	1060.00
1989.00	1096.00
1990.00	1095.00
1991.00	1075.00
1992.00	1028.00
1993.00	1088.00
1994.00	1061.00
1995.00	1067.00
1996.00	1091.00
1997.00	1017.00
1998.00	1059.00
1999.00	995.00
2000.00	1059.00
2001.00	1005.00
2002.00	1022.00
2003.00	1019.00
2004.00	943.00
2005.00	1018.00
2006.00	1015.00
2007.00	995.00
2008.00	991.00
2009.00	952.00
2010.00	963.00
2011.00	971.00
2012.00	942.00
2013.00	950.00
2014.00	930.00
2015.00	999.00
2016.00	927.00
2017.00	942.00
2018.00	934.00
2019.00	949.00
2020.00	904.00
2021.00	903.00
2022.00	892.00
2023.00	884.00
2024.00	883.00
2025.00	883.00
2026.00	866.00
2027.00	885.00
2028.00	874.00
2029.00	875.00
2030.00	902.00
2031.00	844.00
2032.00	849.00
2033.00	880.00
2034.00	800.00
2035.00	866.00
2036.00	817.00
2037.00	779.00
2038.00	795.00
2039.00	857.00
2040.00	774.00
2041.00	810.00
2042.00	812.00
2043.00	742.00
2044.00	765.00
2045.00	716.00
2046.00	758.00
2047.00	781.00
2048.00	 0.00
