Date:	2023-09-18		
Time:	21:50		
Sample name:	Pellets		
Position:	1520.600011	mm	
Sample surface:	6.020291	cm	
Tube anode:	Mo		
Tube voltage:	30	kV	
Tube current:	50	mA	
Comments	not in position		
Gain	5.810000		
peaking_time	0.300000	m-sec	
trigger_threshold	30.000000	V	
mca_bin_width	2.000000	no:	
number_mca_channels	2048.000000	no:	
gap_time	0.100000	m-sec	
trigger_peaking_time	0.050000	m-sec	
livetime	17.106980	seconds	
runtime	20.000142	seconds	
input_count_rate	123708.860642	cps	
output_count_rate	105813.498724	cps	
triggers	2380384.000000	seconds	
events_in_run	2105540.000000	seconds	
channel	content		
 1.00	 0.00
 2.00	 0.00
 3.00	 0.00
 4.00	 0.00
 5.00	 0.00
 6.00	 0.00
 7.00	 0.00
 8.00	 0.00
 9.00	 0.00
10.00	 0.00
11.00	 0.00
12.00	 0.00
13.00	 0.00
14.00	 0.00
15.00	 0.00
16.00	 0.00
17.00	 0.00
18.00	 0.00
19.00	 0.00
20.00	 0.00
21.00	 0.00
22.00	 0.00
23.00	 0.00
24.00	 0.00
25.00	 0.00
26.00	 0.00
27.00	 0.00
28.00	 0.00
29.00	 0.00
30.00	 0.00
31.00	 0.00
32.00	 2.00
33.00	 3.00
34.00	 5.00
35.00	 9.00
36.00	15.00
37.00	18.00
38.00	19.00
39.00	34.00
40.00	60.00
41.00	63.00
42.00	70.00
43.00	84.00
44.00	116.00
45.00	138.00
46.00	143.00
47.00	169.00
48.00	211.00
49.00	227.00
50.00	240.00
51.00	254.00
52.00	273.00
53.00	304.00
54.00	311.00
55.00	323.00
56.00	317.00
57.00	356.00
58.00	354.00
59.00	354.00
60.00	362.00
61.00	348.00
62.00	337.00
63.00	387.00
64.00	350.00
65.00	368.00
66.00	416.00
67.00	395.00
68.00	399.00
69.00	421.00
70.00	417.00
71.00	362.00
72.00	381.00
73.00	376.00
74.00	401.00
75.00	412.00
76.00	374.00
77.00	369.00
78.00	377.00
79.00	365.00
80.00	394.00
81.00	360.00
82.00	348.00
83.00	379.00
84.00	368.00
85.00	378.00
86.00	367.00
87.00	340.00
88.00	341.00
89.00	339.00
90.00	346.00
91.00	376.00
92.00	359.00
93.00	353.00
94.00	339.00
95.00	320.00
96.00	311.00
97.00	332.00
98.00	355.00
99.00	313.00
100.00	354.00
101.00	314.00
102.00	348.00
103.00	329.00
104.00	299.00
105.00	305.00
106.00	315.00
107.00	298.00
108.00	276.00
109.00	299.00
110.00	292.00
111.00	282.00
112.00	279.00
113.00	262.00
114.00	301.00
115.00	265.00
116.00	297.00
117.00	290.00
118.00	268.00
119.00	284.00
120.00	309.00
121.00	258.00
122.00	261.00
123.00	259.00
124.00	246.00
125.00	235.00
126.00	240.00
127.00	233.00
128.00	220.00
129.00	234.00
130.00	227.00
131.00	219.00
132.00	204.00
133.00	204.00
134.00	229.00
135.00	213.00
136.00	239.00
137.00	272.00
138.00	373.00
139.00	419.00
140.00	510.00
141.00	674.00
142.00	767.00
143.00	910.00
144.00	967.00
145.00	1016.00
146.00	945.00
147.00	860.00
148.00	801.00
149.00	733.00
150.00	615.00
151.00	563.00
152.00	516.00
153.00	485.00
154.00	427.00
155.00	384.00
156.00	352.00
157.00	374.00
158.00	417.00
159.00	564.00
160.00	844.00
161.00	1374.00
162.00	2261.00
163.00	3646.00
164.00	5564.00
165.00	7807.00
166.00	10061.00
167.00	12176.00
168.00	13744.00
169.00	14207.00
170.00	13969.00
171.00	12270.00
172.00	10212.00
173.00	8065.00
174.00	6035.00
175.00	4186.00
176.00	2897.00
177.00	2099.00
178.00	1538.00
179.00	1194.00
180.00	935.00
181.00	716.00
182.00	649.00
183.00	525.00
184.00	453.00
185.00	385.00
186.00	377.00
187.00	344.00
188.00	382.00
189.00	413.00
190.00	394.00
191.00	382.00
192.00	398.00
193.00	357.00
194.00	397.00
195.00	331.00
196.00	362.00
197.00	296.00
198.00	254.00
199.00	236.00
200.00	234.00
201.00	206.00
202.00	238.00
203.00	213.00
204.00	206.00
205.00	164.00
206.00	168.00
207.00	186.00
208.00	191.00
209.00	157.00
210.00	155.00
211.00	178.00
212.00	186.00
213.00	182.00
214.00	206.00
215.00	202.00
216.00	184.00
217.00	216.00
218.00	251.00
219.00	293.00
220.00	305.00
221.00	331.00
222.00	403.00
223.00	367.00
224.00	371.00
225.00	353.00
226.00	334.00
227.00	341.00
228.00	265.00
229.00	273.00
230.00	231.00
231.00	227.00
232.00	189.00
233.00	198.00
234.00	208.00
235.00	181.00
236.00	184.00
237.00	192.00
238.00	179.00
239.00	207.00
240.00	160.00
241.00	184.00
242.00	165.00
243.00	168.00
244.00	171.00
245.00	165.00
246.00	166.00
247.00	177.00
248.00	154.00
249.00	193.00
250.00	160.00
251.00	173.00
252.00	187.00
253.00	213.00
254.00	185.00
255.00	197.00
256.00	191.00
257.00	188.00
258.00	228.00
259.00	194.00
260.00	196.00
261.00	186.00
262.00	216.00
263.00	221.00
264.00	235.00
265.00	237.00
266.00	283.00
267.00	263.00
268.00	290.00
269.00	275.00
270.00	273.00
271.00	273.00
272.00	241.00
273.00	212.00
274.00	208.00
275.00	226.00
276.00	253.00
277.00	303.00
278.00	423.00
279.00	549.00
280.00	695.00
281.00	924.00
282.00	1202.00
283.00	1547.00
284.00	1705.00
285.00	1929.00
286.00	2154.00
287.00	2230.00
288.00	2083.00
289.00	1937.00
290.00	1690.00
291.00	1344.00
292.00	1111.00
293.00	867.00
294.00	607.00
295.00	490.00
296.00	338.00
297.00	268.00
298.00	216.00
299.00	234.00
300.00	197.00
301.00	242.00
302.00	261.00
303.00	281.00
304.00	319.00
305.00	353.00
306.00	440.00
307.00	501.00
308.00	640.00
309.00	855.00
310.00	1058.00
311.00	1529.00
312.00	2171.00
313.00	3182.00
314.00	4464.00
315.00	6158.00
316.00	8139.00
317.00	10166.00
318.00	12199.00
319.00	13991.00
320.00	15286.00
321.00	15635.00
322.00	15558.00
323.00	14312.00
324.00	12881.00
325.00	10844.00
326.00	8613.00
327.00	6628.00
328.00	4802.00
329.00	3288.00
330.00	2354.00
331.00	1441.00
332.00	990.00
333.00	599.00
334.00	420.00
335.00	394.00
336.00	394.00
337.00	392.00
338.00	519.00
339.00	604.00
340.00	767.00
341.00	982.00
342.00	1285.00
343.00	1573.00
344.00	2022.00
345.00	2445.00
346.00	2887.00
347.00	3484.00
348.00	4177.00
349.00	5057.00
350.00	6031.00
351.00	7314.00
352.00	8611.00
353.00	10577.00
354.00	12222.00
355.00	13248.00
356.00	14592.00
357.00	15050.00
358.00	14941.00
359.00	14221.00
360.00	12909.00
361.00	11032.00
362.00	9080.00
363.00	7391.00
364.00	5549.00
365.00	3975.00
366.00	2774.00
367.00	1923.00
368.00	1198.00
369.00	828.00
370.00	631.00
371.00	432.00
372.00	334.00
373.00	317.00
374.00	290.00
375.00	321.00
376.00	342.00
377.00	367.00
378.00	472.00
379.00	596.00
380.00	697.00
381.00	897.00
382.00	1095.00
383.00	1372.00
384.00	1565.00
385.00	1904.00
386.00	2106.00
387.00	2307.00
388.00	2381.00
389.00	2417.00
390.00	2409.00
391.00	2193.00
392.00	1878.00
393.00	1748.00
394.00	1475.00
395.00	1192.00
396.00	971.00
397.00	790.00
398.00	671.00
399.00	553.00
400.00	542.00
401.00	431.00
402.00	394.00
403.00	369.00
404.00	354.00
405.00	310.00
406.00	343.00
407.00	304.00
408.00	305.00
409.00	264.00
410.00	326.00
411.00	288.00
412.00	317.00
413.00	327.00
414.00	327.00
415.00	371.00
416.00	370.00
417.00	406.00
418.00	432.00
419.00	471.00
420.00	510.00
421.00	621.00
422.00	748.00
423.00	1027.00
424.00	1327.00
425.00	1804.00
426.00	2522.00
427.00	3399.00
428.00	4605.00
429.00	5937.00
430.00	7678.00
431.00	9612.00
432.00	11273.00
433.00	13212.00
434.00	14656.00
435.00	15621.00
436.00	16102.00
437.00	15946.00
438.00	15127.00
439.00	13832.00
440.00	12326.00
441.00	10474.00
442.00	8687.00
443.00	7129.00
444.00	5759.00
445.00	4812.00
446.00	4030.00
447.00	3476.00
448.00	3113.00
449.00	2831.00
450.00	2669.00
451.00	2542.00
452.00	2302.00
453.00	2207.00
454.00	1876.00
455.00	1726.00
456.00	1583.00
457.00	1344.00
458.00	1289.00
459.00	1152.00
460.00	1190.00
461.00	1237.00
462.00	1338.00
463.00	1357.00
464.00	1444.00
465.00	1727.00
466.00	1791.00
467.00	2004.00
468.00	2240.00
469.00	2448.00
470.00	2717.00
471.00	3160.00
472.00	3233.00
473.00	3635.00
474.00	3973.00
475.00	3942.00
476.00	4229.00
477.00	4219.00
478.00	4165.00
479.00	4016.00
480.00	3716.00
481.00	3431.00
482.00	3088.00
483.00	2623.00
484.00	2252.00
485.00	1862.00
486.00	1564.00
487.00	1362.00
488.00	1207.00
489.00	1026.00
490.00	976.00
491.00	945.00
492.00	897.00
493.00	927.00
494.00	905.00
495.00	947.00
496.00	945.00
497.00	1061.00
498.00	1044.00
499.00	1071.00
500.00	1135.00
501.00	1150.00
502.00	1186.00
503.00	1327.00
504.00	1207.00
505.00	1321.00
506.00	1322.00
507.00	1348.00
508.00	1418.00
509.00	1421.00
510.00	1526.00
511.00	1541.00
512.00	1664.00
513.00	1712.00
514.00	1721.00
515.00	1916.00
516.00	1896.00
517.00	2161.00
518.00	2321.00
519.00	2430.00
520.00	2569.00
521.00	2766.00
522.00	2863.00
523.00	3020.00
524.00	2846.00
525.00	2744.00
526.00	2768.00
527.00	2526.00
528.00	2446.00
529.00	2320.00
530.00	2105.00
531.00	2074.00
532.00	2094.00
533.00	1880.00
534.00	1906.00
535.00	1791.00
536.00	1822.00
537.00	1813.00
538.00	1872.00
539.00	1841.00
540.00	1923.00
541.00	1897.00
542.00	1897.00
543.00	1980.00
544.00	1903.00
545.00	1980.00
546.00	2025.00
547.00	1956.00
548.00	1997.00
549.00	2041.00
550.00	1975.00
551.00	2098.00
552.00	2043.00
553.00	2132.00
554.00	2424.00
555.00	2474.00
556.00	2931.00
557.00	3506.00
558.00	4288.00
559.00	5384.00
560.00	6738.00
561.00	8453.00
562.00	10285.00
563.00	12849.00
564.00	15278.00
565.00	17591.00
566.00	20306.00
567.00	22217.00
568.00	23735.00
569.00	24850.00
570.00	25387.00
571.00	24730.00
572.00	23615.00
573.00	21633.00
574.00	19534.00
575.00	16847.00
576.00	14155.00
577.00	11913.00
578.00	9493.00
579.00	7703.00
580.00	6180.00
581.00	4881.00
582.00	3901.00
583.00	3285.00
584.00	2804.00
585.00	2596.00
586.00	2481.00
587.00	2362.00
588.00	2380.00
589.00	2463.00
590.00	2509.00
591.00	2583.00
592.00	2692.00
593.00	2972.00
594.00	3022.00
595.00	3306.00
596.00	3644.00
597.00	4118.00
598.00	4733.00
599.00	5754.00
600.00	7139.00
601.00	9485.00
602.00	13212.00
603.00	18500.00
604.00	25881.00
605.00	37075.00
606.00	52146.00
607.00	72378.00
608.00	98862.00
609.00	131075.00
610.00	169205.00
611.00	213807.00
612.00	263132.00
613.00	311179.00
614.00	362386.00
615.00	406482.00
616.00	444448.00
617.00	470740.00
618.00	482614.00
619.00	481101.00
620.00	467143.00
621.00	437423.00
622.00	398084.00
623.00	351117.00
624.00	302153.00
625.00	251933.00
626.00	202995.00
627.00	160242.00
628.00	123144.00
629.00	92083.00
630.00	67084.00
631.00	48279.00
632.00	34397.00
633.00	23839.00
634.00	16821.00
635.00	11961.00
636.00	8817.00
637.00	6660.00
638.00	5482.00
639.00	4726.00
640.00	4125.00
641.00	3770.00
642.00	3581.00
643.00	3596.00
644.00	3497.00
645.00	3445.00
646.00	3489.00
647.00	3549.00
648.00	3494.00
649.00	3547.00
650.00	3598.00
651.00	3729.00
652.00	3808.00
653.00	3909.00
654.00	3973.00
655.00	4060.00
656.00	4212.00
657.00	4270.00
658.00	4590.00
659.00	4758.00
660.00	4962.00
661.00	5354.00
662.00	5534.00
663.00	6102.00
664.00	6805.00
665.00	7497.00
666.00	8663.00
667.00	10227.00
668.00	12140.00
669.00	14940.00
670.00	18238.00
671.00	22246.00
672.00	27303.00
673.00	33290.00
674.00	39609.00
675.00	46919.00
676.00	53412.00
677.00	61062.00
678.00	67204.00
679.00	72329.00
680.00	76247.00
681.00	78203.00
682.00	77881.00
683.00	75926.00
684.00	71808.00
685.00	66010.00
686.00	59879.00
687.00	52534.00
688.00	45104.00
689.00	37389.00
690.00	30776.00
691.00	24642.00
692.00	19420.00
693.00	15169.00
694.00	11904.00
695.00	9083.00
696.00	7311.00
697.00	5840.00
698.00	4996.00
699.00	4317.00
700.00	3794.00
701.00	3757.00
702.00	3470.00
703.00	3456.00
704.00	3415.00
705.00	3437.00
706.00	3580.00
707.00	3600.00
708.00	3546.00
709.00	3879.00
710.00	3679.00
711.00	3929.00
712.00	4030.00
713.00	4214.00
714.00	4550.00
715.00	4767.00
716.00	4931.00
717.00	5108.00
718.00	5361.00
719.00	5559.00
720.00	5628.00
721.00	5688.00
722.00	5602.00
723.00	5611.00
724.00	5456.00
725.00	5227.00
726.00	5189.00
727.00	4954.00
728.00	4644.00
729.00	4399.00
730.00	4276.00
731.00	4098.00
732.00	3886.00
733.00	3775.00
734.00	3707.00
735.00	3557.00
736.00	3508.00
737.00	3404.00
738.00	3378.00
739.00	3353.00
740.00	3235.00
741.00	3318.00
742.00	3235.00
743.00	3321.00
744.00	3281.00
745.00	3293.00
746.00	3210.00
747.00	3192.00
748.00	3196.00
749.00	3309.00
750.00	3176.00
751.00	3236.00
752.00	3246.00
753.00	3322.00
754.00	3254.00
755.00	3290.00
756.00	3418.00
757.00	3369.00
758.00	3440.00
759.00	3533.00
760.00	3512.00
761.00	3632.00
762.00	3650.00
763.00	3795.00
764.00	3846.00
765.00	4033.00
766.00	4164.00
767.00	4394.00
768.00	4510.00
769.00	4618.00
770.00	4945.00
771.00	5093.00
772.00	5261.00
773.00	5429.00
774.00	5648.00
775.00	5790.00
776.00	5854.00
777.00	5801.00
778.00	5938.00
779.00	5970.00
780.00	5950.00
781.00	5781.00
782.00	5887.00
783.00	5709.00
784.00	5694.00
785.00	5665.00
786.00	5672.00
787.00	5687.00
788.00	5524.00
789.00	5517.00
790.00	5498.00
791.00	5479.00
792.00	5449.00
793.00	5570.00
794.00	5567.00
795.00	5617.00
796.00	5768.00
797.00	5821.00
798.00	5902.00
799.00	5866.00
800.00	5809.00
801.00	5835.00
802.00	5883.00
803.00	5945.00
804.00	5779.00
805.00	5719.00
806.00	5871.00
807.00	5906.00
808.00	5776.00
809.00	5880.00
810.00	6032.00
811.00	5781.00
812.00	5777.00
813.00	5709.00
814.00	5751.00
815.00	5861.00
816.00	5816.00
817.00	5735.00
818.00	5785.00
819.00	5922.00
820.00	6278.00
821.00	6534.00
822.00	6739.00
823.00	7036.00
824.00	7447.00
825.00	7847.00
826.00	8294.00
827.00	8857.00
828.00	9521.00
829.00	9990.00
830.00	10215.00
831.00	10601.00
832.00	11002.00
833.00	11091.00
834.00	11074.00
835.00	10933.00
836.00	10804.00
837.00	10107.00
838.00	9772.00
839.00	9399.00
840.00	8788.00
841.00	8402.00
842.00	7975.00
843.00	7494.00
844.00	6967.00
845.00	6536.00
846.00	6370.00
847.00	6332.00
848.00	6103.00
849.00	6005.00
850.00	5846.00
851.00	5823.00
852.00	5762.00
853.00	5964.00
854.00	5943.00
855.00	5753.00
856.00	5808.00
857.00	5837.00
858.00	5912.00
859.00	5990.00
860.00	5963.00
861.00	5982.00
862.00	6003.00
863.00	5975.00
864.00	5935.00
865.00	5869.00
866.00	6021.00
867.00	6023.00
868.00	5973.00
869.00	6045.00
870.00	6045.00
871.00	6035.00
872.00	6060.00
873.00	6237.00
874.00	6047.00
875.00	6145.00
876.00	6207.00
877.00	6195.00
878.00	6358.00
879.00	6380.00
880.00	6284.00
881.00	6626.00
882.00	6610.00
883.00	6787.00
884.00	6606.00
885.00	6672.00
886.00	6742.00
887.00	6942.00
888.00	6856.00
889.00	6944.00
890.00	6993.00
891.00	6939.00
892.00	7036.00
893.00	7160.00
894.00	7153.00
895.00	7180.00
896.00	7160.00
897.00	7140.00
898.00	7141.00
899.00	7153.00
900.00	7132.00
901.00	7021.00
902.00	7203.00
903.00	7162.00
904.00	7242.00
905.00	7016.00
906.00	6983.00
907.00	7208.00
908.00	7081.00
909.00	7338.00
910.00	7143.00
911.00	7384.00
912.00	7404.00
913.00	7469.00
914.00	7506.00
915.00	7522.00
916.00	7675.00
917.00	7892.00
918.00	7835.00
919.00	8096.00
920.00	8083.00
921.00	8311.00
922.00	8174.00
923.00	8129.00
924.00	8254.00
925.00	8396.00
926.00	8261.00
927.00	8146.00
928.00	8103.00
929.00	8158.00
930.00	7929.00
931.00	7927.00
932.00	7869.00
933.00	7826.00
934.00	7784.00
935.00	7658.00
936.00	7670.00
937.00	7522.00
938.00	7710.00
939.00	7407.00
940.00	7312.00
941.00	7483.00
942.00	7300.00
943.00	7327.00
944.00	7429.00
945.00	7460.00
946.00	7266.00
947.00	7277.00
948.00	7271.00
949.00	7355.00
950.00	7457.00
951.00	7270.00
952.00	7286.00
953.00	7388.00
954.00	7329.00
955.00	7123.00
956.00	7529.00
957.00	7358.00
958.00	7462.00
959.00	7406.00
960.00	7456.00
961.00	7458.00
962.00	7430.00
963.00	7403.00
964.00	7348.00
965.00	7337.00
966.00	7491.00
967.00	7400.00
968.00	7463.00
969.00	7314.00
970.00	7426.00
971.00	7387.00
972.00	7361.00
973.00	7393.00
974.00	7473.00
975.00	7359.00
976.00	7591.00
977.00	7459.00
978.00	7403.00
979.00	7400.00
980.00	7488.00
981.00	7437.00
982.00	7449.00
983.00	7421.00
984.00	7643.00
985.00	7540.00
986.00	7546.00
987.00	7545.00
988.00	7462.00
989.00	7526.00
990.00	7610.00
991.00	7755.00
992.00	7630.00
993.00	7502.00
994.00	7762.00
995.00	7537.00
996.00	7712.00
997.00	7590.00
998.00	7597.00
999.00	7643.00
1000.00	7688.00
1001.00	7597.00
1002.00	7660.00
1003.00	7734.00
1004.00	7766.00
1005.00	7768.00
1006.00	7961.00
1007.00	7968.00
1008.00	8060.00
1009.00	8162.00
1010.00	8179.00
1011.00	8350.00
1012.00	8312.00
1013.00	8498.00
1014.00	8483.00
1015.00	8593.00
1016.00	8441.00
1017.00	8579.00
1018.00	8524.00
1019.00	8391.00
1020.00	8505.00
1021.00	8446.00
1022.00	8242.00
1023.00	8202.00
1024.00	8231.00
1025.00	8122.00
1026.00	7995.00
1027.00	7907.00
1028.00	7802.00
1029.00	7786.00
1030.00	7604.00
1031.00	7642.00
1032.00	7827.00
1033.00	7596.00
1034.00	7659.00
1035.00	7711.00
1036.00	7592.00
1037.00	7645.00
1038.00	7677.00
1039.00	7746.00
1040.00	7810.00
1041.00	7643.00
1042.00	7737.00
1043.00	7698.00
1044.00	7842.00
1045.00	7857.00
1046.00	7543.00
1047.00	7797.00
1048.00	7887.00
1049.00	7922.00
1050.00	7824.00
1051.00	7855.00
1052.00	7978.00
1053.00	7835.00
1054.00	7952.00
1055.00	7917.00
1056.00	7937.00
1057.00	8004.00
1058.00	7877.00
1059.00	7938.00
1060.00	7787.00
1061.00	7981.00
1062.00	7839.00
1063.00	7831.00
1064.00	8101.00
1065.00	7984.00
1066.00	8127.00
1067.00	7960.00
1068.00	8016.00
1069.00	8115.00
1070.00	8243.00
1071.00	8185.00
1072.00	8089.00
1073.00	7996.00
1074.00	8110.00
1075.00	8225.00
1076.00	8245.00
1077.00	8304.00
1078.00	8040.00
1079.00	8297.00
1080.00	8193.00
1081.00	8345.00
1082.00	8126.00
1083.00	8225.00
1084.00	8216.00
1085.00	8319.00
1086.00	8350.00
1087.00	8232.00
1088.00	8250.00
1089.00	8304.00
1090.00	8316.00
1091.00	8261.00
1092.00	8295.00
1093.00	8311.00
1094.00	8321.00
1095.00	8243.00
1096.00	8387.00
1097.00	8455.00
1098.00	8319.00
1099.00	8435.00
1100.00	8482.00
1101.00	8304.00
1102.00	8546.00
1103.00	8466.00
1104.00	8472.00
1105.00	8333.00
1106.00	8435.00
1107.00	8381.00
1108.00	8385.00
1109.00	8446.00
1110.00	8473.00
1111.00	8464.00
1112.00	8293.00
1113.00	8441.00
1114.00	8411.00
1115.00	8484.00
1116.00	8382.00
1117.00	8420.00
1118.00	8323.00
1119.00	8370.00
1120.00	8342.00
1121.00	8472.00
1122.00	8439.00
1123.00	8509.00
1124.00	8372.00
1125.00	8354.00
1126.00	8443.00
1127.00	8416.00
1128.00	8377.00
1129.00	8399.00
1130.00	8555.00
1131.00	8544.00
1132.00	8343.00
1133.00	8262.00
1134.00	8444.00
1135.00	8399.00
1136.00	8386.00
1137.00	8342.00
1138.00	8447.00
1139.00	8665.00
1140.00	8640.00
1141.00	8523.00
1142.00	8631.00
1143.00	8774.00
1144.00	8629.00
1145.00	8531.00
1146.00	8737.00
1147.00	8535.00
1148.00	8553.00
1149.00	8682.00
1150.00	8688.00
1151.00	8592.00
1152.00	8466.00
1153.00	8621.00
1154.00	8472.00
1155.00	8503.00
1156.00	8638.00
1157.00	8464.00
1158.00	8453.00
1159.00	8333.00
1160.00	8526.00
1161.00	8361.00
1162.00	8099.00
1163.00	8275.00
1164.00	8444.00
1165.00	8235.00
1166.00	8334.00
1167.00	8282.00
1168.00	8096.00
1169.00	8340.00
1170.00	8289.00
1171.00	8275.00
1172.00	8361.00
1173.00	8333.00
1174.00	8210.00
1175.00	8352.00
1176.00	8363.00
1177.00	8367.00
1178.00	8295.00
1179.00	8354.00
1180.00	8317.00
1181.00	8405.00
1182.00	8305.00
1183.00	8283.00
1184.00	8451.00
1185.00	8477.00
1186.00	8354.00
1187.00	8475.00
1188.00	8326.00
1189.00	8624.00
1190.00	8249.00
1191.00	8439.00
1192.00	8468.00
1193.00	8370.00
1194.00	8285.00
1195.00	8389.00
1196.00	8130.00
1197.00	8520.00
1198.00	8583.00
1199.00	8409.00
1200.00	8389.00
1201.00	8450.00
1202.00	8437.00
1203.00	8309.00
1204.00	8612.00
1205.00	8532.00
1206.00	8627.00
1207.00	8612.00
1208.00	8636.00
1209.00	8478.00
1210.00	8780.00
1211.00	8678.00
1212.00	8962.00
1213.00	9077.00
1214.00	8784.00
1215.00	8947.00
1216.00	8958.00
1217.00	8914.00
1218.00	8921.00
1219.00	9122.00
1220.00	9022.00
1221.00	9137.00
1222.00	9238.00
1223.00	9280.00
1224.00	9137.00
1225.00	9256.00
1226.00	9213.00
1227.00	9308.00
1228.00	9332.00
1229.00	9312.00
1230.00	9537.00
1231.00	9496.00
1232.00	9288.00
1233.00	9461.00
1234.00	9451.00
1235.00	9521.00
1236.00	9327.00
1237.00	9455.00
1238.00	9209.00
1239.00	9172.00
1240.00	9240.00
1241.00	9190.00
1242.00	8959.00
1243.00	9111.00
1244.00	9009.00
1245.00	8980.00
1246.00	8881.00
1247.00	8822.00
1248.00	8860.00
1249.00	8625.00
1250.00	8602.00
1251.00	8726.00
1252.00	8545.00
1253.00	8692.00
1254.00	8608.00
1255.00	8702.00
1256.00	8488.00
1257.00	8463.00
1258.00	8440.00
1259.00	8509.00
1260.00	8796.00
1261.00	8548.00
1262.00	8375.00
1263.00	8512.00
1264.00	8454.00
1265.00	8317.00
1266.00	8488.00
1267.00	8681.00
1268.00	8454.00
1269.00	8694.00
1270.00	8541.00
1271.00	8485.00
1272.00	8601.00
1273.00	8710.00
1274.00	8770.00
1275.00	8823.00
1276.00	9028.00
1277.00	9098.00
1278.00	9167.00
1279.00	9182.00
1280.00	9163.00
1281.00	9408.00
1282.00	9447.00
1283.00	9739.00
1284.00	9686.00
1285.00	9960.00
1286.00	9975.00
1287.00	10031.00
1288.00	10098.00
1289.00	10296.00
1290.00	9938.00
1291.00	10137.00
1292.00	10363.00
1293.00	10179.00
1294.00	10081.00
1295.00	10021.00
1296.00	10142.00
1297.00	9854.00
1298.00	9713.00
1299.00	9547.00
1300.00	9461.00
1301.00	9328.00
1302.00	9164.00
1303.00	9216.00
1304.00	8802.00
1305.00	8709.00
1306.00	8659.00
1307.00	8553.00
1308.00	8646.00
1309.00	8501.00
1310.00	8612.00
1311.00	8421.00
1312.00	8378.00
1313.00	8281.00
1314.00	8351.00
1315.00	8536.00
1316.00	8263.00
1317.00	8286.00
1318.00	8292.00
1319.00	8363.00
1320.00	8355.00
1321.00	8345.00
1322.00	8195.00
1323.00	8227.00
1324.00	8248.00
1325.00	8221.00
1326.00	8190.00
1327.00	8236.00
1328.00	8097.00
1329.00	8175.00
1330.00	8323.00
1331.00	8075.00
1332.00	8236.00
1333.00	8255.00
1334.00	8205.00
1335.00	8272.00
1336.00	8198.00
1337.00	8272.00
1338.00	8080.00
1339.00	8227.00
1340.00	8099.00
1341.00	8214.00
1342.00	8142.00
1343.00	8171.00
1344.00	8409.00
1345.00	8192.00
1346.00	8239.00
1347.00	8320.00
1348.00	8542.00
1349.00	8381.00
1350.00	8585.00
1351.00	8599.00
1352.00	8711.00
1353.00	8778.00
1354.00	8935.00
1355.00	8897.00
1356.00	9147.00
1357.00	9150.00
1358.00	9099.00
1359.00	9334.00
1360.00	9243.00
1361.00	9475.00
1362.00	9506.00
1363.00	9490.00
1364.00	9467.00
1365.00	9328.00
1366.00	9661.00
1367.00	9246.00
1368.00	9409.00
1369.00	9278.00
1370.00	9222.00
1371.00	8824.00
1372.00	8869.00
1373.00	8621.00
1374.00	8459.00
1375.00	8464.00
1376.00	8382.00
1377.00	8187.00
1378.00	8151.00
1379.00	7944.00
1380.00	7823.00
1381.00	7786.00
1382.00	7782.00
1383.00	7604.00
1384.00	7692.00
1385.00	7690.00
1386.00	7679.00
1387.00	7541.00
1388.00	7577.00
1389.00	7540.00
1390.00	7379.00
1391.00	7690.00
1392.00	7342.00
1393.00	7178.00
1394.00	7503.00
1395.00	7295.00
1396.00	7554.00
1397.00	7471.00
1398.00	7448.00
1399.00	7487.00
1400.00	7384.00
1401.00	7532.00
1402.00	7482.00
1403.00	7285.00
1404.00	7231.00
1405.00	7323.00
1406.00	7353.00
1407.00	7424.00
1408.00	7224.00
1409.00	7267.00
1410.00	7336.00
1411.00	7309.00
1412.00	7267.00
1413.00	7266.00
1414.00	7498.00
1415.00	7338.00
1416.00	7256.00
1417.00	7336.00
1418.00	7328.00
1419.00	7362.00
1420.00	7304.00
1421.00	7315.00
1422.00	7190.00
1423.00	7354.00
1424.00	7446.00
1425.00	7392.00
1426.00	7403.00
1427.00	7326.00
1428.00	7354.00
1429.00	7450.00
1430.00	7526.00
1431.00	7617.00
1432.00	7488.00
1433.00	7526.00
1434.00	7560.00
1435.00	7792.00
1436.00	7843.00
1437.00	7667.00
1438.00	7821.00
1439.00	7729.00
1440.00	7743.00
1441.00	7792.00
1442.00	7853.00
1443.00	7672.00
1444.00	7825.00
1445.00	7721.00
1446.00	7601.00
1447.00	7495.00
1448.00	7564.00
1449.00	7478.00
1450.00	7514.00
1451.00	7430.00
1452.00	7376.00
1453.00	7258.00
1454.00	7222.00
1455.00	7262.00
1456.00	7117.00
1457.00	7036.00
1458.00	7152.00
1459.00	7075.00
1460.00	7150.00
1461.00	7018.00
1462.00	7103.00
1463.00	7088.00
1464.00	7129.00
1465.00	7056.00
1466.00	6976.00
1467.00	6902.00
1468.00	6955.00
1469.00	6901.00
1470.00	7099.00
1471.00	6903.00
1472.00	6832.00
1473.00	6825.00
1474.00	6978.00
1475.00	6774.00
1476.00	6872.00
1477.00	6868.00
1478.00	6739.00
1479.00	6949.00
1480.00	6863.00
1481.00	6872.00
1482.00	6908.00
1483.00	6743.00
1484.00	6814.00
1485.00	6959.00
1486.00	6851.00
1487.00	6950.00
1488.00	6742.00
1489.00	6863.00
1490.00	6774.00
1491.00	7015.00
1492.00	6929.00
1493.00	6941.00
1494.00	7014.00
1495.00	6983.00
1496.00	7015.00
1497.00	6965.00
1498.00	7086.00
1499.00	7032.00
1500.00	7105.00
1501.00	7252.00
1502.00	7176.00
1503.00	7191.00
1504.00	7160.00
1505.00	7424.00
1506.00	7467.00
1507.00	7542.00
1508.00	7428.00
1509.00	7595.00
1510.00	7498.00
1511.00	7837.00
1512.00	7986.00
1513.00	8003.00
1514.00	8056.00
1515.00	7947.00
1516.00	8210.00
1517.00	8199.00
1518.00	8311.00
1519.00	8240.00
1520.00	8275.00
1521.00	8172.00
1522.00	8157.00
1523.00	8214.00
1524.00	8214.00
1525.00	7962.00
1526.00	8135.00
1527.00	8092.00
1528.00	8101.00
1529.00	7968.00
1530.00	7826.00
1531.00	7786.00
1532.00	7748.00
1533.00	7750.00
1534.00	7667.00
1535.00	7423.00
1536.00	7549.00
1537.00	7578.00
1538.00	7609.00
1539.00	7558.00
1540.00	7723.00
1541.00	7772.00
1542.00	7525.00
1543.00	7598.00
1544.00	7795.00
1545.00	7644.00
1546.00	7622.00
1547.00	7773.00
1548.00	7856.00
1549.00	7836.00
1550.00	8071.00
1551.00	8152.00
1552.00	8103.00
1553.00	8231.00
1554.00	8484.00
1555.00	8520.00
1556.00	8463.00
1557.00	8529.00
1558.00	8775.00
1559.00	9076.00
1560.00	9023.00
1561.00	9247.00
1562.00	9341.00
1563.00	9550.00
1564.00	9487.00
1565.00	9970.00
1566.00	9883.00
1567.00	9993.00
1568.00	10312.00
1569.00	10354.00
1570.00	10674.00
1571.00	10681.00
1572.00	10742.00
1573.00	10936.00
1574.00	11330.00
1575.00	11301.00
1576.00	11360.00
1577.00	11631.00
1578.00	11814.00
1579.00	11818.00
1580.00	12060.00
1581.00	12007.00
1582.00	12031.00
1583.00	12241.00
1584.00	12197.00
1585.00	12304.00
1586.00	12317.00
1587.00	12186.00
1588.00	12197.00
1589.00	12487.00
1590.00	12546.00
1591.00	12317.00
1592.00	12396.00
1593.00	12288.00
1594.00	12031.00
1595.00	12201.00
1596.00	11970.00
1597.00	12014.00
1598.00	11736.00
1599.00	11684.00
1600.00	11620.00
1601.00	11385.00
1602.00	11332.00
1603.00	11261.00
1604.00	10882.00
1605.00	10864.00
1606.00	10716.00
1607.00	10634.00
1608.00	10322.00
1609.00	10195.00
1610.00	10101.00
1611.00	9794.00
1612.00	9708.00
1613.00	9396.00
1614.00	9231.00
1615.00	9055.00
1616.00	8914.00
1617.00	8670.00
1618.00	8677.00
1619.00	8463.00
1620.00	8176.00
1621.00	8289.00
1622.00	8103.00
1623.00	7812.00
1624.00	7713.00
1625.00	7503.00
1626.00	7471.00
1627.00	7359.00
1628.00	7322.00
1629.00	7117.00
1630.00	6993.00
1631.00	6992.00
1632.00	6963.00
1633.00	6611.00
1634.00	6556.00
1635.00	6552.00
1636.00	6496.00
1637.00	6412.00
1638.00	6430.00
1639.00	6257.00
1640.00	6110.00
1641.00	6198.00
1642.00	6082.00
1643.00	5955.00
1644.00	5978.00
1645.00	5934.00
1646.00	6014.00
1647.00	5835.00
1648.00	5795.00
1649.00	5771.00
1650.00	5797.00
1651.00	5738.00
1652.00	5661.00
1653.00	5609.00
1654.00	5603.00
1655.00	5678.00
1656.00	5698.00
1657.00	5729.00
1658.00	5754.00
1659.00	5702.00
1660.00	5973.00
1661.00	6184.00
1662.00	6160.00
1663.00	6241.00
1664.00	6281.00
1665.00	6786.00
1666.00	6825.00
1667.00	6976.00
1668.00	7323.00
1669.00	7563.00
1670.00	7594.00
1671.00	8269.00
1672.00	8342.00
1673.00	8551.00
1674.00	8985.00
1675.00	9025.00
1676.00	9279.00
1677.00	9388.00
1678.00	9775.00
1679.00	9860.00
1680.00	9992.00
1681.00	10002.00
1682.00	10171.00
1683.00	10030.00
1684.00	9976.00
1685.00	9686.00
1686.00	9746.00
1687.00	9462.00
1688.00	9339.00
1689.00	9067.00
1690.00	8574.00
1691.00	8323.00
1692.00	8180.00
1693.00	7676.00
1694.00	7351.00
1695.00	6967.00
1696.00	6908.00
1697.00	6573.00
1698.00	6258.00
1699.00	5937.00
1700.00	5811.00
1701.00	5498.00
1702.00	5458.00
1703.00	5222.00
1704.00	5028.00
1705.00	5072.00
1706.00	4896.00
1707.00	4865.00
1708.00	4863.00
1709.00	4690.00
1710.00	4554.00
1711.00	4621.00
1712.00	4540.00
1713.00	4358.00
1714.00	4591.00
1715.00	4465.00
1716.00	4510.00
1717.00	4423.00
1718.00	4414.00
1719.00	4461.00
1720.00	4435.00
1721.00	4365.00
1722.00	4453.00
1723.00	4344.00
1724.00	4319.00
1725.00	4329.00
1726.00	4273.00
1727.00	4338.00
1728.00	4398.00
1729.00	4283.00
1730.00	4362.00
1731.00	4324.00
1732.00	4294.00
1733.00	4463.00
1734.00	4413.00
1735.00	4446.00
1736.00	4397.00
1737.00	4297.00
1738.00	4285.00
1739.00	4278.00
1740.00	4414.00
1741.00	4510.00
1742.00	4578.00
1743.00	4433.00
1744.00	4519.00
1745.00	4397.00
1746.00	4537.00
1747.00	4446.00
1748.00	4572.00
1749.00	4470.00
1750.00	4421.00
1751.00	4511.00
1752.00	4586.00
1753.00	4535.00
1754.00	4479.00
1755.00	4537.00
1756.00	4750.00
1757.00	4645.00
1758.00	4706.00
1759.00	4568.00
1760.00	4528.00
1761.00	4578.00
1762.00	4631.00
1763.00	4641.00
1764.00	4607.00
1765.00	4613.00
1766.00	4612.00
1767.00	4669.00
1768.00	4618.00
1769.00	4654.00
1770.00	4573.00
1771.00	4570.00
1772.00	4507.00
1773.00	4609.00
1774.00	4529.00
1775.00	4538.00
1776.00	4584.00
1777.00	4440.00
1778.00	4503.00
1779.00	4505.00
1780.00	4554.00
1781.00	4393.00
1782.00	4360.00
1783.00	4322.00
1784.00	4373.00
1785.00	4336.00
1786.00	4263.00
1787.00	4244.00
1788.00	4176.00
1789.00	4095.00
1790.00	4128.00
1791.00	4129.00
1792.00	4049.00
1793.00	4172.00
1794.00	4032.00
1795.00	3987.00
1796.00	3854.00
1797.00	3825.00
1798.00	3726.00
1799.00	3713.00
1800.00	3773.00
1801.00	3747.00
1802.00	3635.00
1803.00	3629.00
1804.00	3606.00
1805.00	3501.00
1806.00	3358.00
1807.00	3475.00
1808.00	3446.00
1809.00	3296.00
1810.00	3382.00
1811.00	3274.00
1812.00	3239.00
1813.00	3219.00
1814.00	3127.00
1815.00	3188.00
1816.00	3185.00
1817.00	3062.00
1818.00	3019.00
1819.00	3068.00
1820.00	2998.00
1821.00	2972.00
1822.00	2962.00
1823.00	2961.00
1824.00	2975.00
1825.00	2839.00
1826.00	2826.00
1827.00	2866.00
1828.00	2784.00
1829.00	2830.00
1830.00	2832.00
1831.00	2743.00
1832.00	2705.00
1833.00	2690.00
1834.00	2709.00
1835.00	2676.00
1836.00	2643.00
1837.00	2732.00
1838.00	2574.00
1839.00	2615.00
1840.00	2699.00
1841.00	2481.00
1842.00	2496.00
1843.00	2562.00
1844.00	2533.00
1845.00	2485.00
1846.00	2504.00
1847.00	2387.00
1848.00	2428.00
1849.00	2391.00
1850.00	2325.00
1851.00	2491.00
1852.00	2377.00
1853.00	2443.00
1854.00	2336.00
1855.00	2295.00
1856.00	2305.00
1857.00	2387.00
1858.00	2290.00
1859.00	2239.00
1860.00	2234.00
1861.00	2334.00
1862.00	2269.00
1863.00	2206.00
1864.00	2199.00
1865.00	2281.00
1866.00	2198.00
1867.00	2191.00
1868.00	2272.00
1869.00	2241.00
1870.00	2166.00
1871.00	2226.00
1872.00	2239.00
1873.00	2286.00
1874.00	2332.00
1875.00	2302.00
1876.00	2406.00
1877.00	2408.00
1878.00	2397.00
1879.00	2440.00
1880.00	2506.00
1881.00	2560.00
1882.00	2568.00
1883.00	2520.00
1884.00	2557.00
1885.00	2634.00
1886.00	2668.00
1887.00	2657.00
1888.00	2590.00
1889.00	2688.00
1890.00	2559.00
1891.00	2641.00
1892.00	2639.00
1893.00	2556.00
1894.00	2484.00
1895.00	2538.00
1896.00	2569.00
1897.00	2382.00
1898.00	2382.00
1899.00	2313.00
1900.00	2280.00
1901.00	2246.00
1902.00	2154.00
1903.00	2071.00
1904.00	2061.00
1905.00	2023.00
1906.00	2004.00
1907.00	2002.00
1908.00	1904.00
1909.00	1906.00
1910.00	1933.00
1911.00	1877.00
1912.00	1905.00
1913.00	1822.00
1914.00	1848.00
1915.00	1819.00
1916.00	1880.00
1917.00	1781.00
1918.00	1782.00
1919.00	1802.00
1920.00	1868.00
1921.00	1794.00
1922.00	1734.00
1923.00	1711.00
1924.00	1685.00
1925.00	1760.00
1926.00	1740.00
1927.00	1758.00
1928.00	1636.00
1929.00	1673.00
1930.00	1667.00
1931.00	1621.00
1932.00	1685.00
1933.00	1665.00
1934.00	1609.00
1935.00	1722.00
1936.00	1640.00
1937.00	1613.00
1938.00	1525.00
1939.00	1527.00
1940.00	1471.00
1941.00	1534.00
1942.00	1471.00
1943.00	1466.00
1944.00	1490.00
1945.00	1533.00
1946.00	1454.00
1947.00	1348.00
1948.00	1433.00
1949.00	1384.00
1950.00	1436.00
1951.00	1379.00
1952.00	1385.00
1953.00	1397.00
1954.00	1408.00
1955.00	1395.00
1956.00	1381.00
1957.00	1368.00
1958.00	1330.00
1959.00	1280.00
1960.00	1332.00
1961.00	1374.00
1962.00	1410.00
1963.00	1317.00
1964.00	1378.00
1965.00	1266.00
1966.00	1333.00
1967.00	1342.00
1968.00	1260.00
1969.00	1300.00
1970.00	1321.00
1971.00	1320.00
1972.00	1288.00
1973.00	1348.00
1974.00	1284.00
1975.00	1269.00
1976.00	1288.00
1977.00	1267.00
1978.00	1296.00
1979.00	1266.00
1980.00	1287.00
1981.00	1236.00
1982.00	1245.00
1983.00	1233.00
1984.00	1283.00
1985.00	1239.00
1986.00	1240.00
1987.00	1173.00
1988.00	1196.00
1989.00	1150.00
1990.00	1180.00
1991.00	1229.00
1992.00	1217.00
1993.00	1145.00
1994.00	1121.00
1995.00	1187.00
1996.00	1149.00
1997.00	1149.00
1998.00	1086.00
1999.00	1095.00
2000.00	1188.00
2001.00	1112.00
2002.00	1083.00
2003.00	1144.00
2004.00	1090.00
2005.00	1111.00
2006.00	1068.00
2007.00	1035.00
2008.00	1011.00
2009.00	1053.00
2010.00	982.00
2011.00	986.00
2012.00	1044.00
2013.00	1072.00
2014.00	1025.00
2015.00	1061.00
2016.00	995.00
2017.00	1009.00
2018.00	1019.00
2019.00	996.00
2020.00	937.00
2021.00	942.00
2022.00	994.00
2023.00	1044.00
2024.00	943.00
2025.00	945.00
2026.00	927.00
2027.00	941.00
2028.00	910.00
2029.00	950.00
2030.00	898.00
2031.00	979.00
2032.00	896.00
2033.00	900.00
2034.00	904.00
2035.00	885.00
2036.00	878.00
2037.00	912.00
2038.00	915.00
2039.00	841.00
2040.00	835.00
2041.00	848.00
2042.00	843.00
2043.00	840.00
2044.00	836.00
2045.00	830.00
2046.00	841.00
2047.00	753.00
2048.00	 0.00
