Date:	2023-09-18		
Time:	21:46		
Sample name:	Pellets		
Position:	1486.200011	mm	
Sample surface:	5.891455	cm	
Tube anode:	Mo		
Tube voltage:	30	kV	
Tube current:	50	mA	
Comments	in position		
Gain	5.810000		
peaking_time	0.300000	m-sec	
trigger_threshold	30.000000	V	
mca_bin_width	2.000000	no:	
number_mca_channels	2048.000000	no:	
gap_time	0.100000	m-sec	
trigger_peaking_time	0.050000	m-sec	
livetime	17.476073	seconds	
runtime	20.000020	seconds	
input_count_rate	111364.775948	cps	
output_count_rate	97310.852689	cps	
triggers	2158702.000000	seconds	
events_in_run	1938584.000000	seconds	
channel	content		
 1.00	 0.00
 2.00	 0.00
 3.00	 0.00
 4.00	 0.00
 5.00	 0.00
 6.00	 0.00
 7.00	 0.00
 8.00	 0.00
 9.00	 0.00
10.00	 0.00
11.00	 0.00
12.00	 0.00
13.00	 0.00
14.00	 0.00
15.00	 0.00
16.00	 0.00
17.00	 0.00
18.00	 0.00
19.00	 0.00
20.00	 0.00
21.00	 0.00
22.00	 0.00
23.00	 0.00
24.00	 0.00
25.00	 0.00
26.00	 0.00
27.00	 0.00
28.00	 0.00
29.00	 0.00
30.00	 0.00
31.00	 0.00
32.00	 1.00
33.00	 0.00
34.00	 0.00
35.00	 0.00
36.00	 1.00
37.00	 3.00
38.00	 3.00
39.00	 4.00
40.00	 4.00
41.00	 6.00
42.00	 4.00
43.00	 9.00
44.00	12.00
45.00	11.00
46.00	22.00
47.00	19.00
48.00	17.00
49.00	20.00
50.00	26.00
51.00	21.00
52.00	36.00
53.00	35.00
54.00	36.00
55.00	21.00
56.00	30.00
57.00	33.00
58.00	39.00
59.00	35.00
60.00	35.00
61.00	36.00
62.00	51.00
63.00	50.00
64.00	30.00
65.00	36.00
66.00	37.00
67.00	39.00
68.00	36.00
69.00	37.00
70.00	42.00
71.00	48.00
72.00	45.00
73.00	41.00
74.00	44.00
75.00	43.00
76.00	42.00
77.00	42.00
78.00	35.00
79.00	30.00
80.00	29.00
81.00	48.00
82.00	36.00
83.00	35.00
84.00	45.00
85.00	34.00
86.00	36.00
87.00	27.00
88.00	39.00
89.00	30.00
90.00	37.00
91.00	35.00
92.00	41.00
93.00	27.00
94.00	39.00
95.00	33.00
96.00	31.00
97.00	31.00
98.00	37.00
99.00	17.00
100.00	33.00
101.00	31.00
102.00	44.00
103.00	27.00
104.00	17.00
105.00	28.00
106.00	28.00
107.00	31.00
108.00	37.00
109.00	30.00
110.00	44.00
111.00	22.00
112.00	38.00
113.00	25.00
114.00	32.00
115.00	38.00
116.00	26.00
117.00	24.00
118.00	43.00
119.00	34.00
120.00	34.00
121.00	27.00
122.00	35.00
123.00	27.00
124.00	21.00
125.00	28.00
126.00	33.00
127.00	26.00
128.00	23.00
129.00	25.00
130.00	24.00
131.00	35.00
132.00	28.00
133.00	23.00
134.00	25.00
135.00	30.00
136.00	35.00
137.00	31.00
138.00	38.00
139.00	42.00
140.00	70.00
141.00	79.00
142.00	91.00
143.00	91.00
144.00	95.00
145.00	134.00
146.00	117.00
147.00	93.00
148.00	88.00
149.00	81.00
150.00	62.00
151.00	72.00
152.00	54.00
153.00	65.00
154.00	58.00
155.00	53.00
156.00	48.00
157.00	39.00
158.00	40.00
159.00	45.00
160.00	67.00
161.00	131.00
162.00	171.00
163.00	241.00
164.00	432.00
165.00	558.00
166.00	733.00
167.00	899.00
168.00	987.00
169.00	1011.00
170.00	959.00
171.00	896.00
172.00	764.00
173.00	557.00
174.00	412.00
175.00	330.00
176.00	248.00
177.00	167.00
178.00	146.00
179.00	99.00
180.00	133.00
181.00	99.00
182.00	148.00
183.00	180.00
184.00	243.00
185.00	323.00
186.00	370.00
187.00	451.00
188.00	486.00
189.00	506.00
190.00	489.00
191.00	449.00
192.00	404.00
193.00	298.00
194.00	222.00
195.00	157.00
196.00	116.00
197.00	81.00
198.00	63.00
199.00	50.00
200.00	43.00
201.00	33.00
202.00	22.00
203.00	33.00
204.00	33.00
205.00	32.00
206.00	34.00
207.00	33.00
208.00	44.00
209.00	43.00
210.00	46.00
211.00	42.00
212.00	40.00
213.00	44.00
214.00	45.00
215.00	58.00
216.00	65.00
217.00	65.00
218.00	92.00
219.00	83.00
220.00	112.00
221.00	66.00
222.00	93.00
223.00	77.00
224.00	56.00
225.00	67.00
226.00	46.00
227.00	54.00
228.00	30.00
229.00	45.00
230.00	38.00
231.00	39.00
232.00	30.00
233.00	35.00
234.00	25.00
235.00	31.00
236.00	34.00
237.00	35.00
238.00	38.00
239.00	23.00
240.00	34.00
241.00	26.00
242.00	32.00
243.00	21.00
244.00	26.00
245.00	25.00
246.00	28.00
247.00	28.00
248.00	32.00
249.00	36.00
250.00	34.00
251.00	38.00
252.00	28.00
253.00	30.00
254.00	31.00
255.00	26.00
256.00	31.00
257.00	26.00
258.00	27.00
259.00	31.00
260.00	41.00
261.00	26.00
262.00	38.00
263.00	27.00
264.00	26.00
265.00	32.00
266.00	39.00
267.00	44.00
268.00	32.00
269.00	35.00
270.00	35.00
271.00	33.00
272.00	40.00
273.00	35.00
274.00	31.00
275.00	48.00
276.00	41.00
277.00	57.00
278.00	63.00
279.00	81.00
280.00	109.00
281.00	134.00
282.00	170.00
283.00	192.00
284.00	229.00
285.00	283.00
286.00	295.00
287.00	270.00
288.00	270.00
289.00	276.00
290.00	232.00
291.00	185.00
292.00	173.00
293.00	143.00
294.00	93.00
295.00	85.00
296.00	84.00
297.00	51.00
298.00	55.00
299.00	55.00
300.00	42.00
301.00	53.00
302.00	65.00
303.00	74.00
304.00	69.00
305.00	74.00
306.00	91.00
307.00	107.00
308.00	127.00
309.00	136.00
310.00	184.00
311.00	247.00
312.00	351.00
313.00	489.00
314.00	689.00
315.00	931.00
316.00	1150.00
317.00	1525.00
318.00	1823.00
319.00	2037.00
320.00	2191.00
321.00	2360.00
322.00	2285.00
323.00	2080.00
324.00	1782.00
325.00	1542.00
326.00	1313.00
327.00	980.00
328.00	755.00
329.00	492.00
330.00	356.00
331.00	244.00
332.00	172.00
333.00	149.00
334.00	90.00
335.00	111.00
336.00	139.00
337.00	121.00
338.00	152.00
339.00	202.00
340.00	251.00
341.00	363.00
342.00	502.00
343.00	722.00
344.00	1027.00
345.00	1511.00
346.00	2319.00
347.00	3481.00
348.00	5316.00
349.00	7939.00
350.00	10952.00
351.00	15211.00
352.00	20212.00
353.00	25588.00
354.00	30475.00
355.00	35223.00
356.00	38888.00
357.00	40384.00
358.00	40641.00
359.00	38331.00
360.00	35348.00
361.00	30319.00
362.00	24928.00
363.00	19450.00
364.00	14964.00
365.00	10534.00
366.00	7327.00
367.00	4865.00
368.00	3107.00
369.00	1900.00
370.00	1165.00
371.00	681.00
372.00	494.00
373.00	384.00
374.00	387.00
375.00	378.00
376.00	453.00
377.00	590.00
378.00	850.00
379.00	1063.00
380.00	1460.00
381.00	1920.00
382.00	2514.00
383.00	3163.00
384.00	3916.00
385.00	4663.00
386.00	5269.00
387.00	5794.00
388.00	6032.00
389.00	6049.00
390.00	5828.00
391.00	5296.00
392.00	4693.00
393.00	3932.00
394.00	3080.00
395.00	2468.00
396.00	1850.00
397.00	1289.00
398.00	916.00
399.00	598.00
400.00	372.00
401.00	234.00
402.00	154.00
403.00	84.00
404.00	63.00
405.00	50.00
406.00	40.00
407.00	38.00
408.00	32.00
409.00	36.00
410.00	47.00
411.00	38.00
412.00	32.00
413.00	29.00
414.00	36.00
415.00	28.00
416.00	30.00
417.00	28.00
418.00	39.00
419.00	25.00
420.00	47.00
421.00	41.00
422.00	52.00
423.00	73.00
424.00	104.00
425.00	131.00
426.00	157.00
427.00	225.00
428.00	329.00
429.00	400.00
430.00	556.00
431.00	666.00
432.00	745.00
433.00	932.00
434.00	1039.00
435.00	1043.00
436.00	1075.00
437.00	1041.00
438.00	1004.00
439.00	925.00
440.00	824.00
441.00	722.00
442.00	588.00
443.00	485.00
444.00	415.00
445.00	328.00
446.00	280.00
447.00	265.00
448.00	210.00
449.00	195.00
450.00	184.00
451.00	175.00
452.00	165.00
453.00	177.00
454.00	150.00
455.00	135.00
456.00	119.00
457.00	111.00
458.00	69.00
459.00	100.00
460.00	82.00
461.00	75.00
462.00	84.00
463.00	94.00
464.00	95.00
465.00	94.00
466.00	119.00
467.00	117.00
468.00	140.00
469.00	147.00
470.00	185.00
471.00	203.00
472.00	208.00
473.00	213.00
474.00	258.00
475.00	259.00
476.00	273.00
477.00	264.00
478.00	309.00
479.00	268.00
480.00	258.00
481.00	260.00
482.00	201.00
483.00	190.00
484.00	146.00
485.00	134.00
486.00	115.00
487.00	97.00
488.00	72.00
489.00	88.00
490.00	71.00
491.00	65.00
492.00	57.00
493.00	70.00
494.00	78.00
495.00	70.00
496.00	64.00
497.00	60.00
498.00	68.00
499.00	94.00
500.00	97.00
501.00	94.00
502.00	95.00
503.00	86.00
504.00	117.00
505.00	86.00
506.00	91.00
507.00	99.00
508.00	102.00
509.00	100.00
510.00	112.00
511.00	121.00
512.00	119.00
513.00	105.00
514.00	131.00
515.00	140.00
516.00	149.00
517.00	132.00
518.00	143.00
519.00	181.00
520.00	177.00
521.00	179.00
522.00	204.00
523.00	186.00
524.00	173.00
525.00	177.00
526.00	188.00
527.00	169.00
528.00	162.00
529.00	144.00
530.00	142.00
531.00	145.00
532.00	135.00
533.00	126.00
534.00	155.00
535.00	128.00
536.00	117.00
537.00	135.00
538.00	142.00
539.00	134.00
540.00	109.00
541.00	123.00
542.00	133.00
543.00	114.00
544.00	149.00
545.00	145.00
546.00	135.00
547.00	140.00
548.00	151.00
549.00	148.00
550.00	138.00
551.00	133.00
552.00	161.00
553.00	161.00
554.00	174.00
555.00	167.00
556.00	188.00
557.00	224.00
558.00	188.00
559.00	263.00
560.00	312.00
561.00	370.00
562.00	428.00
563.00	540.00
564.00	609.00
565.00	698.00
566.00	807.00
567.00	853.00
568.00	918.00
569.00	994.00
570.00	946.00
571.00	960.00
572.00	918.00
573.00	829.00
574.00	771.00
575.00	714.00
576.00	600.00
577.00	509.00
578.00	405.00
579.00	353.00
580.00	284.00
581.00	266.00
582.00	218.00
583.00	174.00
584.00	206.00
585.00	153.00
586.00	179.00
587.00	150.00
588.00	176.00
589.00	178.00
590.00	170.00
591.00	176.00
592.00	204.00
593.00	186.00
594.00	192.00
595.00	217.00
596.00	251.00
597.00	278.00
598.00	302.00
599.00	374.00
600.00	438.00
601.00	653.00
602.00	828.00
603.00	1198.00
604.00	1729.00
605.00	2389.00
606.00	3436.00
607.00	4674.00
608.00	6296.00
609.00	8649.00
610.00	11222.00
611.00	13838.00
612.00	17369.00
613.00	20174.00
614.00	23377.00
615.00	26489.00
616.00	28774.00
617.00	30601.00
618.00	31300.00
619.00	31317.00
620.00	29951.00
621.00	28208.00
622.00	25759.00
623.00	22384.00
624.00	19435.00
625.00	16100.00
626.00	12924.00
627.00	10363.00
628.00	7800.00
629.00	5936.00
630.00	4358.00
631.00	2987.00
632.00	2222.00
633.00	1540.00
634.00	1046.00
635.00	782.00
636.00	562.00
637.00	480.00
638.00	371.00
639.00	308.00
640.00	327.00
641.00	335.00
642.00	276.00
643.00	280.00
644.00	276.00
645.00	254.00
646.00	270.00
647.00	283.00
648.00	295.00
649.00	267.00
650.00	259.00
651.00	277.00
652.00	290.00
653.00	283.00
654.00	280.00
655.00	318.00
656.00	314.00
657.00	330.00
658.00	343.00
659.00	367.00
660.00	348.00
661.00	399.00
662.00	419.00
663.00	441.00
664.00	501.00
665.00	544.00
666.00	671.00
667.00	697.00
668.00	837.00
669.00	1106.00
670.00	1250.00
671.00	1474.00
672.00	1809.00
673.00	2204.00
674.00	2684.00
675.00	3021.00
676.00	3524.00
677.00	4130.00
678.00	4460.00
679.00	4835.00
680.00	4968.00
681.00	5199.00
682.00	4989.00
683.00	4965.00
684.00	4680.00
685.00	4370.00
686.00	3807.00
687.00	3351.00
688.00	2905.00
689.00	2480.00
690.00	2100.00
691.00	1684.00
692.00	1351.00
693.00	1086.00
694.00	800.00
695.00	679.00
696.00	483.00
697.00	423.00
698.00	354.00
699.00	353.00
700.00	309.00
701.00	258.00
702.00	283.00
703.00	313.00
704.00	316.00
705.00	293.00
706.00	294.00
707.00	322.00
708.00	345.00
709.00	295.00
710.00	353.00
711.00	383.00
712.00	386.00
713.00	359.00
714.00	426.00
715.00	401.00
716.00	477.00
717.00	446.00
718.00	470.00
719.00	441.00
720.00	447.00
721.00	457.00
722.00	427.00
723.00	421.00
724.00	424.00
725.00	436.00
726.00	410.00
727.00	398.00
728.00	375.00
729.00	352.00
730.00	321.00
731.00	323.00
732.00	332.00
733.00	305.00
734.00	294.00
735.00	282.00
736.00	292.00
737.00	258.00
738.00	280.00
739.00	288.00
740.00	264.00
741.00	309.00
742.00	280.00
743.00	251.00
744.00	245.00
745.00	294.00
746.00	266.00
747.00	271.00
748.00	307.00
749.00	273.00
750.00	276.00
751.00	292.00
752.00	254.00
753.00	305.00
754.00	309.00
755.00	279.00
756.00	295.00
757.00	289.00
758.00	310.00
759.00	306.00
760.00	306.00
761.00	308.00
762.00	322.00
763.00	340.00
764.00	309.00
765.00	367.00
766.00	370.00
767.00	335.00
768.00	351.00
769.00	338.00
770.00	364.00
771.00	374.00
772.00	441.00
773.00	436.00
774.00	403.00
775.00	429.00
776.00	420.00
777.00	434.00
778.00	422.00
779.00	446.00
780.00	425.00
781.00	446.00
782.00	425.00
783.00	390.00
784.00	447.00
785.00	439.00
786.00	409.00
787.00	446.00
788.00	411.00
789.00	439.00
790.00	436.00
791.00	395.00
792.00	430.00
793.00	423.00
794.00	414.00
795.00	473.00
796.00	478.00
797.00	450.00
798.00	450.00
799.00	439.00
800.00	475.00
801.00	455.00
802.00	487.00
803.00	477.00
804.00	508.00
805.00	527.00
806.00	509.00
807.00	489.00
808.00	473.00
809.00	460.00
810.00	509.00
811.00	538.00
812.00	508.00
813.00	496.00
814.00	478.00
815.00	557.00
816.00	517.00
817.00	519.00
818.00	527.00
819.00	551.00
820.00	476.00
821.00	531.00
822.00	533.00
823.00	512.00
824.00	517.00
825.00	599.00
826.00	626.00
827.00	587.00
828.00	602.00
829.00	674.00
830.00	695.00
831.00	715.00
832.00	727.00
833.00	672.00
834.00	633.00
835.00	674.00
836.00	684.00
837.00	690.00
838.00	623.00
839.00	612.00
840.00	583.00
841.00	618.00
842.00	582.00
843.00	573.00
844.00	568.00
845.00	510.00
846.00	503.00
847.00	495.00
848.00	539.00
849.00	537.00
850.00	509.00
851.00	525.00
852.00	571.00
853.00	516.00
854.00	514.00
855.00	526.00
856.00	505.00
857.00	506.00
858.00	481.00
859.00	467.00
860.00	510.00
861.00	484.00
862.00	532.00
863.00	472.00
864.00	527.00
865.00	494.00
866.00	483.00
867.00	520.00
868.00	491.00
869.00	481.00
870.00	483.00
871.00	505.00
872.00	547.00
873.00	552.00
874.00	512.00
875.00	522.00
876.00	511.00
877.00	538.00
878.00	480.00
879.00	510.00
880.00	563.00
881.00	509.00
882.00	553.00
883.00	528.00
884.00	534.00
885.00	563.00
886.00	575.00
887.00	544.00
888.00	555.00
889.00	551.00
890.00	535.00
891.00	575.00
892.00	590.00
893.00	539.00
894.00	577.00
895.00	588.00
896.00	508.00
897.00	535.00
898.00	565.00
899.00	587.00
900.00	559.00
901.00	602.00
902.00	562.00
903.00	589.00
904.00	571.00
905.00	567.00
906.00	573.00
907.00	580.00
908.00	583.00
909.00	575.00
910.00	610.00
911.00	640.00
912.00	601.00
913.00	582.00
914.00	618.00
915.00	593.00
916.00	630.00
917.00	633.00
918.00	623.00
919.00	629.00
920.00	625.00
921.00	666.00
922.00	620.00
923.00	638.00
924.00	670.00
925.00	687.00
926.00	641.00
927.00	637.00
928.00	631.00
929.00	643.00
930.00	706.00
931.00	636.00
932.00	634.00
933.00	635.00
934.00	628.00
935.00	629.00
936.00	602.00
937.00	625.00
938.00	674.00
939.00	643.00
940.00	655.00
941.00	688.00
942.00	592.00
943.00	592.00
944.00	622.00
945.00	641.00
946.00	664.00
947.00	596.00
948.00	580.00
949.00	629.00
950.00	632.00
951.00	595.00
952.00	653.00
953.00	632.00
954.00	604.00
955.00	620.00
956.00	625.00
957.00	591.00
958.00	647.00
959.00	654.00
960.00	648.00
961.00	642.00
962.00	645.00
963.00	661.00
964.00	661.00
965.00	680.00
966.00	677.00
967.00	646.00
968.00	707.00
969.00	695.00
970.00	734.00
971.00	773.00
972.00	760.00
973.00	704.00
974.00	694.00
975.00	683.00
976.00	766.00
977.00	745.00
978.00	662.00
979.00	738.00
980.00	666.00
981.00	637.00
982.00	675.00
983.00	657.00
984.00	658.00
985.00	666.00
986.00	647.00
987.00	674.00
988.00	669.00
989.00	645.00
990.00	681.00
991.00	642.00
992.00	658.00
993.00	658.00
994.00	666.00
995.00	654.00
996.00	698.00
997.00	680.00
998.00	654.00
999.00	634.00
1000.00	609.00
1001.00	653.00
1002.00	645.00
1003.00	611.00
1004.00	628.00
1005.00	618.00
1006.00	636.00
1007.00	627.00
1008.00	629.00
1009.00	653.00
1010.00	680.00
1011.00	654.00
1012.00	708.00
1013.00	699.00
1014.00	662.00
1015.00	681.00
1016.00	692.00
1017.00	655.00
1018.00	675.00
1019.00	710.00
1020.00	646.00
1021.00	698.00
1022.00	623.00
1023.00	655.00
1024.00	653.00
1025.00	646.00
1026.00	648.00
1027.00	687.00
1028.00	687.00
1029.00	618.00
1030.00	681.00
1031.00	637.00
1032.00	687.00
1033.00	637.00
1034.00	644.00
1035.00	681.00
1036.00	683.00
1037.00	696.00
1038.00	639.00
1039.00	672.00
1040.00	678.00
1041.00	671.00
1042.00	679.00
1043.00	695.00
1044.00	653.00
1045.00	705.00
1046.00	668.00
1047.00	667.00
1048.00	703.00
1049.00	694.00
1050.00	653.00
1051.00	723.00
1052.00	667.00
1053.00	670.00
1054.00	688.00
1055.00	671.00
1056.00	690.00
1057.00	659.00
1058.00	716.00
1059.00	644.00
1060.00	676.00
1061.00	646.00
1062.00	709.00
1063.00	671.00
1064.00	736.00
1065.00	660.00
1066.00	715.00
1067.00	703.00
1068.00	698.00
1069.00	696.00
1070.00	708.00
1071.00	681.00
1072.00	676.00
1073.00	699.00
1074.00	726.00
1075.00	695.00
1076.00	690.00
1077.00	705.00
1078.00	685.00
1079.00	695.00
1080.00	740.00
1081.00	695.00
1082.00	696.00
1083.00	692.00
1084.00	673.00
1085.00	731.00
1086.00	731.00
1087.00	689.00
1088.00	694.00
1089.00	699.00
1090.00	636.00
1091.00	731.00
1092.00	701.00
1093.00	704.00
1094.00	732.00
1095.00	727.00
1096.00	728.00
1097.00	685.00
1098.00	697.00
1099.00	673.00
1100.00	725.00
1101.00	742.00
1102.00	740.00
1103.00	747.00
1104.00	732.00
1105.00	733.00
1106.00	669.00
1107.00	723.00
1108.00	728.00
1109.00	664.00
1110.00	703.00
1111.00	762.00
1112.00	718.00
1113.00	660.00
1114.00	718.00
1115.00	757.00
1116.00	727.00
1117.00	718.00
1118.00	746.00
1119.00	663.00
1120.00	715.00
1121.00	741.00
1122.00	743.00
1123.00	731.00
1124.00	695.00
1125.00	756.00
1126.00	755.00
1127.00	716.00
1128.00	724.00
1129.00	711.00
1130.00	711.00
1131.00	771.00
1132.00	790.00
1133.00	702.00
1134.00	705.00
1135.00	715.00
1136.00	755.00
1137.00	712.00
1138.00	717.00
1139.00	787.00
1140.00	725.00
1141.00	725.00
1142.00	703.00
1143.00	724.00
1144.00	720.00
1145.00	717.00
1146.00	687.00
1147.00	708.00
1148.00	702.00
1149.00	759.00
1150.00	761.00
1151.00	675.00
1152.00	718.00
1153.00	696.00
1154.00	705.00
1155.00	734.00
1156.00	694.00
1157.00	726.00
1158.00	685.00
1159.00	726.00
1160.00	738.00
1161.00	723.00
1162.00	681.00
1163.00	732.00
1164.00	746.00
1165.00	661.00
1166.00	742.00
1167.00	709.00
1168.00	660.00
1169.00	762.00
1170.00	676.00
1171.00	729.00
1172.00	733.00
1173.00	722.00
1174.00	642.00
1175.00	712.00
1176.00	679.00
1177.00	726.00
1178.00	702.00
1179.00	691.00
1180.00	731.00
1181.00	696.00
1182.00	729.00
1183.00	723.00
1184.00	738.00
1185.00	733.00
1186.00	743.00
1187.00	707.00
1188.00	722.00
1189.00	692.00
1190.00	712.00
1191.00	710.00
1192.00	724.00
1193.00	726.00
1194.00	756.00
1195.00	739.00
1196.00	749.00
1197.00	748.00
1198.00	766.00
1199.00	746.00
1200.00	720.00
1201.00	713.00
1202.00	738.00
1203.00	798.00
1204.00	754.00
1205.00	753.00
1206.00	709.00
1207.00	701.00
1208.00	709.00
1209.00	751.00
1210.00	769.00
1211.00	754.00
1212.00	752.00
1213.00	764.00
1214.00	736.00
1215.00	777.00
1216.00	710.00
1217.00	749.00
1218.00	753.00
1219.00	762.00
1220.00	758.00
1221.00	770.00
1222.00	776.00
1223.00	742.00
1224.00	775.00
1225.00	770.00
1226.00	795.00
1227.00	741.00
1228.00	769.00
1229.00	721.00
1230.00	869.00
1231.00	768.00
1232.00	716.00
1233.00	779.00
1234.00	756.00
1235.00	773.00
1236.00	797.00
1237.00	745.00
1238.00	762.00
1239.00	777.00
1240.00	767.00
1241.00	717.00
1242.00	729.00
1243.00	740.00
1244.00	719.00
1245.00	722.00
1246.00	738.00
1247.00	722.00
1248.00	676.00
1249.00	784.00
1250.00	697.00
1251.00	723.00
1252.00	697.00
1253.00	721.00
1254.00	662.00
1255.00	764.00
1256.00	695.00
1257.00	746.00
1258.00	722.00
1259.00	674.00
1260.00	745.00
1261.00	723.00
1262.00	717.00
1263.00	724.00
1264.00	704.00
1265.00	708.00
1266.00	741.00
1267.00	704.00
1268.00	696.00
1269.00	710.00
1270.00	716.00
1271.00	745.00
1272.00	757.00
1273.00	714.00
1274.00	724.00
1275.00	752.00
1276.00	771.00
1277.00	746.00
1278.00	763.00
1279.00	795.00
1280.00	794.00
1281.00	803.00
1282.00	788.00
1283.00	741.00
1284.00	816.00
1285.00	804.00
1286.00	797.00
1287.00	788.00
1288.00	798.00
1289.00	859.00
1290.00	859.00
1291.00	842.00
1292.00	798.00
1293.00	755.00
1294.00	834.00
1295.00	805.00
1296.00	808.00
1297.00	786.00
1298.00	846.00
1299.00	774.00
1300.00	811.00
1301.00	726.00
1302.00	739.00
1303.00	708.00
1304.00	694.00
1305.00	723.00
1306.00	727.00
1307.00	770.00
1308.00	711.00
1309.00	730.00
1310.00	728.00
1311.00	740.00
1312.00	695.00
1313.00	737.00
1314.00	728.00
1315.00	691.00
1316.00	695.00
1317.00	671.00
1318.00	708.00
1319.00	701.00
1320.00	672.00
1321.00	754.00
1322.00	699.00
1323.00	742.00
1324.00	655.00
1325.00	700.00
1326.00	668.00
1327.00	692.00
1328.00	728.00
1329.00	680.00
1330.00	671.00
1331.00	688.00
1332.00	713.00
1333.00	680.00
1334.00	701.00
1335.00	677.00
1336.00	727.00
1337.00	741.00
1338.00	692.00
1339.00	684.00
1340.00	730.00
1341.00	720.00
1342.00	731.00
1343.00	711.00
1344.00	782.00
1345.00	756.00
1346.00	725.00
1347.00	788.00
1348.00	766.00
1349.00	847.00
1350.00	895.00
1351.00	911.00
1352.00	920.00
1353.00	947.00
1354.00	1028.00
1355.00	1068.00
1356.00	1101.00
1357.00	1182.00
1358.00	1228.00
1359.00	1244.00
1360.00	1274.00
1361.00	1348.00
1362.00	1265.00
1363.00	1281.00
1364.00	1298.00
1365.00	1363.00
1366.00	1293.00
1367.00	1339.00
1368.00	1266.00
1369.00	1248.00
1370.00	1202.00
1371.00	1126.00
1372.00	1117.00
1373.00	1023.00
1374.00	984.00
1375.00	960.00
1376.00	861.00
1377.00	852.00
1378.00	828.00
1379.00	810.00
1380.00	793.00
1381.00	762.00
1382.00	708.00
1383.00	711.00
1384.00	640.00
1385.00	680.00
1386.00	675.00
1387.00	659.00
1388.00	650.00
1389.00	680.00
1390.00	650.00
1391.00	647.00
1392.00	640.00
1393.00	633.00
1394.00	636.00
1395.00	656.00
1396.00	630.00
1397.00	694.00
1398.00	651.00
1399.00	670.00
1400.00	615.00
1401.00	596.00
1402.00	635.00
1403.00	668.00
1404.00	617.00
1405.00	573.00
1406.00	624.00
1407.00	639.00
1408.00	592.00
1409.00	619.00
1410.00	621.00
1411.00	614.00
1412.00	652.00
1413.00	584.00
1414.00	599.00
1415.00	622.00
1416.00	576.00
1417.00	637.00
1418.00	668.00
1419.00	625.00
1420.00	598.00
1421.00	654.00
1422.00	620.00
1423.00	629.00
1424.00	632.00
1425.00	591.00
1426.00	629.00
1427.00	638.00
1428.00	616.00
1429.00	646.00
1430.00	616.00
1431.00	675.00
1432.00	620.00
1433.00	592.00
1434.00	586.00
1435.00	618.00
1436.00	588.00
1437.00	655.00
1438.00	659.00
1439.00	627.00
1440.00	664.00
1441.00	619.00
1442.00	624.00
1443.00	656.00
1444.00	628.00
1445.00	619.00
1446.00	637.00
1447.00	667.00
1448.00	640.00
1449.00	647.00
1450.00	673.00
1451.00	645.00
1452.00	605.00
1453.00	610.00
1454.00	586.00
1455.00	611.00
1456.00	611.00
1457.00	592.00
1458.00	609.00
1459.00	612.00
1460.00	563.00
1461.00	657.00
1462.00	612.00
1463.00	580.00
1464.00	610.00
1465.00	656.00
1466.00	584.00
1467.00	649.00
1468.00	614.00
1469.00	600.00
1470.00	584.00
1471.00	608.00
1472.00	583.00
1473.00	561.00
1474.00	653.00
1475.00	592.00
1476.00	538.00
1477.00	584.00
1478.00	606.00
1479.00	568.00
1480.00	531.00
1481.00	600.00
1482.00	565.00
1483.00	589.00
1484.00	564.00
1485.00	565.00
1486.00	647.00
1487.00	571.00
1488.00	611.00
1489.00	605.00
1490.00	617.00
1491.00	569.00
1492.00	592.00
1493.00	547.00
1494.00	551.00
1495.00	599.00
1496.00	578.00
1497.00	597.00
1498.00	545.00
1499.00	580.00
1500.00	571.00
1501.00	596.00
1502.00	604.00
1503.00	598.00
1504.00	580.00
1505.00	623.00
1506.00	599.00
1507.00	622.00
1508.00	593.00
1509.00	587.00
1510.00	610.00
1511.00	671.00
1512.00	661.00
1513.00	666.00
1514.00	661.00
1515.00	652.00
1516.00	700.00
1517.00	758.00
1518.00	668.00
1519.00	736.00
1520.00	733.00
1521.00	704.00
1522.00	733.00
1523.00	758.00
1524.00	755.00
1525.00	746.00
1526.00	765.00
1527.00	730.00
1528.00	737.00
1529.00	690.00
1530.00	725.00
1531.00	711.00
1532.00	703.00
1533.00	722.00
1534.00	724.00
1535.00	694.00
1536.00	661.00
1537.00	710.00
1538.00	657.00
1539.00	631.00
1540.00	591.00
1541.00	640.00
1542.00	626.00
1543.00	679.00
1544.00	672.00
1545.00	672.00
1546.00	657.00
1547.00	659.00
1548.00	650.00
1549.00	714.00
1550.00	697.00
1551.00	709.00
1552.00	662.00
1553.00	709.00
1554.00	681.00
1555.00	653.00
1556.00	680.00
1557.00	704.00
1558.00	728.00
1559.00	721.00
1560.00	780.00
1561.00	753.00
1562.00	726.00
1563.00	801.00
1564.00	808.00
1565.00	756.00
1566.00	758.00
1567.00	782.00
1568.00	816.00
1569.00	791.00
1570.00	854.00
1571.00	862.00
1572.00	801.00
1573.00	886.00
1574.00	896.00
1575.00	916.00
1576.00	934.00
1577.00	897.00
1578.00	950.00
1579.00	960.00
1580.00	910.00
1581.00	994.00
1582.00	966.00
1583.00	1046.00
1584.00	965.00
1585.00	949.00
1586.00	972.00
1587.00	950.00
1588.00	991.00
1589.00	978.00
1590.00	1038.00
1591.00	999.00
1592.00	1005.00
1593.00	958.00
1594.00	963.00
1595.00	961.00
1596.00	930.00
1597.00	961.00
1598.00	909.00
1599.00	961.00
1600.00	935.00
1601.00	880.00
1602.00	901.00
1603.00	856.00
1604.00	913.00
1605.00	874.00
1606.00	871.00
1607.00	811.00
1608.00	813.00
1609.00	862.00
1610.00	819.00
1611.00	855.00
1612.00	762.00
1613.00	805.00
1614.00	794.00
1615.00	744.00
1616.00	726.00
1617.00	730.00
1618.00	678.00
1619.00	686.00
1620.00	631.00
1621.00	684.00
1622.00	696.00
1623.00	634.00
1624.00	669.00
1625.00	617.00
1626.00	646.00
1627.00	578.00
1628.00	644.00
1629.00	611.00
1630.00	572.00
1631.00	530.00
1632.00	551.00
1633.00	552.00
1634.00	530.00
1635.00	547.00
1636.00	565.00
1637.00	541.00
1638.00	475.00
1639.00	537.00
1640.00	562.00
1641.00	512.00
1642.00	523.00
1643.00	445.00
1644.00	498.00
1645.00	479.00
1646.00	480.00
1647.00	475.00
1648.00	477.00
1649.00	469.00
1650.00	472.00
1651.00	509.00
1652.00	467.00
1653.00	468.00
1654.00	421.00
1655.00	507.00
1656.00	458.00
1657.00	468.00
1658.00	515.00
1659.00	490.00
1660.00	506.00
1661.00	493.00
1662.00	524.00
1663.00	510.00
1664.00	544.00
1665.00	575.00
1666.00	573.00
1667.00	619.00
1668.00	644.00
1669.00	710.00
1670.00	673.00
1671.00	719.00
1672.00	791.00
1673.00	735.00
1674.00	853.00
1675.00	862.00
1676.00	882.00
1677.00	909.00
1678.00	895.00
1679.00	935.00
1680.00	992.00
1681.00	926.00
1682.00	953.00
1683.00	953.00
1684.00	928.00
1685.00	913.00
1686.00	883.00
1687.00	885.00
1688.00	873.00
1689.00	837.00
1690.00	783.00
1691.00	753.00
1692.00	739.00
1693.00	688.00
1694.00	676.00
1695.00	621.00
1696.00	611.00
1697.00	585.00
1698.00	533.00
1699.00	558.00
1700.00	516.00
1701.00	470.00
1702.00	515.00
1703.00	429.00
1704.00	424.00
1705.00	461.00
1706.00	405.00
1707.00	394.00
1708.00	390.00
1709.00	407.00
1710.00	416.00
1711.00	400.00
1712.00	371.00
1713.00	368.00
1714.00	387.00
1715.00	377.00
1716.00	362.00
1717.00	352.00
1718.00	376.00
1719.00	382.00
1720.00	367.00
1721.00	360.00
1722.00	386.00
1723.00	378.00
1724.00	349.00
1725.00	338.00
1726.00	408.00
1727.00	353.00
1728.00	382.00
1729.00	368.00
1730.00	349.00
1731.00	368.00
1732.00	363.00
1733.00	401.00
1734.00	401.00
1735.00	400.00
1736.00	386.00
1737.00	352.00
1738.00	337.00
1739.00	379.00
1740.00	387.00
1741.00	318.00
1742.00	348.00
1743.00	336.00
1744.00	392.00
1745.00	341.00
1746.00	337.00
1747.00	362.00
1748.00	342.00
1749.00	364.00
1750.00	353.00
1751.00	337.00
1752.00	379.00
1753.00	366.00
1754.00	371.00
1755.00	362.00
1756.00	389.00
1757.00	378.00
1758.00	390.00
1759.00	379.00
1760.00	393.00
1761.00	396.00
1762.00	374.00
1763.00	393.00
1764.00	383.00
1765.00	373.00
1766.00	353.00
1767.00	365.00
1768.00	386.00
1769.00	393.00
1770.00	391.00
1771.00	375.00
1772.00	360.00
1773.00	382.00
1774.00	397.00
1775.00	391.00
1776.00	379.00
1777.00	373.00
1778.00	366.00
1779.00	359.00
1780.00	354.00
1781.00	372.00
1782.00	366.00
1783.00	387.00
1784.00	333.00
1785.00	335.00
1786.00	345.00
1787.00	304.00
1788.00	353.00
1789.00	367.00
1790.00	351.00
1791.00	334.00
1792.00	324.00
1793.00	338.00
1794.00	310.00
1795.00	289.00
1796.00	319.00
1797.00	322.00
1798.00	361.00
1799.00	328.00
1800.00	299.00
1801.00	311.00
1802.00	300.00
1803.00	291.00
1804.00	297.00
1805.00	274.00
1806.00	294.00
1807.00	267.00
1808.00	279.00
1809.00	304.00
1810.00	287.00
1811.00	267.00
1812.00	288.00
1813.00	317.00
1814.00	260.00
1815.00	272.00
1816.00	273.00
1817.00	260.00
1818.00	303.00
1819.00	239.00
1820.00	254.00
1821.00	258.00
1822.00	217.00
1823.00	250.00
1824.00	249.00
1825.00	235.00
1826.00	243.00
1827.00	216.00
1828.00	249.00
1829.00	259.00
1830.00	219.00
1831.00	256.00
1832.00	229.00
1833.00	227.00
1834.00	233.00
1835.00	245.00
1836.00	233.00
1837.00	222.00
1838.00	225.00
1839.00	230.00
1840.00	196.00
1841.00	214.00
1842.00	223.00
1843.00	214.00
1844.00	203.00
1845.00	207.00
1846.00	192.00
1847.00	182.00
1848.00	200.00
1849.00	195.00
1850.00	201.00
1851.00	199.00
1852.00	228.00
1853.00	201.00
1854.00	191.00
1855.00	174.00
1856.00	214.00
1857.00	175.00
1858.00	206.00
1859.00	215.00
1860.00	208.00
1861.00	182.00
1862.00	173.00
1863.00	179.00
1864.00	189.00
1865.00	182.00
1866.00	188.00
1867.00	188.00
1868.00	191.00
1869.00	171.00
1870.00	197.00
1871.00	188.00
1872.00	188.00
1873.00	209.00
1874.00	203.00
1875.00	190.00
1876.00	209.00
1877.00	217.00
1878.00	196.00
1879.00	233.00
1880.00	194.00
1881.00	228.00
1882.00	215.00
1883.00	239.00
1884.00	219.00
1885.00	210.00
1886.00	216.00
1887.00	231.00
1888.00	250.00
1889.00	235.00
1890.00	226.00
1891.00	238.00
1892.00	178.00
1893.00	222.00
1894.00	227.00
1895.00	224.00
1896.00	200.00
1897.00	197.00
1898.00	198.00
1899.00	193.00
1900.00	185.00
1901.00	191.00
1902.00	205.00
1903.00	191.00
1904.00	172.00
1905.00	166.00
1906.00	164.00
1907.00	176.00
1908.00	170.00
1909.00	170.00
1910.00	146.00
1911.00	146.00
1912.00	164.00
1913.00	175.00
1914.00	153.00
1915.00	141.00
1916.00	148.00
1917.00	174.00
1918.00	139.00
1919.00	146.00
1920.00	153.00
1921.00	160.00
1922.00	144.00
1923.00	139.00
1924.00	136.00
1925.00	141.00
1926.00	148.00
1927.00	153.00
1928.00	164.00
1929.00	169.00
1930.00	141.00
1931.00	155.00
1932.00	137.00
1933.00	147.00
1934.00	125.00
1935.00	124.00
1936.00	137.00
1937.00	136.00
1938.00	122.00
1939.00	133.00
1940.00	115.00
1941.00	126.00
1942.00	115.00
1943.00	142.00
1944.00	104.00
1945.00	104.00
1946.00	130.00
1947.00	110.00
1948.00	140.00
1949.00	112.00
1950.00	118.00
1951.00	108.00
1952.00	123.00
1953.00	119.00
1954.00	128.00
1955.00	116.00
1956.00	118.00
1957.00	118.00
1958.00	101.00
1959.00	106.00
1960.00	100.00
1961.00	118.00
1962.00	116.00
1963.00	114.00
1964.00	116.00
1965.00	109.00
1966.00	112.00
1967.00	106.00
1968.00	120.00
1969.00	91.00
1970.00	103.00
1971.00	115.00
1972.00	117.00
1973.00	107.00
1974.00	111.00
1975.00	105.00
1976.00	110.00
1977.00	105.00
1978.00	111.00
1979.00	115.00
1980.00	94.00
1981.00	122.00
1982.00	107.00
1983.00	113.00
1984.00	109.00
1985.00	113.00
1986.00	116.00
1987.00	87.00
1988.00	106.00
1989.00	108.00
1990.00	115.00
1991.00	103.00
1992.00	83.00
1993.00	74.00
1994.00	103.00
1995.00	79.00
1996.00	90.00
1997.00	93.00
1998.00	93.00
1999.00	80.00
2000.00	90.00
2001.00	94.00
2002.00	85.00
2003.00	84.00
2004.00	106.00
2005.00	89.00
2006.00	93.00
2007.00	85.00
2008.00	88.00
2009.00	90.00
2010.00	77.00
2011.00	96.00
2012.00	98.00
2013.00	90.00
2014.00	98.00
2015.00	84.00
2016.00	89.00
2017.00	80.00
2018.00	84.00
2019.00	80.00
2020.00	81.00
2021.00	63.00
2022.00	98.00
2023.00	92.00
2024.00	67.00
2025.00	78.00
2026.00	85.00
2027.00	83.00
2028.00	78.00
2029.00	68.00
2030.00	89.00
2031.00	92.00
2032.00	70.00
2033.00	84.00
2034.00	72.00
2035.00	80.00
2036.00	87.00
2037.00	81.00
2038.00	81.00
2039.00	86.00
2040.00	75.00
2041.00	80.00
2042.00	76.00
2043.00	70.00
2044.00	81.00
2045.00	52.00
2046.00	65.00
2047.00	76.00
2048.00	 0.00
