Date:	2023-09-18		
Time:	19:54		
Sample name:	Pellets		
Position:	332.600011	mm	
Sample surface:	5.990530	cm	
Tube anode:	Mo		
Tube voltage:	30	kV	
Tube current:	50	mA	
Comments	not in position		
Gain	5.810000		
peaking_time	0.300000	m-sec	
trigger_threshold	30.000000	V	
mca_bin_width	2.000000	no:	
number_mca_channels	2048.000000	no:	
gap_time	0.100000	m-sec	
trigger_peaking_time	0.050000	m-sec	
livetime	17.265599	seconds	
runtime	20.000013	seconds	
input_count_rate	112591.752414	cps	
output_count_rate	97198.134391	cps	
triggers	2173930.000000	seconds	
events_in_run	1934305.000000	seconds	
channel	content		
 1.00	 0.00
 2.00	 0.00
 3.00	 0.00
 4.00	 0.00
 5.00	 0.00
 6.00	 0.00
 7.00	 0.00
 8.00	 0.00
 9.00	 0.00
10.00	 0.00
11.00	 0.00
12.00	 0.00
13.00	 0.00
14.00	 0.00
15.00	 0.00
16.00	 0.00
17.00	 0.00
18.00	 0.00
19.00	 0.00
20.00	 0.00
21.00	 0.00
22.00	 0.00
23.00	 0.00
24.00	 0.00
25.00	 0.00
26.00	 0.00
27.00	 0.00
28.00	 0.00
29.00	 0.00
30.00	 0.00
31.00	 0.00
32.00	 2.00
33.00	 1.00
34.00	 2.00
35.00	 7.00
36.00	 8.00
37.00	14.00
38.00	16.00
39.00	32.00
40.00	38.00
41.00	51.00
42.00	53.00
43.00	80.00
44.00	107.00
45.00	131.00
46.00	151.00
47.00	147.00
48.00	182.00
49.00	192.00
50.00	215.00
51.00	233.00
52.00	274.00
53.00	246.00
54.00	282.00
55.00	320.00
56.00	310.00
57.00	323.00
58.00	342.00
59.00	332.00
60.00	325.00
61.00	343.00
62.00	366.00
63.00	357.00
64.00	347.00
65.00	378.00
66.00	346.00
67.00	391.00
68.00	368.00
69.00	356.00
70.00	364.00
71.00	384.00
72.00	358.00
73.00	389.00
74.00	371.00
75.00	339.00
76.00	368.00
77.00	368.00
78.00	348.00
79.00	382.00
80.00	387.00
81.00	334.00
82.00	371.00
83.00	364.00
84.00	378.00
85.00	379.00
86.00	360.00
87.00	336.00
88.00	374.00
89.00	336.00
90.00	316.00
91.00	345.00
92.00	362.00
93.00	342.00
94.00	335.00
95.00	323.00
96.00	300.00
97.00	330.00
98.00	322.00
99.00	282.00
100.00	273.00
101.00	295.00
102.00	304.00
103.00	316.00
104.00	291.00
105.00	271.00
106.00	278.00
107.00	280.00
108.00	301.00
109.00	268.00
110.00	247.00
111.00	257.00
112.00	250.00
113.00	265.00
114.00	277.00
115.00	252.00
116.00	275.00
117.00	267.00
118.00	275.00
119.00	292.00
120.00	284.00
121.00	262.00
122.00	271.00
123.00	248.00
124.00	241.00
125.00	222.00
126.00	187.00
127.00	240.00
128.00	203.00
129.00	208.00
130.00	202.00
131.00	220.00
132.00	199.00
133.00	202.00
134.00	200.00
135.00	245.00
136.00	231.00
137.00	258.00
138.00	326.00
139.00	373.00
140.00	515.00
141.00	662.00
142.00	724.00
143.00	936.00
144.00	947.00
145.00	965.00
146.00	919.00
147.00	896.00
148.00	716.00
149.00	661.00
150.00	601.00
151.00	523.00
152.00	490.00
153.00	510.00
154.00	432.00
155.00	410.00
156.00	427.00
157.00	393.00
158.00	415.00
159.00	523.00
160.00	790.00
161.00	1317.00
162.00	2049.00
163.00	3303.00
164.00	5085.00
165.00	7136.00
166.00	9376.00
167.00	10902.00
168.00	12521.00
169.00	13045.00
170.00	12572.00
171.00	11408.00
172.00	9380.00
173.00	7474.00
174.00	5624.00
175.00	3914.00
176.00	2663.00
177.00	1963.00
178.00	1440.00
179.00	1091.00
180.00	901.00
181.00	850.00
182.00	746.00
183.00	690.00
184.00	635.00
185.00	687.00
186.00	788.00
187.00	827.00
188.00	902.00
189.00	919.00
190.00	876.00
191.00	869.00
192.00	807.00
193.00	733.00
194.00	640.00
195.00	577.00
196.00	493.00
197.00	420.00
198.00	336.00
199.00	307.00
200.00	260.00
201.00	223.00
202.00	222.00
203.00	206.00
204.00	199.00
205.00	195.00
206.00	210.00
207.00	207.00
208.00	210.00
209.00	180.00
210.00	227.00
211.00	197.00
212.00	202.00
213.00	208.00
214.00	220.00
215.00	220.00
216.00	252.00
217.00	320.00
218.00	344.00
219.00	358.00
220.00	374.00
221.00	446.00
222.00	482.00
223.00	456.00
224.00	465.00
225.00	456.00
226.00	427.00
227.00	373.00
228.00	325.00
229.00	282.00
230.00	234.00
231.00	231.00
232.00	191.00
233.00	183.00
234.00	205.00
235.00	192.00
236.00	189.00
237.00	203.00
238.00	182.00
239.00	202.00
240.00	212.00
241.00	164.00
242.00	205.00
243.00	186.00
244.00	189.00
245.00	184.00
246.00	202.00
247.00	173.00
248.00	171.00
249.00	187.00
250.00	189.00
251.00	211.00
252.00	209.00
253.00	206.00
254.00	206.00
255.00	195.00
256.00	203.00
257.00	241.00
258.00	223.00
259.00	180.00
260.00	213.00
261.00	206.00
262.00	238.00
263.00	237.00
264.00	248.00
265.00	279.00
266.00	243.00
267.00	313.00
268.00	311.00
269.00	252.00
270.00	264.00
271.00	253.00
272.00	271.00
273.00	266.00
274.00	253.00
275.00	239.00
276.00	307.00
277.00	327.00
278.00	392.00
279.00	560.00
280.00	750.00
281.00	987.00
282.00	1265.00
283.00	1512.00
284.00	1821.00
285.00	2054.00
286.00	2155.00
287.00	2161.00
288.00	2097.00
289.00	1926.00
290.00	1695.00
291.00	1453.00
292.00	1159.00
293.00	845.00
294.00	694.00
295.00	518.00
296.00	391.00
297.00	304.00
298.00	237.00
299.00	239.00
300.00	241.00
301.00	279.00
302.00	280.00
303.00	353.00
304.00	354.00
305.00	446.00
306.00	472.00
307.00	570.00
308.00	716.00
309.00	891.00
310.00	1179.00
311.00	1735.00
312.00	2433.00
313.00	3513.00
314.00	4938.00
315.00	6862.00
316.00	8925.00
317.00	11366.00
318.00	13569.00
319.00	15439.00
320.00	16888.00
321.00	17494.00
322.00	17124.00
323.00	16022.00
324.00	14152.00
325.00	11979.00
326.00	9479.00
327.00	7302.00
328.00	5315.00
329.00	3694.00
330.00	2592.00
331.00	1681.00
332.00	1070.00
333.00	759.00
334.00	564.00
335.00	495.00
336.00	479.00
337.00	530.00
338.00	658.00
339.00	763.00
340.00	1054.00
341.00	1303.00
342.00	1786.00
343.00	2279.00
344.00	2862.00
345.00	4002.00
346.00	5352.00
347.00	7286.00
348.00	9984.00
349.00	13599.00
350.00	18468.00
351.00	24585.00
352.00	31626.00
353.00	38769.00
354.00	46708.00
355.00	53186.00
356.00	58255.00
357.00	60505.00
358.00	60814.00
359.00	57808.00
360.00	52768.00
361.00	45374.00
362.00	37600.00
363.00	29581.00
364.00	22471.00
365.00	16079.00
366.00	10935.00
367.00	7453.00
368.00	4792.00
369.00	2994.00
370.00	1808.00
371.00	1284.00
372.00	899.00
373.00	697.00
374.00	677.00
375.00	747.00
376.00	822.00
377.00	1001.00
378.00	1376.00
379.00	1690.00
380.00	2351.00
381.00	3048.00
382.00	3864.00
383.00	4824.00
384.00	5997.00
385.00	7036.00
386.00	7990.00
387.00	8632.00
388.00	9199.00
389.00	9152.00
390.00	8773.00
391.00	8203.00
392.00	7206.00
393.00	5996.00
394.00	4947.00
395.00	3982.00
396.00	3045.00
397.00	2258.00
398.00	1630.00
399.00	1182.00
400.00	875.00
401.00	696.00
402.00	609.00
403.00	464.00
404.00	376.00
405.00	359.00
406.00	314.00
407.00	307.00
408.00	289.00
409.00	281.00
410.00	293.00
411.00	302.00
412.00	327.00
413.00	350.00
414.00	303.00
415.00	345.00
416.00	364.00
417.00	381.00
418.00	404.00
419.00	439.00
420.00	487.00
421.00	634.00
422.00	751.00
423.00	1011.00
424.00	1403.00
425.00	1840.00
426.00	2529.00
427.00	3371.00
428.00	4408.00
429.00	5939.00
430.00	7589.00
431.00	9308.00
432.00	10962.00
433.00	12645.00
434.00	14205.00
435.00	14901.00
436.00	15429.00
437.00	15089.00
438.00	14558.00
439.00	13167.00
440.00	11743.00
441.00	10120.00
442.00	8498.00
443.00	6815.00
444.00	5570.00
445.00	4486.00
446.00	3748.00
447.00	3292.00
448.00	2949.00
449.00	2519.00
450.00	2426.00
451.00	2298.00
452.00	2120.00
453.00	1996.00
454.00	1714.00
455.00	1664.00
456.00	1441.00
457.00	1308.00
458.00	1238.00
459.00	1104.00
460.00	1157.00
461.00	1211.00
462.00	1341.00
463.00	1469.00
464.00	1564.00
465.00	1793.00
466.00	1847.00
467.00	2102.00
468.00	2296.00
469.00	2463.00
470.00	2773.00
471.00	3084.00
472.00	3294.00
473.00	3502.00
474.00	3704.00
475.00	3890.00
476.00	3906.00
477.00	3944.00
478.00	3922.00
479.00	3786.00
480.00	3605.00
481.00	3170.00
482.00	2884.00
483.00	2407.00
484.00	2150.00
485.00	1787.00
486.00	1612.00
487.00	1301.00
488.00	1178.00
489.00	1038.00
490.00	983.00
491.00	816.00
492.00	905.00
493.00	882.00
494.00	993.00
495.00	989.00
496.00	1006.00
497.00	1025.00
498.00	1081.00
499.00	1117.00
500.00	1120.00
501.00	1184.00
502.00	1213.00
503.00	1279.00
504.00	1199.00
505.00	1260.00
506.00	1240.00
507.00	1351.00
508.00	1338.00
509.00	1404.00
510.00	1448.00
511.00	1488.00
512.00	1483.00
513.00	1594.00
514.00	1672.00
515.00	1689.00
516.00	1951.00
517.00	2003.00
518.00	2149.00
519.00	2204.00
520.00	2369.00
521.00	2392.00
522.00	2601.00
523.00	2519.00
524.00	2545.00
525.00	2545.00
526.00	2410.00
527.00	2265.00
528.00	2300.00
529.00	2045.00
530.00	2011.00
531.00	1846.00
532.00	1849.00
533.00	1805.00
534.00	1724.00
535.00	1693.00
536.00	1704.00
537.00	1659.00
538.00	1744.00
539.00	1703.00
540.00	1777.00
541.00	1774.00
542.00	1758.00
543.00	1765.00
544.00	1730.00
545.00	1773.00
546.00	1821.00
547.00	1927.00
548.00	1872.00
549.00	1814.00
550.00	1794.00
551.00	1875.00
552.00	1940.00
553.00	2063.00
554.00	2258.00
555.00	2475.00
556.00	2688.00
557.00	3354.00
558.00	3912.00
559.00	5219.00
560.00	6336.00
561.00	8020.00
562.00	9896.00
563.00	11926.00
564.00	14294.00
565.00	16985.00
566.00	19148.00
567.00	21150.00
568.00	22737.00
569.00	23595.00
570.00	23804.00
571.00	23138.00
572.00	22130.00
573.00	20370.00
574.00	18311.00
575.00	16145.00
576.00	13459.00
577.00	11374.00
578.00	9087.00
579.00	7408.00
580.00	5751.00
581.00	4764.00
582.00	3731.00
583.00	3149.00
584.00	2732.00
585.00	2486.00
586.00	2347.00
587.00	2145.00
588.00	2371.00
589.00	2230.00
590.00	2256.00
591.00	2395.00
592.00	2614.00
593.00	2656.00
594.00	2775.00
595.00	3007.00
596.00	3270.00
597.00	3673.00
598.00	4275.00
599.00	5281.00
600.00	6490.00
601.00	8514.00
602.00	11897.00
603.00	16438.00
604.00	23151.00
605.00	33132.00
606.00	46467.00
607.00	64726.00
608.00	87889.00
609.00	117036.00
610.00	151009.00
611.00	190699.00
612.00	234946.00
613.00	279217.00
614.00	324488.00
615.00	364623.00
616.00	397136.00
617.00	421827.00
618.00	432946.00
619.00	432209.00
620.00	416499.00
621.00	391491.00
622.00	355990.00
623.00	314821.00
624.00	271075.00
625.00	225976.00
626.00	182889.00
627.00	143996.00
628.00	110438.00
629.00	82811.00
630.00	60408.00
631.00	43761.00
632.00	31141.00
633.00	21668.00
634.00	15338.00
635.00	11175.00
636.00	7999.00
637.00	6378.00
638.00	5157.00
639.00	4361.00
640.00	3944.00
641.00	3687.00
642.00	3553.00
643.00	3251.00
644.00	3248.00
645.00	3210.00
646.00	3344.00
647.00	3333.00
648.00	3410.00
649.00	3443.00
650.00	3406.00
651.00	3522.00
652.00	3589.00
653.00	3616.00
654.00	3793.00
655.00	3800.00
656.00	3939.00
657.00	4086.00
658.00	4243.00
659.00	4351.00
660.00	4669.00
661.00	4804.00
662.00	5226.00
663.00	5521.00
664.00	5996.00
665.00	6860.00
666.00	7873.00
667.00	9296.00
668.00	10885.00
669.00	13397.00
670.00	16410.00
671.00	19820.00
672.00	24441.00
673.00	29665.00
674.00	35421.00
675.00	41905.00
676.00	48157.00
677.00	54509.00
678.00	59983.00
679.00	64338.00
680.00	68107.00
681.00	69978.00
682.00	69833.00
683.00	67399.00
684.00	64095.00
685.00	59666.00
686.00	53632.00
687.00	47352.00
688.00	40135.00
689.00	33845.00
690.00	27736.00
691.00	22300.00
692.00	17822.00
693.00	13822.00
694.00	10631.00
695.00	8393.00
696.00	6684.00
697.00	5401.00
698.00	4659.00
699.00	3983.00
700.00	3581.00
701.00	3263.00
702.00	3274.00
703.00	3238.00
704.00	3273.00
705.00	3221.00
706.00	3217.00
707.00	3261.00
708.00	3403.00
709.00	3486.00
710.00	3636.00
711.00	3555.00
712.00	3834.00
713.00	4010.00
714.00	4161.00
715.00	4310.00
716.00	4384.00
717.00	4717.00
718.00	4908.00
719.00	4947.00
720.00	5014.00
721.00	5150.00
722.00	5155.00
723.00	5018.00
724.00	4961.00
725.00	4882.00
726.00	4653.00
727.00	4509.00
728.00	4346.00
729.00	4093.00
730.00	3933.00
731.00	3829.00
732.00	3838.00
733.00	3565.00
734.00	3501.00
735.00	3433.00
736.00	3372.00
737.00	3334.00
738.00	3335.00
739.00	3274.00
740.00	3235.00
741.00	3191.00
742.00	3209.00
743.00	3228.00
744.00	3100.00
745.00	3143.00
746.00	3135.00
747.00	3239.00
748.00	3157.00
749.00	3153.00
750.00	3204.00
751.00	3204.00
752.00	3181.00
753.00	3189.00
754.00	3169.00
755.00	3178.00
756.00	3372.00
757.00	3397.00
758.00	3372.00
759.00	3478.00
760.00	3507.00
761.00	3580.00
762.00	3612.00
763.00	3727.00
764.00	3705.00
765.00	3937.00
766.00	4066.00
767.00	4285.00
768.00	4354.00
769.00	4483.00
770.00	4717.00
771.00	4827.00
772.00	5031.00
773.00	5199.00
774.00	5241.00
775.00	5490.00
776.00	5510.00
777.00	5700.00
778.00	5727.00
779.00	5579.00
780.00	5571.00
781.00	5550.00
782.00	5574.00
783.00	5410.00
784.00	5359.00
785.00	5283.00
786.00	5193.00
787.00	5211.00
788.00	5179.00
789.00	5269.00
790.00	5476.00
791.00	5290.00
792.00	5325.00
793.00	5534.00
794.00	5491.00
795.00	5512.00
796.00	5511.00
797.00	5483.00
798.00	5523.00
799.00	5385.00
800.00	5597.00
801.00	5567.00
802.00	5522.00
803.00	5470.00
804.00	5479.00
805.00	5714.00
806.00	5595.00
807.00	5681.00
808.00	5747.00
809.00	5548.00
810.00	5537.00
811.00	5634.00
812.00	5501.00
813.00	5462.00
814.00	5613.00
815.00	5617.00
816.00	5781.00
817.00	5690.00
818.00	5666.00
819.00	5919.00
820.00	6165.00
821.00	6355.00
822.00	6569.00
823.00	6947.00
824.00	7462.00
825.00	7860.00
826.00	8297.00
827.00	9062.00
828.00	9419.00
829.00	9918.00
830.00	10477.00
831.00	10675.00
832.00	10995.00
833.00	11070.00
834.00	11216.00
835.00	10935.00
836.00	10747.00
837.00	10281.00
838.00	9734.00
839.00	9345.00
840.00	8936.00
841.00	8277.00
842.00	7873.00
843.00	7324.00
844.00	6877.00
845.00	6596.00
846.00	6263.00
847.00	5880.00
848.00	5866.00
849.00	5760.00
850.00	5602.00
851.00	5586.00
852.00	5513.00
853.00	5654.00
854.00	5558.00
855.00	5717.00
856.00	5711.00
857.00	5590.00
858.00	5733.00
859.00	5705.00
860.00	5679.00
861.00	5701.00
862.00	5670.00
863.00	5652.00
864.00	5646.00
865.00	5734.00
866.00	5644.00
867.00	5727.00
868.00	5696.00
869.00	5838.00
870.00	5652.00
871.00	5718.00
872.00	5822.00
873.00	5834.00
874.00	5796.00
875.00	5948.00
876.00	5862.00
877.00	6003.00
878.00	5958.00
879.00	6074.00
880.00	6049.00
881.00	6117.00
882.00	6260.00
883.00	6275.00
884.00	6422.00
885.00	6373.00
886.00	6537.00
887.00	6575.00
888.00	6573.00
889.00	6692.00
890.00	6697.00
891.00	6854.00
892.00	6746.00
893.00	6837.00
894.00	6829.00
895.00	6737.00
896.00	6888.00
897.00	6802.00
898.00	6991.00
899.00	6895.00
900.00	6800.00
901.00	6804.00
902.00	6653.00
903.00	6644.00
904.00	6872.00
905.00	6811.00
906.00	6790.00
907.00	6805.00
908.00	6902.00
909.00	6859.00
910.00	6933.00
911.00	6857.00
912.00	6950.00
913.00	7052.00
914.00	7153.00
915.00	7134.00
916.00	7240.00
917.00	7451.00
918.00	7541.00
919.00	7655.00
920.00	7585.00
921.00	7887.00
922.00	7751.00
923.00	7927.00
924.00	8084.00
925.00	7876.00
926.00	7938.00
927.00	8051.00
928.00	7934.00
929.00	7894.00
930.00	7791.00
931.00	7869.00
932.00	7664.00
933.00	7519.00
934.00	7531.00
935.00	7345.00
936.00	7407.00
937.00	7325.00
938.00	7310.00
939.00	7246.00
940.00	7087.00
941.00	7110.00
942.00	7167.00
943.00	7135.00
944.00	7051.00
945.00	7044.00
946.00	7008.00
947.00	7174.00
948.00	6993.00
949.00	7120.00
950.00	6856.00
951.00	6903.00
952.00	7062.00
953.00	7055.00
954.00	7062.00
955.00	6975.00
956.00	7223.00
957.00	7027.00
958.00	7052.00
959.00	6972.00
960.00	6998.00
961.00	7157.00
962.00	7165.00
963.00	7260.00
964.00	7079.00
965.00	6965.00
966.00	7206.00
967.00	7148.00
968.00	7254.00
969.00	7198.00
970.00	7027.00
971.00	7306.00
972.00	7244.00
973.00	7340.00
974.00	7111.00
975.00	7343.00
976.00	7195.00
977.00	7266.00
978.00	7196.00
979.00	7361.00
980.00	7200.00
981.00	7226.00
982.00	7234.00
983.00	7332.00
984.00	7284.00
985.00	7251.00
986.00	7256.00
987.00	7155.00
988.00	7333.00
989.00	7188.00
990.00	7155.00
991.00	7301.00
992.00	7272.00
993.00	7497.00
994.00	7164.00
995.00	7221.00
996.00	7268.00
997.00	7284.00
998.00	7280.00
999.00	7229.00
1000.00	7203.00
1001.00	7321.00
1002.00	7385.00
1003.00	7634.00
1004.00	7565.00
1005.00	7502.00
1006.00	7537.00
1007.00	7676.00
1008.00	7795.00
1009.00	7674.00
1010.00	7973.00
1011.00	7858.00
1012.00	8033.00
1013.00	8214.00
1014.00	8131.00
1015.00	8300.00
1016.00	8098.00
1017.00	8088.00
1018.00	8266.00
1019.00	8142.00
1020.00	7889.00
1021.00	8026.00
1022.00	7873.00
1023.00	7837.00
1024.00	8115.00
1025.00	7708.00
1026.00	7599.00
1027.00	7446.00
1028.00	7667.00
1029.00	7441.00
1030.00	7443.00
1031.00	7400.00
1032.00	7439.00
1033.00	7321.00
1034.00	7343.00
1035.00	7262.00
1036.00	7303.00
1037.00	7381.00
1038.00	7481.00
1039.00	7306.00
1040.00	7276.00
1041.00	7513.00
1042.00	7381.00
1043.00	7296.00
1044.00	7342.00
1045.00	7329.00
1046.00	7338.00
1047.00	7575.00
1048.00	7367.00
1049.00	7460.00
1050.00	7472.00
1051.00	7653.00
1052.00	7471.00
1053.00	7539.00
1054.00	7600.00
1055.00	7498.00
1056.00	7466.00
1057.00	7560.00
1058.00	7516.00
1059.00	7579.00
1060.00	7477.00
1061.00	7533.00
1062.00	7622.00
1063.00	7703.00
1064.00	7584.00
1065.00	7614.00
1066.00	7830.00
1067.00	7633.00
1068.00	7535.00
1069.00	7637.00
1070.00	7629.00
1071.00	7644.00
1072.00	7556.00
1073.00	7727.00
1074.00	7784.00
1075.00	7635.00
1076.00	7794.00
1077.00	7758.00
1078.00	7742.00
1079.00	7880.00
1080.00	7840.00
1081.00	7868.00
1082.00	7874.00
1083.00	7746.00
1084.00	7870.00
1085.00	7970.00
1086.00	7876.00
1087.00	8130.00
1088.00	7815.00
1089.00	7978.00
1090.00	7710.00
1091.00	7856.00
1092.00	7989.00
1093.00	7898.00
1094.00	7807.00
1095.00	7863.00
1096.00	7881.00
1097.00	7854.00
1098.00	7791.00
1099.00	7907.00
1100.00	7850.00
1101.00	7994.00
1102.00	7842.00
1103.00	7942.00
1104.00	8002.00
1105.00	7753.00
1106.00	7939.00
1107.00	7985.00
1108.00	7938.00
1109.00	7843.00
1110.00	8061.00
1111.00	7908.00
1112.00	8082.00
1113.00	8039.00
1114.00	7913.00
1115.00	7860.00
1116.00	7946.00
1117.00	8033.00
1118.00	8049.00
1119.00	7907.00
1120.00	7894.00
1121.00	7905.00
1122.00	7965.00
1123.00	7913.00
1124.00	7787.00
1125.00	7915.00
1126.00	8090.00
1127.00	7972.00
1128.00	8069.00
1129.00	7880.00
1130.00	8028.00
1131.00	7868.00
1132.00	7816.00
1133.00	7904.00
1134.00	7922.00
1135.00	7943.00
1136.00	7993.00
1137.00	8088.00
1138.00	7939.00
1139.00	8185.00
1140.00	7997.00
1141.00	8206.00
1142.00	8310.00
1143.00	8239.00
1144.00	8155.00
1145.00	8289.00
1146.00	8176.00
1147.00	8390.00
1148.00	8559.00
1149.00	8431.00
1150.00	8350.00
1151.00	8458.00
1152.00	8302.00
1153.00	8142.00
1154.00	8205.00
1155.00	8114.00
1156.00	8273.00
1157.00	8206.00
1158.00	8081.00
1159.00	8182.00
1160.00	8106.00
1161.00	7948.00
1162.00	7947.00
1163.00	7767.00
1164.00	7873.00
1165.00	7695.00
1166.00	7914.00
1167.00	7826.00
1168.00	7821.00
1169.00	7840.00
1170.00	7670.00
1171.00	7802.00
1172.00	8060.00
1173.00	7972.00
1174.00	7743.00
1175.00	7793.00
1176.00	7788.00
1177.00	7923.00
1178.00	7874.00
1179.00	7903.00
1180.00	7854.00
1181.00	7787.00
1182.00	7736.00
1183.00	7929.00
1184.00	7871.00
1185.00	7862.00
1186.00	7837.00
1187.00	7877.00
1188.00	7967.00
1189.00	7952.00
1190.00	7892.00
1191.00	7717.00
1192.00	7898.00
1193.00	8059.00
1194.00	7852.00
1195.00	7950.00
1196.00	7986.00
1197.00	8132.00
1198.00	8070.00
1199.00	7878.00
1200.00	7905.00
1201.00	8162.00
1202.00	7797.00
1203.00	7830.00
1204.00	8025.00
1205.00	8187.00
1206.00	8096.00
1207.00	8044.00
1208.00	8145.00
1209.00	8222.00
1210.00	8289.00
1211.00	8424.00
1212.00	8437.00
1213.00	8429.00
1214.00	8548.00
1215.00	8388.00
1216.00	8421.00
1217.00	8601.00
1218.00	8569.00
1219.00	8432.00
1220.00	8591.00
1221.00	8670.00
1222.00	8743.00
1223.00	8575.00
1224.00	8705.00
1225.00	8759.00
1226.00	8631.00
1227.00	8809.00
1228.00	8766.00
1229.00	8665.00
1230.00	8859.00
1231.00	8656.00
1232.00	8742.00
1233.00	9019.00
1234.00	8794.00
1235.00	8729.00
1236.00	8564.00
1237.00	8726.00
1238.00	8558.00
1239.00	8587.00
1240.00	8562.00
1241.00	8567.00
1242.00	8391.00
1243.00	8384.00
1244.00	8282.00
1245.00	8201.00
1246.00	8270.00
1247.00	8137.00
1248.00	8290.00
1249.00	8319.00
1250.00	8226.00
1251.00	8138.00
1252.00	8085.00
1253.00	7980.00
1254.00	7890.00
1255.00	7986.00
1256.00	7995.00
1257.00	8012.00
1258.00	7872.00
1259.00	7968.00
1260.00	7938.00
1261.00	8174.00
1262.00	7973.00
1263.00	7873.00
1264.00	7947.00
1265.00	8025.00
1266.00	8048.00
1267.00	7858.00
1268.00	7844.00
1269.00	8314.00
1270.00	8060.00
1271.00	8135.00
1272.00	8188.00
1273.00	8224.00
1274.00	8095.00
1275.00	8308.00
1276.00	8341.00
1277.00	8487.00
1278.00	8535.00
1279.00	8645.00
1280.00	8717.00
1281.00	8961.00
1282.00	8920.00
1283.00	9317.00
1284.00	8999.00
1285.00	9377.00
1286.00	9596.00
1287.00	9675.00
1288.00	9646.00
1289.00	9580.00
1290.00	9740.00
1291.00	9828.00
1292.00	9468.00
1293.00	9723.00
1294.00	9494.00
1295.00	9476.00
1296.00	9407.00
1297.00	9241.00
1298.00	9170.00
1299.00	8883.00
1300.00	8737.00
1301.00	8656.00
1302.00	8528.00
1303.00	8587.00
1304.00	8330.00
1305.00	8224.00
1306.00	8002.00
1307.00	8203.00
1308.00	7929.00
1309.00	7961.00
1310.00	7870.00
1311.00	7935.00
1312.00	7735.00
1313.00	7746.00
1314.00	7664.00
1315.00	7743.00
1316.00	7779.00
1317.00	7917.00
1318.00	7774.00
1319.00	7760.00
1320.00	7669.00
1321.00	7794.00
1322.00	7533.00
1323.00	7796.00
1324.00	7664.00
1325.00	7624.00
1326.00	7655.00
1327.00	7662.00
1328.00	7611.00
1329.00	7482.00
1330.00	7666.00
1331.00	7792.00
1332.00	7747.00
1333.00	7490.00
1334.00	7661.00
1335.00	7534.00
1336.00	7811.00
1337.00	7650.00
1338.00	7572.00
1339.00	7560.00
1340.00	7513.00
1341.00	7744.00
1342.00	7564.00
1343.00	7550.00
1344.00	7811.00
1345.00	7721.00
1346.00	7816.00
1347.00	7553.00
1348.00	7807.00
1349.00	7843.00
1350.00	7940.00
1351.00	7920.00
1352.00	8171.00
1353.00	8059.00
1354.00	8321.00
1355.00	8386.00
1356.00	8226.00
1357.00	8387.00
1358.00	8504.00
1359.00	8522.00
1360.00	8674.00
1361.00	8851.00
1362.00	8888.00
1363.00	8935.00
1364.00	8762.00
1365.00	8732.00
1366.00	8823.00
1367.00	8633.00
1368.00	8463.00
1369.00	8510.00
1370.00	8468.00
1371.00	8290.00
1372.00	8012.00
1373.00	8150.00
1374.00	7842.00
1375.00	7769.00
1376.00	7723.00
1377.00	7519.00
1378.00	7493.00
1379.00	7411.00
1380.00	7369.00
1381.00	7443.00
1382.00	7341.00
1383.00	7296.00
1384.00	7110.00
1385.00	7113.00
1386.00	7019.00
1387.00	6979.00
1388.00	6987.00
1389.00	7037.00
1390.00	6977.00
1391.00	6971.00
1392.00	6927.00
1393.00	6983.00
1394.00	7077.00
1395.00	7130.00
1396.00	6902.00
1397.00	6859.00
1398.00	6906.00
1399.00	7014.00
1400.00	6999.00
1401.00	6751.00
1402.00	6913.00
1403.00	6843.00
1404.00	6731.00
1405.00	6820.00
1406.00	6725.00
1407.00	6898.00
1408.00	6854.00
1409.00	6934.00
1410.00	6579.00
1411.00	6718.00
1412.00	6929.00
1413.00	6820.00
1414.00	6711.00
1415.00	6760.00
1416.00	6987.00
1417.00	6959.00
1418.00	6957.00
1419.00	6939.00
1420.00	6963.00
1421.00	6860.00
1422.00	6983.00
1423.00	6925.00
1424.00	6702.00
1425.00	6961.00
1426.00	6841.00
1427.00	6954.00
1428.00	7075.00
1429.00	7128.00
1430.00	7082.00
1431.00	7093.00
1432.00	7090.00
1433.00	7104.00
1434.00	7170.00
1435.00	7284.00
1436.00	7285.00
1437.00	7318.00
1438.00	7324.00
1439.00	7295.00
1440.00	7196.00
1441.00	7475.00
1442.00	7230.00
1443.00	7404.00
1444.00	7150.00
1445.00	7315.00
1446.00	7289.00
1447.00	6905.00
1448.00	6911.00
1449.00	7053.00
1450.00	7024.00
1451.00	6949.00
1452.00	7127.00
1453.00	6916.00
1454.00	6805.00
1455.00	6719.00
1456.00	6797.00
1457.00	6685.00
1458.00	6614.00
1459.00	6715.00
1460.00	6532.00
1461.00	6622.00
1462.00	6464.00
1463.00	6685.00
1464.00	6484.00
1465.00	6468.00
1466.00	6567.00
1467.00	6449.00
1468.00	6519.00
1469.00	6565.00
1470.00	6387.00
1471.00	6566.00
1472.00	6365.00
1473.00	6342.00
1474.00	6328.00
1475.00	6502.00
1476.00	6431.00
1477.00	6489.00
1478.00	6533.00
1479.00	6538.00
1480.00	6246.00
1481.00	6312.00
1482.00	6392.00
1483.00	6341.00
1484.00	6365.00
1485.00	6398.00
1486.00	6430.00
1487.00	6327.00
1488.00	6455.00
1489.00	6282.00
1490.00	6463.00
1491.00	6435.00
1492.00	6405.00
1493.00	6597.00
1494.00	6540.00
1495.00	6478.00
1496.00	6546.00
1497.00	6449.00
1498.00	6621.00
1499.00	6567.00
1500.00	6664.00
1501.00	6533.00
1502.00	6658.00
1503.00	6675.00
1504.00	6705.00
1505.00	6822.00
1506.00	6960.00
1507.00	6906.00
1508.00	7227.00
1509.00	7212.00
1510.00	7288.00
1511.00	7345.00
1512.00	7502.00
1513.00	7310.00
1514.00	7410.00
1515.00	7411.00
1516.00	7620.00
1517.00	7627.00
1518.00	7769.00
1519.00	7652.00
1520.00	7866.00
1521.00	7878.00
1522.00	7840.00
1523.00	7704.00
1524.00	7682.00
1525.00	7845.00
1526.00	7622.00
1527.00	7501.00
1528.00	7704.00
1529.00	7546.00
1530.00	7408.00
1531.00	7255.00
1532.00	7200.00
1533.00	7100.00
1534.00	7184.00
1535.00	7106.00
1536.00	7060.00
1537.00	7044.00
1538.00	6897.00
1539.00	6959.00
1540.00	6850.00
1541.00	7073.00
1542.00	7116.00
1543.00	6984.00
1544.00	7063.00
1545.00	7143.00
1546.00	7165.00
1547.00	7338.00
1548.00	7383.00
1549.00	7443.00
1550.00	7290.00
1551.00	7678.00
1552.00	7470.00
1553.00	7613.00
1554.00	7717.00
1555.00	7929.00
1556.00	8049.00
1557.00	8106.00
1558.00	8317.00
1559.00	8462.00
1560.00	8481.00
1561.00	8492.00
1562.00	8672.00
1563.00	8766.00
1564.00	8954.00
1565.00	9060.00
1566.00	9290.00
1567.00	9291.00
1568.00	9480.00
1569.00	9648.00
1570.00	9781.00
1571.00	9991.00
1572.00	10160.00
1573.00	10201.00
1574.00	10389.00
1575.00	10436.00
1576.00	10585.00
1577.00	10656.00
1578.00	10969.00
1579.00	11019.00
1580.00	11045.00
1581.00	11143.00
1582.00	11418.00
1583.00	11378.00
1584.00	11505.00
1585.00	11694.00
1586.00	11579.00
1587.00	11436.00
1588.00	11630.00
1589.00	11366.00
1590.00	11404.00
1591.00	11508.00
1592.00	11371.00
1593.00	11234.00
1594.00	11322.00
1595.00	11189.00
1596.00	11126.00
1597.00	11069.00
1598.00	10954.00
1599.00	11090.00
1600.00	10747.00
1601.00	10745.00
1602.00	10611.00
1603.00	10344.00
1604.00	10137.00
1605.00	10109.00
1606.00	9886.00
1607.00	9893.00
1608.00	9539.00
1609.00	9263.00
1610.00	9222.00
1611.00	8991.00
1612.00	8944.00
1613.00	8736.00
1614.00	8706.00
1615.00	8446.00
1616.00	8201.00
1617.00	8260.00
1618.00	7875.00
1619.00	7863.00
1620.00	7707.00
1621.00	7736.00
1622.00	7338.00
1623.00	7373.00
1624.00	7142.00
1625.00	7084.00
1626.00	6938.00
1627.00	6744.00
1628.00	6807.00
1629.00	6648.00
1630.00	6487.00
1631.00	6331.00
1632.00	6362.00
1633.00	6332.00
1634.00	6094.00
1635.00	6005.00
1636.00	5892.00
1637.00	5887.00
1638.00	5786.00
1639.00	5724.00
1640.00	5775.00
1641.00	5673.00
1642.00	5720.00
1643.00	5616.00
1644.00	5702.00
1645.00	5507.00
1646.00	5574.00
1647.00	5531.00
1648.00	5490.00
1649.00	5506.00
1650.00	5332.00
1651.00	5354.00
1652.00	5163.00
1653.00	5402.00
1654.00	5231.00
1655.00	5320.00
1656.00	5465.00
1657.00	5425.00
1658.00	5425.00
1659.00	5433.00
1660.00	5577.00
1661.00	5715.00
1662.00	5635.00
1663.00	5937.00
1664.00	6110.00
1665.00	6308.00
1666.00	6307.00
1667.00	6562.00
1668.00	6822.00
1669.00	7103.00
1670.00	7184.00
1671.00	7582.00
1672.00	7715.00
1673.00	8079.00
1674.00	8377.00
1675.00	8624.00
1676.00	8865.00
1677.00	8887.00
1678.00	9068.00
1679.00	9141.00
1680.00	9422.00
1681.00	9492.00
1682.00	9465.00
1683.00	9559.00
1684.00	9380.00
1685.00	9365.00
1686.00	9043.00
1687.00	8875.00
1688.00	8709.00
1689.00	8435.00
1690.00	8195.00
1691.00	7853.00
1692.00	7603.00
1693.00	7189.00
1694.00	6944.00
1695.00	6734.00
1696.00	6392.00
1697.00	6128.00
1698.00	5881.00
1699.00	5468.00
1700.00	5394.00
1701.00	5221.00
1702.00	5056.00
1703.00	4928.00
1704.00	4856.00
1705.00	4742.00
1706.00	4664.00
1707.00	4535.00
1708.00	4426.00
1709.00	4439.00
1710.00	4349.00
1711.00	4264.00
1712.00	4262.00
1713.00	4255.00
1714.00	4197.00
1715.00	4199.00
1716.00	4119.00
1717.00	4144.00
1718.00	4126.00
1719.00	4159.00
1720.00	4134.00
1721.00	4098.00
1722.00	4109.00
1723.00	4085.00
1724.00	4111.00
1725.00	4032.00
1726.00	4041.00
1727.00	4097.00
1728.00	4153.00
1729.00	4059.00
1730.00	3979.00
1731.00	4177.00
1732.00	4055.00
1733.00	4064.00
1734.00	4006.00
1735.00	4041.00
1736.00	4037.00
1737.00	4019.00
1738.00	4012.00
1739.00	4142.00
1740.00	4074.00
1741.00	4035.00
1742.00	4008.00
1743.00	4117.00
1744.00	4073.00
1745.00	3969.00
1746.00	4112.00
1747.00	4262.00
1748.00	4065.00
1749.00	4093.00
1750.00	4205.00
1751.00	4136.00
1752.00	4057.00
1753.00	4212.00
1754.00	4159.00
1755.00	4215.00
1756.00	4317.00
1757.00	4147.00
1758.00	4199.00
1759.00	4296.00
1760.00	4300.00
1761.00	4210.00
1762.00	4225.00
1763.00	4269.00
1764.00	4381.00
1765.00	4360.00
1766.00	4231.00
1767.00	4171.00
1768.00	4211.00
1769.00	4289.00
1770.00	4337.00
1771.00	4331.00
1772.00	4257.00
1773.00	4237.00
1774.00	4226.00
1775.00	4181.00
1776.00	4211.00
1777.00	4099.00
1778.00	4196.00
1779.00	4186.00
1780.00	4070.00
1781.00	4172.00
1782.00	4047.00
1783.00	4031.00
1784.00	4151.00
1785.00	3992.00
1786.00	3987.00
1787.00	4017.00
1788.00	3863.00
1789.00	3826.00
1790.00	3761.00
1791.00	3829.00
1792.00	3688.00
1793.00	3699.00
1794.00	3707.00
1795.00	3742.00
1796.00	3584.00
1797.00	3552.00
1798.00	3652.00
1799.00	3572.00
1800.00	3506.00
1801.00	3441.00
1802.00	3310.00
1803.00	3314.00
1804.00	3366.00
1805.00	3236.00
1806.00	3161.00
1807.00	3205.00
1808.00	3116.00
1809.00	3325.00
1810.00	3148.00
1811.00	2994.00
1812.00	3052.00
1813.00	3056.00
1814.00	2917.00
1815.00	2948.00
1816.00	2892.00
1817.00	2907.00
1818.00	2786.00
1819.00	2882.00
1820.00	2787.00
1821.00	2799.00
1822.00	2653.00
1823.00	2758.00
1824.00	2802.00
1825.00	2704.00
1826.00	2649.00
1827.00	2687.00
1828.00	2719.00
1829.00	2605.00
1830.00	2606.00
1831.00	2615.00
1832.00	2609.00
1833.00	2529.00
1834.00	2495.00
1835.00	2526.00
1836.00	2494.00
1837.00	2436.00
1838.00	2398.00
1839.00	2457.00
1840.00	2396.00
1841.00	2337.00
1842.00	2324.00
1843.00	2349.00
1844.00	2310.00
1845.00	2276.00
1846.00	2348.00
1847.00	2284.00
1848.00	2184.00
1849.00	2200.00
1850.00	2260.00
1851.00	2199.00
1852.00	2223.00
1853.00	2203.00
1854.00	2159.00
1855.00	2135.00
1856.00	2194.00
1857.00	2111.00
1858.00	2098.00
1859.00	2126.00
1860.00	2145.00
1861.00	2111.00
1862.00	2122.00
1863.00	2036.00
1864.00	2099.00
1865.00	2166.00
1866.00	2140.00
1867.00	1978.00
1868.00	2070.00
1869.00	2103.00
1870.00	2110.00
1871.00	2115.00
1872.00	2084.00
1873.00	2111.00
1874.00	2062.00
1875.00	2128.00
1876.00	2242.00
1877.00	2176.00
1878.00	2264.00
1879.00	2245.00
1880.00	2283.00
1881.00	2282.00
1882.00	2397.00
1883.00	2486.00
1884.00	2400.00
1885.00	2568.00
1886.00	2413.00
1887.00	2474.00
1888.00	2456.00
1889.00	2482.00
1890.00	2522.00
1891.00	2482.00
1892.00	2509.00
1893.00	2431.00
1894.00	2391.00
1895.00	2382.00
1896.00	2269.00
1897.00	2250.00
1898.00	2178.00
1899.00	2140.00
1900.00	2088.00
1901.00	2062.00
1902.00	1992.00
1903.00	1959.00
1904.00	1940.00
1905.00	1938.00
1906.00	1916.00
1907.00	1765.00
1908.00	1865.00
1909.00	1704.00
1910.00	1803.00
1911.00	1870.00
1912.00	1695.00
1913.00	1719.00
1914.00	1708.00
1915.00	1655.00
1916.00	1635.00
1917.00	1779.00
1918.00	1679.00
1919.00	1698.00
1920.00	1669.00
1921.00	1717.00
1922.00	1671.00
1923.00	1674.00
1924.00	1683.00
1925.00	1712.00
1926.00	1618.00
1927.00	1566.00
1928.00	1613.00
1929.00	1557.00
1930.00	1584.00
1931.00	1548.00
1932.00	1595.00
1933.00	1493.00
1934.00	1507.00
1935.00	1495.00
1936.00	1507.00
1937.00	1440.00
1938.00	1536.00
1939.00	1497.00
1940.00	1450.00
1941.00	1359.00
1942.00	1353.00
1943.00	1392.00
1944.00	1368.00
1945.00	1361.00
1946.00	1373.00
1947.00	1328.00
1948.00	1376.00
1949.00	1348.00
1950.00	1330.00
1951.00	1340.00
1952.00	1285.00
1953.00	1348.00
1954.00	1253.00
1955.00	1306.00
1956.00	1387.00
1957.00	1287.00
1958.00	1250.00
1959.00	1235.00
1960.00	1313.00
1961.00	1289.00
1962.00	1271.00
1963.00	1290.00
1964.00	1269.00
1965.00	1264.00
1966.00	1255.00
1967.00	1261.00
1968.00	1231.00
1969.00	1182.00
1970.00	1113.00
1971.00	1187.00
1972.00	1191.00
1973.00	1221.00
1974.00	1178.00
1975.00	1134.00
1976.00	1178.00
1977.00	1164.00
1978.00	1158.00
1979.00	1150.00
1980.00	1164.00
1981.00	1232.00
1982.00	1147.00
1983.00	1181.00
1984.00	1152.00
1985.00	1132.00
1986.00	1119.00
1987.00	1090.00
1988.00	1143.00
1989.00	1095.00
1990.00	1112.00
1991.00	1032.00
1992.00	1049.00
1993.00	1021.00
1994.00	1067.00
1995.00	1153.00
1996.00	1115.00
1997.00	1103.00
1998.00	1052.00
1999.00	998.00
2000.00	1094.00
2001.00	1028.00
2002.00	981.00
2003.00	1005.00
2004.00	1019.00
2005.00	1022.00
2006.00	958.00
2007.00	990.00
2008.00	1008.00
2009.00	956.00
2010.00	946.00
2011.00	968.00
2012.00	961.00
2013.00	992.00
2014.00	988.00
2015.00	986.00
2016.00	925.00
2017.00	925.00
2018.00	894.00
2019.00	931.00
2020.00	932.00
2021.00	869.00
2022.00	952.00
2023.00	916.00
2024.00	864.00
2025.00	907.00
2026.00	858.00
2027.00	860.00
2028.00	888.00
2029.00	848.00
2030.00	848.00
2031.00	862.00
2032.00	787.00
2033.00	813.00
2034.00	881.00
2035.00	818.00
2036.00	870.00
2037.00	802.00
2038.00	827.00
2039.00	806.00
2040.00	787.00
2041.00	865.00
2042.00	832.00
2043.00	751.00
2044.00	776.00
2045.00	787.00
2046.00	754.00
2047.00	751.00
2048.00	 0.00
