C:\Data\UCD\Agriculture\Sharon_ORourke\Shayan\Pellet_36     2023-09-18  re-evaluated data
peakarea
filename	position (mm)	sample surface	validity	E-gain	E-offset	F-slope	F-offset	cps	MSE	Al	Si	S	Cl	Ar	K	Ca	Ti	V	Cr	Mn	Fe	Ni	Cu	Zn	As	Br	Rb	Sr	Zr	Sb	Ba	Ce	Pr	Nd	Sm	Eu	Gd	Fe a*2	Fe a+b	Fe X1	Fe X2	Fe X3	W La	W Lb1	W Lb2	W La inel	W Lb1 inel	W Lb2 inel	Mo inc	Mo coh	Dt	
C:\Data\UCD\Agriculture\Sharon_ORourke\Shayan\Pellet_36\XRF data\L000000.spe	1250.00	5.93	1	0.010374	-0.008249	0.010160	0.076187	100703	4.76	0.786	14.865	0.091	0.000	2.218	20.462	16.511	20.316	1.965	3.299	27.549	561.592	2.431	1.548	6.632	1.704	0.617	2.822	1.813	1.401	0.133	1.820	0.749	0.877	1.051	1.970	0.000	0.092	3.218	0.284	15.823	2.698	1.415	1.680	2.077	1.735	1.917	2.424	1.660	37.041	14.325	0.136	
C:\Data\UCD\Agriculture\Sharon_ORourke\Shayan\Pellet_36\XRF data\L000001.spe	1250.20	5.94	1	0.010381	-0.008249	0.010160	0.076187	100434	3.54	0.847	14.618	0.081	0.000	2.197	21.442	16.855	22.130	2.145	2.846	25.974	556.823	2.206	1.285	6.418	1.757	0.719	2.590	1.936	1.750	0.165	1.427	0.946	0.933	0.943	1.612	0.000	0.305	3.265	0.583	12.943	2.271	2.231	1.623	2.240	1.145	1.066	2.327	1.635	36.691	14.402	0.136	
C:\Data\UCD\Agriculture\Sharon_ORourke\Shayan\Pellet_36\XRF data\L000002.spe	1250.40	5.94	1	0.010379	-0.008249	0.010160	0.076187	100290	3.37	0.752	14.697	0.120	0.000	2.257	21.024	17.405	20.966	1.946	2.988	30.373	552.622	2.179	1.112	6.603	1.515	0.612	2.825	2.157	1.673	0.190	1.773	0.791	1.009	0.996	1.782	0.000	0.352	3.280	0.393	13.012	2.352	1.857	1.435	2.176	1.174	1.092	2.022	1.371	37.121	14.500	0.136	
C:\Data\UCD\Agriculture\Sharon_ORourke\Shayan\Pellet_36\XRF data\L000003.spe	1250.60	5.94	1	0.010380	-0.008249	0.010160	0.076187	100328	3.59	0.771	14.949	0.086	0.000	2.245	20.800	17.124	20.958	1.894	2.934	30.563	553.701	2.198	1.184	6.902	1.431	0.701	2.506	2.174	1.086	0.143	1.580	0.809	0.932	1.061	1.811	0.000	0.032	3.137	1.252	12.853	2.548	2.241	1.472	2.154	1.318	1.147	2.190	1.234	37.575	14.477	0.137	
C:\Data\UCD\Agriculture\Sharon_ORourke\Shayan\Pellet_36\XRF data\L000004.spe	1250.80	5.94	1	0.010378	-0.008249	0.010200	0.076187	99948	3.47	0.751	14.922	0.072	0.000	2.250	20.490	17.840	21.403	1.755	2.774	28.189	547.110	2.164	1.096	6.578	1.848	0.370	3.020	2.201	0.981	0.226	1.476	0.942	1.011	1.094	1.787	0.000	0.220	3.331	0.316	13.578	2.227	1.739	1.603	2.405	1.785	0.954	2.306	1.662	38.968	14.685	0.136	
C:\Data\UCD\Agriculture\Sharon_ORourke\Shayan\Pellet_36\XRF data\L000005.spe	1251.00	5.94	1	0.010377	-0.008249	0.010200	0.076187	101054	3.32	0.809	14.993	0.093	0.000	2.113	20.285	17.122	21.077	1.890	2.845	38.128	548.384	2.356	0.967	6.949	1.662	0.662	2.994	1.709	1.294	0.120	1.602	0.996	0.911	0.969	1.861	0.000	0.293	2.977	0.447	13.778	2.470	1.650	1.235	1.714	1.417	1.311	2.101	1.421	38.160	14.832	0.138	
C:\Data\UCD\Agriculture\Sharon_ORourke\Shayan\Pellet_36\XRF data\L000006.spe	1251.20	5.94	1	0.010380	-0.008249	0.010200	0.076187	101184	3.14	0.768	14.849	0.069	0.000	2.132	20.663	17.037	21.346	1.847	2.874	32.439	556.034	2.298	1.192	6.446	1.686	0.513	3.315	2.257	2.052	0.091	1.528	0.986	0.997	1.024	1.694	0.000	0.320	3.254	0.146	13.052	2.369	1.939	1.112	2.059	1.008	1.240	1.760	1.266	38.459	14.698	0.138	
C:\Data\UCD\Agriculture\Sharon_ORourke\Shayan\Pellet_36\XRF data\L000007.spe	1251.40	5.95	1	0.010378	-0.008249	0.010243	0.076187	103078	3.45	0.772	15.018	0.099	0.000	2.241	20.369	17.401	21.380	2.055	2.836	28.900	578.929	2.320	1.243	6.509	1.701	0.588	2.936	2.196	1.553	0.135	1.810	0.823	1.013	0.999	1.852	0.000	0.330	3.457	0.533	14.226	2.567	1.977	1.511	2.088	1.396	1.266	2.866	1.748	38.646	14.923	0.140	
C:\Data\UCD\Agriculture\Sharon_ORourke\Shayan\Pellet_36\XRF data\L000008.spe	1251.60	5.95	1	0.010378	-0.008249	0.010243	0.076187	102528	3.40	0.764	15.110	0.088	0.000	2.302	20.536	17.083	20.821	2.106	2.770	28.962	571.714	2.275	1.342	6.535	1.668	0.649	2.784	2.267	1.345	0.098	1.626	0.870	0.969	1.061	1.907	0.000	0.180	3.219	0.901	14.470	2.653	2.087	1.788	2.175	1.417	1.301	2.434	1.636	39.589	15.017	0.139	