Date:	2023-09-18		
Time:	21:23		
Sample name:	Pellets		
Position:	1251.600011	mm	
Sample surface:	5.948443	cm	
Tube anode:	Mo		
Tube voltage:	30	kV	
Tube current:	50	mA	
Comments	not in position		
Gain	5.810000		
peaking_time	0.300000	m-sec	
trigger_threshold	30.000000	V	
mca_bin_width	2.000000	no:	
number_mca_channels	2048.000000	no:	
gap_time	0.100000	m-sec	
trigger_peaking_time	0.050000	m-sec	
livetime	17.226458	seconds	
runtime	20.000061	seconds	
input_count_rate	119035.554567	cps	
output_count_rate	102527.739854	cps	
triggers	2295397.000000	seconds	
events_in_run	2040948.000000	seconds	
channel	content		
 1.00	 0.00
 2.00	 0.00
 3.00	 0.00
 4.00	 0.00
 5.00	 0.00
 6.00	 0.00
 7.00	 0.00
 8.00	 0.00
 9.00	 0.00
10.00	 0.00
11.00	 0.00
12.00	 0.00
13.00	 0.00
14.00	 0.00
15.00	 0.00
16.00	 0.00
17.00	 0.00
18.00	 0.00
19.00	 0.00
20.00	 0.00
21.00	 0.00
22.00	 0.00
23.00	 0.00
24.00	 0.00
25.00	 0.00
26.00	 0.00
27.00	 0.00
28.00	 0.00
29.00	 0.00
30.00	 0.00
31.00	 0.00
32.00	 2.00
33.00	 0.00
34.00	 3.00
35.00	 4.00
36.00	 8.00
37.00	14.00
38.00	25.00
39.00	32.00
40.00	33.00
41.00	45.00
42.00	53.00
43.00	87.00
44.00	106.00
45.00	121.00
46.00	126.00
47.00	150.00
48.00	169.00
49.00	191.00
50.00	224.00
51.00	258.00
52.00	223.00
53.00	279.00
54.00	252.00
55.00	268.00
56.00	275.00
57.00	295.00
58.00	346.00
59.00	340.00
60.00	329.00
61.00	336.00
62.00	334.00
63.00	318.00
64.00	343.00
65.00	404.00
66.00	363.00
67.00	343.00
68.00	359.00
69.00	349.00
70.00	342.00
71.00	388.00
72.00	365.00
73.00	357.00
74.00	390.00
75.00	340.00
76.00	365.00
77.00	378.00
78.00	338.00
79.00	392.00
80.00	352.00
81.00	349.00
82.00	363.00
83.00	341.00
84.00	319.00
85.00	339.00
86.00	345.00
87.00	314.00
88.00	322.00
89.00	320.00
90.00	282.00
91.00	309.00
92.00	308.00
93.00	287.00
94.00	303.00
95.00	295.00
96.00	317.00
97.00	313.00
98.00	309.00
99.00	304.00
100.00	300.00
101.00	287.00
102.00	248.00
103.00	293.00
104.00	300.00
105.00	299.00
106.00	282.00
107.00	258.00
108.00	255.00
109.00	280.00
110.00	273.00
111.00	261.00
112.00	254.00
113.00	283.00
114.00	269.00
115.00	244.00
116.00	241.00
117.00	270.00
118.00	255.00
119.00	264.00
120.00	265.00
121.00	215.00
122.00	242.00
123.00	252.00
124.00	215.00
125.00	232.00
126.00	203.00
127.00	212.00
128.00	225.00
129.00	190.00
130.00	201.00
131.00	179.00
132.00	201.00
133.00	215.00
134.00	204.00
135.00	215.00
136.00	230.00
137.00	273.00
138.00	341.00
139.00	425.00
140.00	546.00
141.00	710.00
142.00	835.00
143.00	926.00
144.00	1030.00
145.00	1020.00
146.00	1039.00
147.00	920.00
148.00	718.00
149.00	708.00
150.00	611.00
151.00	582.00
152.00	524.00
153.00	487.00
154.00	437.00
155.00	428.00
156.00	378.00
157.00	372.00
158.00	429.00
159.00	538.00
160.00	860.00
161.00	1449.00
162.00	2427.00
163.00	3753.00
164.00	5578.00
165.00	7870.00
166.00	10155.00
167.00	12314.00
168.00	13897.00
169.00	14417.00
170.00	14044.00
171.00	12601.00
172.00	10244.00
173.00	8145.00
174.00	6117.00
175.00	4324.00
176.00	3016.00
177.00	2064.00
178.00	1460.00
179.00	1141.00
180.00	886.00
181.00	770.00
182.00	593.00
183.00	486.00
184.00	425.00
185.00	364.00
186.00	350.00
187.00	343.00
188.00	358.00
189.00	385.00
190.00	322.00
191.00	291.00
192.00	357.00
193.00	305.00
194.00	301.00
195.00	295.00
196.00	265.00
197.00	243.00
198.00	235.00
199.00	221.00
200.00	201.00
201.00	197.00
202.00	195.00
203.00	217.00
204.00	179.00
205.00	159.00
206.00	159.00
207.00	165.00
208.00	189.00
209.00	180.00
210.00	169.00
211.00	170.00
212.00	162.00
213.00	175.00
214.00	173.00
215.00	192.00
216.00	191.00
217.00	193.00
218.00	221.00
219.00	220.00
220.00	220.00
221.00	263.00
222.00	253.00
223.00	302.00
224.00	303.00
225.00	313.00
226.00	285.00
227.00	256.00
228.00	222.00
229.00	209.00
230.00	188.00
231.00	185.00
232.00	178.00
233.00	173.00
234.00	165.00
235.00	147.00
236.00	140.00
237.00	166.00
238.00	160.00
239.00	186.00
240.00	164.00
241.00	156.00
242.00	165.00
243.00	172.00
244.00	153.00
245.00	142.00
246.00	174.00
247.00	167.00
248.00	140.00
249.00	173.00
250.00	181.00
251.00	160.00
252.00	173.00
253.00	153.00
254.00	188.00
255.00	174.00
256.00	168.00
257.00	198.00
258.00	188.00
259.00	173.00
260.00	182.00
261.00	185.00
262.00	228.00
263.00	232.00
264.00	228.00
265.00	249.00
266.00	249.00
267.00	284.00
268.00	272.00
269.00	275.00
270.00	242.00
271.00	268.00
272.00	241.00
273.00	254.00
274.00	221.00
275.00	205.00
276.00	265.00
277.00	323.00
278.00	404.00
279.00	541.00
280.00	674.00
281.00	866.00
282.00	1195.00
283.00	1390.00
284.00	1671.00
285.00	1973.00
286.00	2044.00
287.00	2152.00
288.00	1993.00
289.00	1834.00
290.00	1650.00
291.00	1251.00
292.00	1022.00
293.00	771.00
294.00	623.00
295.00	423.00
296.00	342.00
297.00	284.00
298.00	262.00
299.00	230.00
300.00	227.00
301.00	256.00
302.00	261.00
303.00	291.00
304.00	333.00
305.00	364.00
306.00	410.00
307.00	561.00
308.00	656.00
309.00	813.00
310.00	1141.00
311.00	1585.00
312.00	2310.00
313.00	3378.00
314.00	4764.00
315.00	6573.00
316.00	8575.00
317.00	10608.00
318.00	12824.00
319.00	14664.00
320.00	15707.00
321.00	16721.00
322.00	16190.00
323.00	15076.00
324.00	13376.00
325.00	11370.00
326.00	8956.00
327.00	6875.00
328.00	4986.00
329.00	3580.00
330.00	2356.00
331.00	1550.00
332.00	1005.00
333.00	686.00
334.00	521.00
335.00	411.00
336.00	406.00
337.00	436.00
338.00	512.00
339.00	597.00
340.00	807.00
341.00	1043.00
342.00	1267.00
343.00	1629.00
344.00	2121.00
345.00	2426.00
346.00	2940.00
347.00	3477.00
348.00	3960.00
349.00	4621.00
350.00	5568.00
351.00	6552.00
352.00	7730.00
353.00	9169.00
354.00	10599.00
355.00	11756.00
356.00	12632.00
357.00	13223.00
358.00	12934.00
359.00	12079.00
360.00	11122.00
361.00	9747.00
362.00	7873.00
363.00	6226.00
364.00	4663.00
365.00	3462.00
366.00	2457.00
367.00	1653.00
368.00	1121.00
369.00	773.00
370.00	499.00
371.00	371.00
372.00	295.00
373.00	282.00
374.00	253.00
375.00	268.00
376.00	334.00
377.00	371.00
378.00	440.00
379.00	488.00
380.00	637.00
381.00	774.00
382.00	975.00
383.00	1237.00
384.00	1453.00
385.00	1689.00
386.00	1876.00
387.00	2066.00
388.00	2068.00
389.00	2117.00
390.00	2059.00
391.00	1859.00
392.00	1684.00
393.00	1530.00
394.00	1260.00
395.00	1050.00
396.00	899.00
397.00	746.00
398.00	597.00
399.00	521.00
400.00	496.00
401.00	466.00
402.00	421.00
403.00	405.00
404.00	380.00
405.00	318.00
406.00	324.00
407.00	341.00
408.00	298.00
409.00	317.00
410.00	274.00
411.00	294.00
412.00	311.00
413.00	288.00
414.00	340.00
415.00	371.00
416.00	362.00
417.00	386.00
418.00	456.00
419.00	476.00
420.00	497.00
421.00	622.00
422.00	816.00
423.00	999.00
424.00	1319.00
425.00	1817.00
426.00	2483.00
427.00	3476.00
428.00	4668.00
429.00	6079.00
430.00	7702.00
431.00	9587.00
432.00	11624.00
433.00	12967.00
434.00	14735.00
435.00	15527.00
436.00	15997.00
437.00	15886.00
438.00	15039.00
439.00	13915.00
440.00	12386.00
441.00	10476.00
442.00	8619.00
443.00	7108.00
444.00	5878.00
445.00	4910.00
446.00	4100.00
447.00	3549.00
448.00	3132.00
449.00	2913.00
450.00	2758.00
451.00	2573.00
452.00	2437.00
453.00	2192.00
454.00	2035.00
455.00	1802.00
456.00	1628.00
457.00	1392.00
458.00	1346.00
459.00	1241.00
460.00	1168.00
461.00	1175.00
462.00	1365.00
463.00	1468.00
464.00	1521.00
465.00	1691.00
466.00	1947.00
467.00	1963.00
468.00	2201.00
469.00	2463.00
470.00	2783.00
471.00	3052.00
472.00	3418.00
473.00	3664.00
474.00	3875.00
475.00	3990.00
476.00	4259.00
477.00	4260.00
478.00	4242.00
479.00	3969.00
480.00	3706.00
481.00	3420.00
482.00	3002.00
483.00	2536.00
484.00	2277.00
485.00	1888.00
486.00	1577.00
487.00	1388.00
488.00	1278.00
489.00	1036.00
490.00	1013.00
491.00	892.00
492.00	877.00
493.00	852.00
494.00	940.00
495.00	915.00
496.00	897.00
497.00	953.00
498.00	1032.00
499.00	1040.00
500.00	1120.00
501.00	1198.00
502.00	1123.00
503.00	1271.00
504.00	1248.00
505.00	1305.00
506.00	1280.00
507.00	1346.00
508.00	1418.00
509.00	1387.00
510.00	1532.00
511.00	1541.00
512.00	1596.00
513.00	1662.00
514.00	1728.00
515.00	1828.00
516.00	1872.00
517.00	1977.00
518.00	2070.00
519.00	2195.00
520.00	2289.00
521.00	2480.00
522.00	2444.00
523.00	2521.00
524.00	2425.00
525.00	2496.00
526.00	2406.00
527.00	2356.00
528.00	2197.00
529.00	2120.00
530.00	2034.00
531.00	1860.00
532.00	1871.00
533.00	1779.00
534.00	1759.00
535.00	1766.00
536.00	1731.00
537.00	1816.00
538.00	1727.00
539.00	1707.00
540.00	1850.00
541.00	1850.00
542.00	1840.00
543.00	1828.00
544.00	1923.00
545.00	1870.00
546.00	1947.00
547.00	1950.00
548.00	1909.00
549.00	1946.00
550.00	1903.00
551.00	2019.00
552.00	2158.00
553.00	2219.00
554.00	2425.00
555.00	2631.00
556.00	3153.00
557.00	3767.00
558.00	4590.00
559.00	5915.00
560.00	7334.00
561.00	9451.00
562.00	12000.00
563.00	14648.00
564.00	17346.00
565.00	20537.00
566.00	23418.00
567.00	25828.00
568.00	27271.00
569.00	28650.00
570.00	29157.00
571.00	28408.00
572.00	27029.00
573.00	24766.00
574.00	22391.00
575.00	19051.00
576.00	16390.00
577.00	13350.00
578.00	10914.00
579.00	8596.00
580.00	6750.00
581.00	5358.00
582.00	4170.00
583.00	3439.00
584.00	2940.00
585.00	2719.00
586.00	2480.00
587.00	2443.00
588.00	2420.00
589.00	2397.00
590.00	2514.00
591.00	2604.00
592.00	2726.00
593.00	2919.00
594.00	3132.00
595.00	3313.00
596.00	3737.00
597.00	4014.00
598.00	4689.00
599.00	5666.00
600.00	7349.00
601.00	9893.00
602.00	13487.00
603.00	19031.00
604.00	26871.00
605.00	38131.00
606.00	53586.00
607.00	74870.00
608.00	101727.00
609.00	135759.00
610.00	175758.00
611.00	221028.00
612.00	272782.00
613.00	324384.00
614.00	375953.00
615.00	423407.00
616.00	460278.00
617.00	489284.00
618.00	501659.00
619.00	500603.00
620.00	483911.00
621.00	454585.00
622.00	414494.00
623.00	365550.00
624.00	313333.00
625.00	260547.00
626.00	211626.00
627.00	166639.00
628.00	127988.00
629.00	95763.00
630.00	69820.00
631.00	50265.00
632.00	35392.00
633.00	24502.00
634.00	17341.00
635.00	12324.00
636.00	9189.00
637.00	6909.00
638.00	5620.00
639.00	4711.00
640.00	4089.00
641.00	3794.00
642.00	3621.00
643.00	3500.00
644.00	3372.00
645.00	3399.00
646.00	3450.00
647.00	3464.00
648.00	3481.00
649.00	3564.00
650.00	3589.00
651.00	3696.00
652.00	3673.00
653.00	3830.00
654.00	3767.00
655.00	3879.00
656.00	4123.00
657.00	4254.00
658.00	4424.00
659.00	4689.00
660.00	4858.00
661.00	5051.00
662.00	5519.00
663.00	5935.00
664.00	6724.00
665.00	7443.00
666.00	8776.00
667.00	10349.00
668.00	12294.00
669.00	14998.00
670.00	18128.00
671.00	22705.00
672.00	27837.00
673.00	34221.00
674.00	40755.00
675.00	48124.00
676.00	55043.00
677.00	62522.00
678.00	69057.00
679.00	75096.00
680.00	78091.00
681.00	79935.00
682.00	80298.00
683.00	77769.00
684.00	74500.00
685.00	68215.00
686.00	61448.00
687.00	53651.00
688.00	46054.00
689.00	38644.00
690.00	31654.00
691.00	25410.00
692.00	19959.00
693.00	15560.00
694.00	11902.00
695.00	9224.00
696.00	7301.00
697.00	5924.00
698.00	4885.00
699.00	4257.00
700.00	3752.00
701.00	3502.00
702.00	3357.00
703.00	3276.00
704.00	3270.00
705.00	3272.00
706.00	3210.00
707.00	3415.00
708.00	3399.00
709.00	3470.00
710.00	3622.00
711.00	3818.00
712.00	3917.00
713.00	4231.00
714.00	4184.00
715.00	4410.00
716.00	4653.00
717.00	4872.00
718.00	4959.00
719.00	5145.00
720.00	5282.00
721.00	5184.00
722.00	5207.00
723.00	5255.00
724.00	5207.00
725.00	4952.00
726.00	4831.00
727.00	4456.00
728.00	4513.00
729.00	4210.00
730.00	4004.00
731.00	3826.00
732.00	3685.00
733.00	3521.00
734.00	3530.00
735.00	3308.00
736.00	3310.00
737.00	3158.00
738.00	3323.00
739.00	3173.00
740.00	3112.00
741.00	3065.00
742.00	3142.00
743.00	3097.00
744.00	3032.00
745.00	3096.00
746.00	2999.00
747.00	3087.00
748.00	3104.00
749.00	3047.00
750.00	3089.00
751.00	3057.00
752.00	3044.00
753.00	3195.00
754.00	3125.00
755.00	3110.00
756.00	3111.00
757.00	3140.00
758.00	3163.00
759.00	3235.00
760.00	3315.00
761.00	3373.00
762.00	3385.00
763.00	3492.00
764.00	3593.00
765.00	3778.00
766.00	3846.00
767.00	3983.00
768.00	4205.00
769.00	4284.00
770.00	4375.00
771.00	4715.00
772.00	4663.00
773.00	5026.00
774.00	5181.00
775.00	5286.00
776.00	5358.00
777.00	5422.00
778.00	5423.00
779.00	5470.00
780.00	5391.00
781.00	5307.00
782.00	5440.00
783.00	5270.00
784.00	5246.00
785.00	4995.00
786.00	5172.00
787.00	5208.00
788.00	5064.00
789.00	5215.00
790.00	5153.00
791.00	5079.00
792.00	5350.00
793.00	5134.00
794.00	5179.00
795.00	5208.00
796.00	5369.00
797.00	5364.00
798.00	5450.00
799.00	5321.00
800.00	5445.00
801.00	5382.00
802.00	5388.00
803.00	5417.00
804.00	5471.00
805.00	5544.00
806.00	5545.00
807.00	5544.00
808.00	5401.00
809.00	5424.00
810.00	5463.00
811.00	5411.00
812.00	5370.00
813.00	5439.00
814.00	5408.00
815.00	5393.00
816.00	5437.00
817.00	5494.00
818.00	5559.00
819.00	5557.00
820.00	5751.00
821.00	6030.00
822.00	6212.00
823.00	6532.00
824.00	7182.00
825.00	7328.00
826.00	7666.00
827.00	8204.00
828.00	8492.00
829.00	9219.00
830.00	9318.00
831.00	9784.00
832.00	10185.00
833.00	10183.00
834.00	9964.00
835.00	9850.00
836.00	9892.00
837.00	9377.00
838.00	9061.00
839.00	8556.00
840.00	7976.00
841.00	7700.00
842.00	7229.00
843.00	6846.00
844.00	6504.00
845.00	6058.00
846.00	5906.00
847.00	5826.00
848.00	5639.00
849.00	5604.00
850.00	5414.00
851.00	5442.00
852.00	5363.00
853.00	5469.00
854.00	5387.00
855.00	5382.00
856.00	5358.00
857.00	5562.00
858.00	5459.00
859.00	5663.00
860.00	5497.00
861.00	5527.00
862.00	5457.00
863.00	5563.00
864.00	5457.00
865.00	5465.00
866.00	5590.00
867.00	5483.00
868.00	5615.00
869.00	5457.00
870.00	5629.00
871.00	5541.00
872.00	5616.00
873.00	5581.00
874.00	5721.00
875.00	5779.00
876.00	5720.00
877.00	5873.00
878.00	5749.00
879.00	5962.00
880.00	5769.00
881.00	6035.00
882.00	6094.00
883.00	6158.00
884.00	6197.00
885.00	6100.00
886.00	6329.00
887.00	6434.00
888.00	6449.00
889.00	6553.00
890.00	6580.00
891.00	6488.00
892.00	6784.00
893.00	6726.00
894.00	6633.00
895.00	6630.00
896.00	6707.00
897.00	6663.00
898.00	6442.00
899.00	6662.00
900.00	6584.00
901.00	6497.00
902.00	6768.00
903.00	6576.00
904.00	6642.00
905.00	6642.00
906.00	6646.00
907.00	6621.00
908.00	6538.00
909.00	6569.00
910.00	6614.00
911.00	6748.00
912.00	6598.00
913.00	6709.00
914.00	6889.00
915.00	6883.00
916.00	7013.00
917.00	7185.00
918.00	7013.00
919.00	7170.00
920.00	7260.00
921.00	7521.00
922.00	7374.00
923.00	7626.00
924.00	7562.00
925.00	7599.00
926.00	7708.00
927.00	7569.00
928.00	7389.00
929.00	7368.00
930.00	7262.00
931.00	7367.00
932.00	7245.00
933.00	7155.00
934.00	7194.00
935.00	7114.00
936.00	7205.00
937.00	6925.00
938.00	6972.00
939.00	7008.00
940.00	6992.00
941.00	6829.00
942.00	6807.00
943.00	6774.00
944.00	6769.00
945.00	6721.00
946.00	6736.00
947.00	6806.00
948.00	6571.00
949.00	6678.00
950.00	6731.00
951.00	6662.00
952.00	6602.00
953.00	6709.00
954.00	6831.00
955.00	6681.00
956.00	6777.00
957.00	6740.00
958.00	6580.00
959.00	6913.00
960.00	6705.00
961.00	6886.00
962.00	6859.00
963.00	6796.00
964.00	6829.00
965.00	6649.00
966.00	6811.00
967.00	6760.00
968.00	6933.00
969.00	6761.00
970.00	6893.00
971.00	6886.00
972.00	6873.00
973.00	6858.00
974.00	6708.00
975.00	6962.00
976.00	6867.00
977.00	6808.00
978.00	6801.00
979.00	6922.00
980.00	6839.00
981.00	7092.00
982.00	6953.00
983.00	6916.00
984.00	6862.00
985.00	7027.00
986.00	6978.00
987.00	6886.00
988.00	6914.00
989.00	6986.00
990.00	6993.00
991.00	6989.00
992.00	7018.00
993.00	6867.00
994.00	6993.00
995.00	7058.00
996.00	7145.00
997.00	7026.00
998.00	6930.00
999.00	7109.00
1000.00	6985.00
1001.00	7005.00
1002.00	6951.00
1003.00	7164.00
1004.00	7158.00
1005.00	7143.00
1006.00	7327.00
1007.00	7297.00
1008.00	7353.00
1009.00	7634.00
1010.00	7503.00
1011.00	7497.00
1012.00	7619.00
1013.00	7687.00
1014.00	7829.00
1015.00	7804.00
1016.00	7707.00
1017.00	7653.00
1018.00	7873.00
1019.00	7848.00
1020.00	7807.00
1021.00	7611.00
1022.00	7494.00
1023.00	7455.00
1024.00	7323.00
1025.00	7255.00
1026.00	7041.00
1027.00	7117.00
1028.00	6994.00
1029.00	7103.00
1030.00	7071.00
1031.00	7111.00
1032.00	6909.00
1033.00	6775.00
1034.00	6836.00
1035.00	7022.00
1036.00	6850.00
1037.00	6831.00
1038.00	6866.00
1039.00	7006.00
1040.00	6950.00
1041.00	7122.00
1042.00	6956.00
1043.00	7010.00
1044.00	7008.00
1045.00	7059.00
1046.00	7158.00
1047.00	7216.00
1048.00	7127.00
1049.00	7020.00
1050.00	7237.00
1051.00	7313.00
1052.00	7258.00
1053.00	7289.00
1054.00	7125.00
1055.00	7194.00
1056.00	7343.00
1057.00	7254.00
1058.00	7410.00
1059.00	7209.00
1060.00	7196.00
1061.00	7432.00
1062.00	7233.00
1063.00	7266.00
1064.00	7294.00
1065.00	7189.00
1066.00	7266.00
1067.00	7333.00
1068.00	7195.00
1069.00	7392.00
1070.00	7406.00
1071.00	7309.00
1072.00	7349.00
1073.00	7389.00
1074.00	7322.00
1075.00	7369.00
1076.00	7437.00
1077.00	7401.00
1078.00	7425.00
1079.00	7419.00
1080.00	7585.00
1081.00	7371.00
1082.00	7633.00
1083.00	7599.00
1084.00	7586.00
1085.00	7563.00
1086.00	7456.00
1087.00	7531.00
1088.00	7553.00
1089.00	7590.00
1090.00	7664.00
1091.00	7718.00
1092.00	7340.00
1093.00	7510.00
1094.00	7660.00
1095.00	7545.00
1096.00	7570.00
1097.00	7508.00
1098.00	7702.00
1099.00	7524.00
1100.00	7569.00
1101.00	7510.00
1102.00	7628.00
1103.00	7714.00
1104.00	7704.00
1105.00	7622.00
1106.00	7655.00
1107.00	7635.00
1108.00	7628.00
1109.00	7602.00
1110.00	7695.00
1111.00	7663.00
1112.00	7510.00
1113.00	7524.00
1114.00	7596.00
1115.00	7665.00
1116.00	7505.00
1117.00	7589.00
1118.00	7592.00
1119.00	7551.00
1120.00	7724.00
1121.00	7652.00
1122.00	7353.00
1123.00	7578.00
1124.00	7666.00
1125.00	7512.00
1126.00	7578.00
1127.00	7477.00
1128.00	7507.00
1129.00	7768.00
1130.00	7576.00
1131.00	7636.00
1132.00	7470.00
1133.00	7699.00
1134.00	7597.00
1135.00	7674.00
1136.00	7686.00
1137.00	7610.00
1138.00	7622.00
1139.00	7624.00
1140.00	7463.00
1141.00	7740.00
1142.00	7665.00
1143.00	7870.00
1144.00	7678.00
1145.00	7680.00
1146.00	7639.00
1147.00	7706.00
1148.00	7769.00
1149.00	7851.00
1150.00	7742.00
1151.00	7745.00
1152.00	7703.00
1153.00	7508.00
1154.00	7722.00
1155.00	7632.00
1156.00	7674.00
1157.00	7627.00
1158.00	7505.00
1159.00	7605.00
1160.00	7465.00
1161.00	7450.00
1162.00	7530.00
1163.00	7585.00
1164.00	7422.00
1165.00	7454.00
1166.00	7326.00
1167.00	7550.00
1168.00	7367.00
1169.00	7326.00
1170.00	7541.00
1171.00	7524.00
1172.00	7384.00
1173.00	7339.00
1174.00	7475.00
1175.00	7313.00
1176.00	7246.00
1177.00	7409.00
1178.00	7500.00
1179.00	7519.00
1180.00	7389.00
1181.00	7480.00
1182.00	7498.00
1183.00	7543.00
1184.00	7648.00
1185.00	7665.00
1186.00	7608.00
1187.00	7398.00
1188.00	7569.00
1189.00	7487.00
1190.00	7680.00
1191.00	7641.00
1192.00	7525.00
1193.00	7631.00
1194.00	7521.00
1195.00	7498.00
1196.00	7574.00
1197.00	7616.00
1198.00	7659.00
1199.00	7510.00
1200.00	7401.00
1201.00	7631.00
1202.00	7736.00
1203.00	7768.00
1204.00	7597.00
1205.00	7663.00
1206.00	7689.00
1207.00	7726.00
1208.00	7876.00
1209.00	7781.00
1210.00	7867.00
1211.00	8036.00
1212.00	7885.00
1213.00	8004.00
1214.00	7976.00
1215.00	8083.00
1216.00	8147.00
1217.00	8100.00
1218.00	8110.00
1219.00	8100.00
1220.00	8429.00
1221.00	8286.00
1222.00	8200.00
1223.00	8314.00
1224.00	8503.00
1225.00	8373.00
1226.00	8388.00
1227.00	8527.00
1228.00	8472.00
1229.00	8593.00
1230.00	8753.00
1231.00	8610.00
1232.00	8667.00
1233.00	8746.00
1234.00	8609.00
1235.00	8611.00
1236.00	8482.00
1237.00	8534.00
1238.00	8460.00
1239.00	8430.00
1240.00	8444.00
1241.00	8444.00
1242.00	8435.00
1243.00	8179.00
1244.00	8158.00
1245.00	8229.00
1246.00	7948.00
1247.00	7923.00
1248.00	8084.00
1249.00	7760.00
1250.00	7907.00
1251.00	7810.00
1252.00	7977.00
1253.00	7763.00
1254.00	7862.00
1255.00	7723.00
1256.00	7765.00
1257.00	7775.00
1258.00	7708.00
1259.00	7808.00
1260.00	7735.00
1261.00	7819.00
1262.00	7510.00
1263.00	7661.00
1264.00	7666.00
1265.00	7681.00
1266.00	7644.00
1267.00	7600.00
1268.00	7568.00
1269.00	7782.00
1270.00	7736.00
1271.00	7743.00
1272.00	7966.00
1273.00	7776.00
1274.00	7772.00
1275.00	7935.00
1276.00	8137.00
1277.00	8109.00
1278.00	8149.00
1279.00	8505.00
1280.00	8266.00
1281.00	8604.00
1282.00	8635.00
1283.00	8810.00
1284.00	9130.00
1285.00	8933.00
1286.00	9145.00
1287.00	8980.00
1288.00	9402.00
1289.00	8976.00
1290.00	9452.00
1291.00	9269.00
1292.00	9334.00
1293.00	9383.00
1294.00	9156.00
1295.00	9104.00
1296.00	8913.00
1297.00	8847.00
1298.00	8826.00
1299.00	8595.00
1300.00	8748.00
1301.00	8378.00
1302.00	8432.00
1303.00	7965.00
1304.00	8004.00
1305.00	8118.00
1306.00	7861.00
1307.00	7714.00
1308.00	7809.00
1309.00	7746.00
1310.00	7608.00
1311.00	7726.00
1312.00	7586.00
1313.00	7536.00
1314.00	7427.00
1315.00	7555.00
1316.00	7413.00
1317.00	7450.00
1318.00	7442.00
1319.00	7516.00
1320.00	7428.00
1321.00	7262.00
1322.00	7469.00
1323.00	7283.00
1324.00	7428.00
1325.00	7417.00
1326.00	7424.00
1327.00	7346.00
1328.00	7208.00
1329.00	7567.00
1330.00	7385.00
1331.00	7314.00
1332.00	7426.00
1333.00	7306.00
1334.00	7368.00
1335.00	7453.00
1336.00	7391.00
1337.00	7372.00
1338.00	7294.00
1339.00	7397.00
1340.00	7387.00
1341.00	7294.00
1342.00	7369.00
1343.00	7326.00
1344.00	7253.00
1345.00	7249.00
1346.00	7485.00
1347.00	7393.00
1348.00	7384.00
1349.00	7688.00
1350.00	7580.00
1351.00	7413.00
1352.00	7835.00
1353.00	7915.00
1354.00	7942.00
1355.00	8017.00
1356.00	8215.00
1357.00	8279.00
1358.00	8353.00
1359.00	8277.00
1360.00	8391.00
1361.00	8364.00
1362.00	8518.00
1363.00	8433.00
1364.00	8545.00
1365.00	8331.00
1366.00	8611.00
1367.00	8463.00
1368.00	8258.00
1369.00	8177.00
1370.00	8256.00
1371.00	8002.00
1372.00	7958.00
1373.00	7910.00
1374.00	7610.00
1375.00	7539.00
1376.00	7297.00
1377.00	7260.00
1378.00	7233.00
1379.00	7082.00
1380.00	7062.00
1381.00	7014.00
1382.00	7037.00
1383.00	6968.00
1384.00	6855.00
1385.00	6850.00
1386.00	6857.00
1387.00	6805.00
1388.00	6668.00
1389.00	6792.00
1390.00	6721.00
1391.00	6664.00
1392.00	6764.00
1393.00	6653.00
1394.00	6698.00
1395.00	6642.00
1396.00	6610.00
1397.00	6605.00
1398.00	6763.00
1399.00	6641.00
1400.00	6698.00
1401.00	6419.00
1402.00	6495.00
1403.00	6516.00
1404.00	6634.00
1405.00	6644.00
1406.00	6452.00
1407.00	6487.00
1408.00	6433.00
1409.00	6562.00
1410.00	6623.00
1411.00	6526.00
1412.00	6528.00
1413.00	6524.00
1414.00	6436.00
1415.00	6471.00
1416.00	6310.00
1417.00	6433.00
1418.00	6489.00
1419.00	6536.00
1420.00	6531.00
1421.00	6503.00
1422.00	6349.00
1423.00	6647.00
1424.00	6521.00
1425.00	6515.00
1426.00	6772.00
1427.00	6785.00
1428.00	6709.00
1429.00	6709.00
1430.00	6715.00
1431.00	6786.00
1432.00	6802.00
1433.00	6912.00
1434.00	6898.00
1435.00	6858.00
1436.00	6923.00
1437.00	6910.00
1438.00	6902.00
1439.00	6975.00
1440.00	7005.00
1441.00	7035.00
1442.00	6931.00
1443.00	6929.00
1444.00	6963.00
1445.00	6892.00
1446.00	6773.00
1447.00	6877.00
1448.00	6803.00
1449.00	6711.00
1450.00	6715.00
1451.00	6522.00
1452.00	6588.00
1453.00	6553.00
1454.00	6483.00
1455.00	6419.00
1456.00	6402.00
1457.00	6382.00
1458.00	6424.00
1459.00	6426.00
1460.00	6439.00
1461.00	6241.00
1462.00	6078.00
1463.00	6172.00
1464.00	6169.00
1465.00	6210.00
1466.00	6380.00
1467.00	6104.00
1468.00	6152.00
1469.00	6155.00
1470.00	6216.00
1471.00	6104.00
1472.00	6278.00
1473.00	6208.00
1474.00	6271.00
1475.00	6049.00
1476.00	6037.00
1477.00	6160.00
1478.00	6259.00
1479.00	6266.00
1480.00	6165.00
1481.00	6240.00
1482.00	6105.00
1483.00	6124.00
1484.00	6159.00
1485.00	6121.00
1486.00	6077.00
1487.00	6134.00
1488.00	6165.00
1489.00	6136.00
1490.00	6153.00
1491.00	6092.00
1492.00	6290.00
1493.00	6203.00
1494.00	6130.00
1495.00	6178.00
1496.00	6197.00
1497.00	6218.00
1498.00	6254.00
1499.00	6230.00
1500.00	6289.00
1501.00	6270.00
1502.00	6444.00
1503.00	6345.00
1504.00	6492.00
1505.00	6548.00
1506.00	6715.00
1507.00	6771.00
1508.00	6814.00
1509.00	6860.00
1510.00	6967.00
1511.00	7152.00
1512.00	7143.00
1513.00	7117.00
1514.00	7234.00
1515.00	7450.00
1516.00	7468.00
1517.00	7374.00
1518.00	7390.00
1519.00	7511.00
1520.00	7615.00
1521.00	7535.00
1522.00	7530.00
1523.00	7538.00
1524.00	7494.00
1525.00	7431.00
1526.00	7281.00
1527.00	7275.00
1528.00	7230.00
1529.00	7115.00
1530.00	7098.00
1531.00	6910.00
1532.00	7034.00
1533.00	6838.00
1534.00	6944.00
1535.00	6760.00
1536.00	6947.00
1537.00	6684.00
1538.00	6647.00
1539.00	6830.00
1540.00	6871.00
1541.00	6818.00
1542.00	6735.00
1543.00	6708.00
1544.00	6801.00
1545.00	6812.00
1546.00	6763.00
1547.00	6965.00
1548.00	6892.00
1549.00	7091.00
1550.00	7042.00
1551.00	7173.00
1552.00	7120.00
1553.00	7275.00
1554.00	7466.00
1555.00	7575.00
1556.00	7780.00
1557.00	7874.00
1558.00	7920.00
1559.00	7876.00
1560.00	7955.00
1561.00	8097.00
1562.00	8295.00
1563.00	8241.00
1564.00	8589.00
1565.00	8720.00
1566.00	8803.00
1567.00	9021.00
1568.00	9125.00
1569.00	9170.00
1570.00	9388.00
1571.00	9385.00
1572.00	9626.00
1573.00	9567.00
1574.00	9818.00
1575.00	10043.00
1576.00	10197.00
1577.00	10265.00
1578.00	10482.00
1579.00	10700.00
1580.00	10442.00
1581.00	10534.00
1582.00	10550.00
1583.00	10676.00
1584.00	10650.00
1585.00	10675.00
1586.00	10834.00
1587.00	11070.00
1588.00	11033.00
1589.00	10913.00
1590.00	11025.00
1591.00	11046.00
1592.00	10897.00
1593.00	10880.00
1594.00	10579.00
1595.00	10699.00
1596.00	10602.00
1597.00	10624.00
1598.00	10576.00
1599.00	10276.00
1600.00	10197.00
1601.00	10033.00
1602.00	10039.00
1603.00	9750.00
1604.00	9892.00
1605.00	9637.00
1606.00	9454.00
1607.00	9285.00
1608.00	9172.00
1609.00	9185.00
1610.00	9036.00
1611.00	8548.00
1612.00	8645.00
1613.00	8299.00
1614.00	8233.00
1615.00	8234.00
1616.00	8045.00
1617.00	7796.00
1618.00	7830.00
1619.00	7484.00
1620.00	7541.00
1621.00	7274.00
1622.00	7018.00
1623.00	6975.00
1624.00	6892.00
1625.00	6785.00
1626.00	6795.00
1627.00	6503.00
1628.00	6569.00
1629.00	6397.00
1630.00	6343.00
1631.00	6158.00
1632.00	6052.00
1633.00	6038.00
1634.00	5981.00
1635.00	5853.00
1636.00	5754.00
1637.00	5651.00
1638.00	5638.00
1639.00	5560.00
1640.00	5403.00
1641.00	5462.00
1642.00	5419.00
1643.00	5455.00
1644.00	5360.00
1645.00	5292.00
1646.00	5287.00
1647.00	5205.00
1648.00	5403.00
1649.00	5156.00
1650.00	5195.00
1651.00	5180.00
1652.00	5180.00
1653.00	5119.00
1654.00	5094.00
1655.00	5106.00
1656.00	5172.00
1657.00	5046.00
1658.00	5222.00
1659.00	5209.00
1660.00	5504.00
1661.00	5370.00
1662.00	5496.00
1663.00	5693.00
1664.00	5673.00
1665.00	5905.00
1666.00	6135.00
1667.00	6352.00
1668.00	6605.00
1669.00	6954.00
1670.00	6925.00
1671.00	7245.00
1672.00	7444.00
1673.00	7873.00
1674.00	8140.00
1675.00	8301.00
1676.00	8505.00
1677.00	8823.00
1678.00	8841.00
1679.00	8955.00
1680.00	9082.00
1681.00	9193.00
1682.00	9105.00
1683.00	9068.00
1684.00	9063.00
1685.00	8980.00
1686.00	8789.00
1687.00	8641.00
1688.00	8370.00
1689.00	8245.00
1690.00	7936.00
1691.00	7645.00
1692.00	7415.00
1693.00	7065.00
1694.00	6826.00
1695.00	6403.00
1696.00	6000.00
1697.00	5868.00
1698.00	5554.00
1699.00	5452.00
1700.00	5217.00
1701.00	5016.00
1702.00	4805.00
1703.00	4740.00
1704.00	4547.00
1705.00	4645.00
1706.00	4360.00
1707.00	4347.00
1708.00	4326.00
1709.00	4267.00
1710.00	4189.00
1711.00	4033.00
1712.00	3984.00
1713.00	4106.00
1714.00	4040.00
1715.00	4010.00
1716.00	3983.00
1717.00	3909.00
1718.00	3923.00
1719.00	3990.00
1720.00	3943.00
1721.00	3892.00
1722.00	3889.00
1723.00	4033.00
1724.00	3948.00
1725.00	3939.00
1726.00	3927.00
1727.00	3893.00
1728.00	3879.00
1729.00	3886.00
1730.00	3901.00
1731.00	3950.00
1732.00	3948.00
1733.00	3928.00
1734.00	3868.00
1735.00	3978.00
1736.00	3917.00
1737.00	3931.00
1738.00	3916.00
1739.00	3995.00
1740.00	3898.00
1741.00	3941.00
1742.00	3937.00
1743.00	3859.00
1744.00	3988.00
1745.00	3924.00
1746.00	3842.00
1747.00	3991.00
1748.00	4041.00
1749.00	3994.00
1750.00	3989.00
1751.00	4025.00
1752.00	3943.00
1753.00	4025.00
1754.00	4106.00
1755.00	3956.00
1756.00	4055.00
1757.00	4040.00
1758.00	4103.00
1759.00	4028.00
1760.00	4089.00
1761.00	4130.00
1762.00	4183.00
1763.00	4143.00
1764.00	4141.00
1765.00	4148.00
1766.00	4122.00
1767.00	4127.00
1768.00	4112.00
1769.00	4143.00
1770.00	4107.00
1771.00	4062.00
1772.00	3998.00
1773.00	3995.00
1774.00	4029.00
1775.00	4191.00
1776.00	4065.00
1777.00	3947.00
1778.00	4012.00
1779.00	4104.00
1780.00	3867.00
1781.00	3997.00
1782.00	3766.00
1783.00	3702.00
1784.00	3860.00
1785.00	3775.00
1786.00	3810.00
1787.00	3770.00
1788.00	3769.00
1789.00	3814.00
1790.00	3694.00
1791.00	3710.00
1792.00	3626.00
1793.00	3584.00
1794.00	3633.00
1795.00	3563.00
1796.00	3584.00
1797.00	3332.00
1798.00	3426.00
1799.00	3336.00
1800.00	3341.00
1801.00	3248.00
1802.00	3326.00
1803.00	3249.00
1804.00	3146.00
1805.00	3162.00
1806.00	3126.00
1807.00	3098.00
1808.00	3056.00
1809.00	3051.00
1810.00	2976.00
1811.00	2977.00
1812.00	2883.00
1813.00	2896.00
1814.00	2952.00
1815.00	2804.00
1816.00	2800.00
1817.00	2698.00
1818.00	2725.00
1819.00	2739.00
1820.00	2639.00
1821.00	2738.00
1822.00	2672.00
1823.00	2608.00
1824.00	2602.00
1825.00	2610.00
1826.00	2640.00
1827.00	2553.00
1828.00	2516.00
1829.00	2550.00
1830.00	2489.00
1831.00	2525.00
1832.00	2500.00
1833.00	2435.00
1834.00	2341.00
1835.00	2360.00
1836.00	2426.00
1837.00	2277.00
1838.00	2305.00
1839.00	2311.00
1840.00	2236.00
1841.00	2388.00
1842.00	2190.00
1843.00	2317.00
1844.00	2300.00
1845.00	2234.00
1846.00	2259.00
1847.00	2213.00
1848.00	2129.00
1849.00	2230.00
1850.00	2161.00
1851.00	2167.00
1852.00	2130.00
1853.00	2146.00
1854.00	2101.00
1855.00	2085.00
1856.00	2130.00
1857.00	2045.00
1858.00	2071.00
1859.00	2059.00
1860.00	1993.00
1861.00	2019.00
1862.00	1983.00
1863.00	2061.00
1864.00	2059.00
1865.00	2047.00
1866.00	2084.00
1867.00	2028.00
1868.00	1996.00
1869.00	2083.00
1870.00	2095.00
1871.00	2015.00
1872.00	2056.00
1873.00	2038.00
1874.00	2018.00
1875.00	2112.00
1876.00	2022.00
1877.00	2097.00
1878.00	2140.00
1879.00	2212.00
1880.00	2165.00
1881.00	2201.00
1882.00	2273.00
1883.00	2291.00
1884.00	2316.00
1885.00	2335.00
1886.00	2332.00
1887.00	2428.00
1888.00	2349.00
1889.00	2385.00
1890.00	2392.00
1891.00	2286.00
1892.00	2419.00
1893.00	2378.00
1894.00	2272.00
1895.00	2258.00
1896.00	2204.00
1897.00	2249.00
1898.00	2127.00
1899.00	2065.00
1900.00	2079.00
1901.00	2053.00
1902.00	1916.00
1903.00	1899.00
1904.00	1868.00
1905.00	1890.00
1906.00	1797.00
1907.00	1801.00
1908.00	1746.00
1909.00	1811.00
1910.00	1785.00
1911.00	1698.00
1912.00	1671.00
1913.00	1649.00
1914.00	1663.00
1915.00	1668.00
1916.00	1690.00
1917.00	1574.00
1918.00	1607.00
1919.00	1622.00
1920.00	1594.00
1921.00	1658.00
1922.00	1556.00
1923.00	1621.00
1924.00	1614.00
1925.00	1558.00
1926.00	1643.00
1927.00	1509.00
1928.00	1548.00
1929.00	1569.00
1930.00	1514.00
1931.00	1393.00
1932.00	1480.00
1933.00	1420.00
1934.00	1434.00
1935.00	1441.00
1936.00	1407.00
1937.00	1381.00
1938.00	1439.00
1939.00	1296.00
1940.00	1343.00
1941.00	1395.00
1942.00	1334.00
1943.00	1362.00
1944.00	1333.00
1945.00	1330.00
1946.00	1300.00
1947.00	1314.00
1948.00	1287.00
1949.00	1334.00
1950.00	1317.00
1951.00	1258.00
1952.00	1271.00
1953.00	1222.00
1954.00	1276.00
1955.00	1301.00
1956.00	1262.00
1957.00	1249.00
1958.00	1293.00
1959.00	1255.00
1960.00	1223.00
1961.00	1235.00
1962.00	1220.00
1963.00	1286.00
1964.00	1173.00
1965.00	1142.00
1966.00	1188.00
1967.00	1165.00
1968.00	1172.00
1969.00	1168.00
1970.00	1154.00
1971.00	1138.00
1972.00	1207.00
1973.00	1132.00
1974.00	1173.00
1975.00	1131.00
1976.00	1072.00
1977.00	1138.00
1978.00	1070.00
1979.00	1149.00
1980.00	1124.00
1981.00	1110.00
1982.00	1147.00
1983.00	1081.00
1984.00	1109.00
1985.00	1073.00
1986.00	1086.00
1987.00	1034.00
1988.00	1143.00
1989.00	1039.00
1990.00	1063.00
1991.00	1048.00
1992.00	1063.00
1993.00	1004.00
1994.00	1032.00
1995.00	1009.00
1996.00	1000.00
1997.00	1066.00
1998.00	1037.00
1999.00	1035.00
2000.00	984.00
2001.00	1013.00
2002.00	1007.00
2003.00	978.00
2004.00	954.00
2005.00	964.00
2006.00	1008.00
2007.00	945.00
2008.00	1011.00
2009.00	989.00
2010.00	940.00
2011.00	910.00
2012.00	967.00
2013.00	954.00
2014.00	889.00
2015.00	902.00
2016.00	892.00
2017.00	892.00
2018.00	908.00
2019.00	895.00
2020.00	868.00
2021.00	835.00
2022.00	815.00
2023.00	867.00
2024.00	872.00
2025.00	913.00
2026.00	863.00
2027.00	857.00
2028.00	849.00
2029.00	813.00
2030.00	873.00
2031.00	823.00
2032.00	857.00
2033.00	810.00
2034.00	837.00
2035.00	849.00
2036.00	768.00
2037.00	803.00
2038.00	772.00
2039.00	733.00
2040.00	786.00
2041.00	789.00
2042.00	761.00
2043.00	744.00
2044.00	755.00
2045.00	753.00
2046.00	796.00
2047.00	725.00
2048.00	 0.00
