Date:	2023-09-18		
Time:	21:02		
Sample name:	Pellets		
Position:	1047.600011	mm	
Sample surface:	6.010414	cm	
Tube anode:	Mo		
Tube voltage:	30	kV	
Tube current:	50	mA	
Comments	not in position		
Gain	5.810000		
peaking_time	0.300000	m-sec	
trigger_threshold	30.000000	V	
mca_bin_width	2.000000	no:	
number_mca_channels	2048.000000	no:	
gap_time	0.100000	m-sec	
trigger_peaking_time	0.050000	m-sec	
livetime	17.136530	seconds	
runtime	20.000191	seconds	
input_count_rate	122351.079971	cps	
output_count_rate	104832.648848	cps	
triggers	2355569.000000	seconds	
events_in_run	2086167.000000	seconds	
channel	content		
 1.00	 0.00
 2.00	 0.00
 3.00	 0.00
 4.00	 0.00
 5.00	 0.00
 6.00	 0.00
 7.00	 0.00
 8.00	 0.00
 9.00	 0.00
10.00	 0.00
11.00	 0.00
12.00	 0.00
13.00	 0.00
14.00	 0.00
15.00	 0.00
16.00	 0.00
17.00	 0.00
18.00	 0.00
19.00	 0.00
20.00	 0.00
21.00	 0.00
22.00	 0.00
23.00	 0.00
24.00	 0.00
25.00	 0.00
26.00	 0.00
27.00	 0.00
28.00	 0.00
29.00	 0.00
30.00	 0.00
31.00	 2.00
32.00	 6.00
33.00	 4.00
34.00	 2.00
35.00	 5.00
36.00	13.00
37.00	14.00
38.00	17.00
39.00	35.00
40.00	51.00
41.00	59.00
42.00	59.00
43.00	89.00
44.00	102.00
45.00	138.00
46.00	126.00
47.00	183.00
48.00	183.00
49.00	203.00
50.00	228.00
51.00	233.00
52.00	263.00
53.00	260.00
54.00	270.00
55.00	292.00
56.00	364.00
57.00	328.00
58.00	344.00
59.00	350.00
60.00	370.00
61.00	330.00
62.00	369.00
63.00	397.00
64.00	363.00
65.00	381.00
66.00	387.00
67.00	377.00
68.00	353.00
69.00	389.00
70.00	339.00
71.00	411.00
72.00	380.00
73.00	363.00
74.00	396.00
75.00	376.00
76.00	350.00
77.00	358.00
78.00	389.00
79.00	391.00
80.00	362.00
81.00	360.00
82.00	396.00
83.00	362.00
84.00	342.00
85.00	342.00
86.00	359.00
87.00	318.00
88.00	344.00
89.00	355.00
90.00	328.00
91.00	325.00
92.00	302.00
93.00	351.00
94.00	342.00
95.00	311.00
96.00	295.00
97.00	306.00
98.00	335.00
99.00	276.00
100.00	304.00
101.00	306.00
102.00	324.00
103.00	293.00
104.00	310.00
105.00	271.00
106.00	271.00
107.00	276.00
108.00	276.00
109.00	262.00
110.00	295.00
111.00	278.00
112.00	293.00
113.00	255.00
114.00	285.00
115.00	262.00
116.00	272.00
117.00	268.00
118.00	261.00
119.00	296.00
120.00	277.00
121.00	255.00
122.00	258.00
123.00	265.00
124.00	253.00
125.00	240.00
126.00	221.00
127.00	210.00
128.00	224.00
129.00	222.00
130.00	231.00
131.00	191.00
132.00	200.00
133.00	188.00
134.00	222.00
135.00	236.00
136.00	242.00
137.00	294.00
138.00	378.00
139.00	439.00
140.00	565.00
141.00	691.00
142.00	878.00
143.00	1039.00
144.00	1056.00
145.00	1103.00
146.00	1107.00
147.00	961.00
148.00	848.00
149.00	782.00
150.00	664.00
151.00	587.00
152.00	570.00
153.00	559.00
154.00	455.00
155.00	452.00
156.00	399.00
157.00	402.00
158.00	479.00
159.00	591.00
160.00	915.00
161.00	1556.00
162.00	2666.00
163.00	4291.00
164.00	6237.00
165.00	8796.00
166.00	11387.00
167.00	14083.00
168.00	15465.00
169.00	16088.00
170.00	15808.00
171.00	14048.00
172.00	11739.00
173.00	9089.00
174.00	6844.00
175.00	4833.00
176.00	3449.00
177.00	2335.00
178.00	1754.00
179.00	1234.00
180.00	1037.00
181.00	771.00
182.00	642.00
183.00	593.00
184.00	449.00
185.00	400.00
186.00	424.00
187.00	375.00
188.00	402.00
189.00	391.00
190.00	386.00
191.00	400.00
192.00	362.00
193.00	342.00
194.00	364.00
195.00	353.00
196.00	332.00
197.00	268.00
198.00	282.00
199.00	245.00
200.00	220.00
201.00	216.00
202.00	194.00
203.00	210.00
204.00	178.00
205.00	178.00
206.00	165.00
207.00	192.00
208.00	191.00
209.00	166.00
210.00	182.00
211.00	207.00
212.00	195.00
213.00	224.00
214.00	183.00
215.00	194.00
216.00	185.00
217.00	198.00
218.00	240.00
219.00	232.00
220.00	256.00
221.00	275.00
222.00	299.00
223.00	321.00
224.00	324.00
225.00	294.00
226.00	307.00
227.00	306.00
228.00	252.00
229.00	276.00
230.00	222.00
231.00	202.00
232.00	186.00
233.00	162.00
234.00	187.00
235.00	177.00
236.00	176.00
237.00	178.00
238.00	177.00
239.00	201.00
240.00	167.00
241.00	164.00
242.00	174.00
243.00	158.00
244.00	171.00
245.00	164.00
246.00	159.00
247.00	135.00
248.00	194.00
249.00	177.00
250.00	167.00
251.00	193.00
252.00	211.00
253.00	177.00
254.00	216.00
255.00	205.00
256.00	216.00
257.00	210.00
258.00	189.00
259.00	199.00
260.00	211.00
261.00	204.00
262.00	232.00
263.00	226.00
264.00	245.00
265.00	282.00
266.00	289.00
267.00	310.00
268.00	315.00
269.00	274.00
270.00	298.00
271.00	247.00
272.00	242.00
273.00	241.00
274.00	220.00
275.00	244.00
276.00	301.00
277.00	296.00
278.00	414.00
279.00	506.00
280.00	690.00
281.00	909.00
282.00	1131.00
283.00	1439.00
284.00	1682.00
285.00	1951.00
286.00	1978.00
287.00	2062.00
288.00	2066.00
289.00	1906.00
290.00	1563.00
291.00	1349.00
292.00	1084.00
293.00	826.00
294.00	628.00
295.00	432.00
296.00	342.00
297.00	272.00
298.00	249.00
299.00	205.00
300.00	246.00
301.00	237.00
302.00	244.00
303.00	319.00
304.00	292.00
305.00	375.00
306.00	439.00
307.00	524.00
308.00	679.00
309.00	827.00
310.00	1234.00
311.00	1688.00
312.00	2517.00
313.00	3593.00
314.00	5250.00
315.00	6959.00
316.00	9230.00
317.00	11578.00
318.00	13764.00
319.00	16168.00
320.00	17161.00
321.00	17762.00
322.00	17481.00
323.00	16309.00
324.00	14371.00
325.00	12227.00
326.00	9777.00
327.00	7512.00
328.00	5473.00
329.00	3863.00
330.00	2571.00
331.00	1655.00
332.00	1077.00
333.00	714.00
334.00	505.00
335.00	431.00
336.00	418.00
337.00	445.00
338.00	522.00
339.00	683.00
340.00	902.00
341.00	1099.00
342.00	1335.00
343.00	1783.00
344.00	2210.00
345.00	2667.00
346.00	3201.00
347.00	3760.00
348.00	4359.00
349.00	4981.00
350.00	6029.00
351.00	7054.00
352.00	8564.00
353.00	10119.00
354.00	11585.00
355.00	12848.00
356.00	13903.00
357.00	14433.00
358.00	14233.00
359.00	13488.00
360.00	12486.00
361.00	10507.00
362.00	8680.00
363.00	7041.00
364.00	5400.00
365.00	3867.00
366.00	2761.00
367.00	1779.00
368.00	1172.00
369.00	783.00
370.00	577.00
371.00	420.00
372.00	325.00
373.00	301.00
374.00	272.00
375.00	302.00
376.00	339.00
377.00	392.00
378.00	500.00
379.00	565.00
380.00	689.00
381.00	875.00
382.00	1118.00
383.00	1304.00
384.00	1587.00
385.00	1880.00
386.00	2073.00
387.00	2222.00
388.00	2261.00
389.00	2325.00
390.00	2348.00
391.00	2143.00
392.00	1965.00
393.00	1655.00
394.00	1442.00
395.00	1184.00
396.00	996.00
397.00	798.00
398.00	651.00
399.00	574.00
400.00	439.00
401.00	408.00
402.00	423.00
403.00	394.00
404.00	325.00
405.00	362.00
406.00	353.00
407.00	332.00
408.00	303.00
409.00	346.00
410.00	297.00
411.00	341.00
412.00	343.00
413.00	387.00
414.00	362.00
415.00	391.00
416.00	389.00
417.00	443.00
418.00	467.00
419.00	502.00
420.00	607.00
421.00	669.00
422.00	807.00
423.00	1076.00
424.00	1445.00
425.00	1934.00
426.00	2860.00
427.00	3667.00
428.00	5082.00
429.00	6574.00
430.00	8462.00
431.00	10280.00
432.00	12318.00
433.00	14323.00
434.00	15397.00
435.00	16730.00
436.00	17059.00
437.00	16818.00
438.00	16249.00
439.00	14746.00
440.00	12888.00
441.00	10959.00
442.00	9223.00
443.00	7547.00
444.00	6095.00
445.00	5050.00
446.00	4212.00
447.00	3490.00
448.00	3201.00
449.00	2964.00
450.00	2708.00
451.00	2541.00
452.00	2434.00
453.00	2192.00
454.00	1970.00
455.00	1773.00
456.00	1592.00
457.00	1496.00
458.00	1370.00
459.00	1256.00
460.00	1294.00
461.00	1365.00
462.00	1439.00
463.00	1620.00
464.00	1781.00
465.00	1907.00
466.00	2142.00
467.00	2377.00
468.00	2588.00
469.00	2866.00
470.00	3117.00
471.00	3396.00
472.00	3769.00
473.00	4056.00
474.00	4135.00
475.00	4496.00
476.00	4383.00
477.00	4660.00
478.00	4514.00
479.00	4368.00
480.00	3970.00
481.00	3652.00
482.00	3343.00
483.00	2859.00
484.00	2453.00
485.00	1958.00
486.00	1606.00
487.00	1425.00
488.00	1185.00
489.00	1102.00
490.00	968.00
491.00	1044.00
492.00	1027.00
493.00	973.00
494.00	999.00
495.00	1049.00
496.00	1056.00
497.00	1166.00
498.00	1137.00
499.00	1153.00
500.00	1308.00
501.00	1300.00
502.00	1322.00
503.00	1265.00
504.00	1425.00
505.00	1362.00
506.00	1405.00
507.00	1470.00
508.00	1437.00
509.00	1517.00
510.00	1523.00
511.00	1614.00
512.00	1708.00
513.00	1696.00
514.00	1840.00
515.00	1892.00
516.00	2044.00
517.00	2082.00
518.00	2188.00
519.00	2330.00
520.00	2383.00
521.00	2555.00
522.00	2651.00
523.00	2636.00
524.00	2661.00
525.00	2561.00
526.00	2584.00
527.00	2385.00
528.00	2377.00
529.00	2195.00
530.00	2196.00
531.00	2064.00
532.00	1923.00
533.00	1930.00
534.00	1967.00
535.00	1882.00
536.00	1953.00
537.00	1927.00
538.00	1886.00
539.00	1947.00
540.00	1914.00
541.00	1973.00
542.00	1995.00
543.00	2012.00
544.00	1991.00
545.00	2062.00
546.00	1926.00
547.00	2040.00
548.00	2008.00
549.00	2146.00
550.00	2127.00
551.00	2068.00
552.00	2190.00
553.00	2283.00
554.00	2411.00
555.00	2716.00
556.00	3179.00
557.00	3831.00
558.00	4433.00
559.00	5620.00
560.00	7175.00
561.00	9015.00
562.00	11228.00
563.00	13600.00
564.00	16370.00
565.00	18913.00
566.00	21684.00
567.00	24146.00
568.00	25767.00
569.00	26563.00
570.00	26854.00
571.00	26535.00
572.00	25050.00
573.00	23356.00
574.00	20900.00
575.00	18088.00
576.00	15219.00
577.00	12774.00
578.00	9986.00
579.00	8209.00
580.00	6599.00
581.00	5010.00
582.00	4055.00
583.00	3409.00
584.00	2966.00
585.00	2588.00
586.00	2526.00
587.00	2469.00
588.00	2479.00
589.00	2432.00
590.00	2554.00
591.00	2680.00
592.00	2692.00
593.00	2825.00
594.00	3036.00
595.00	3253.00
596.00	3569.00
597.00	4054.00
598.00	4724.00
599.00	5621.00
600.00	7199.00
601.00	9763.00
602.00	13261.00
603.00	18567.00
604.00	26270.00
605.00	37523.00
606.00	52598.00
607.00	73690.00
608.00	99664.00
609.00	133131.00
610.00	171687.00
611.00	217545.00
612.00	267350.00
613.00	317104.00
614.00	369604.00
615.00	412823.00
616.00	450080.00
617.00	479543.00
618.00	489759.00
619.00	489872.00
620.00	473582.00
621.00	444209.00
622.00	405147.00
623.00	356709.00
624.00	307554.00
625.00	256516.00
626.00	207173.00
627.00	162778.00
628.00	124411.00
629.00	93591.00
630.00	68172.00
631.00	49144.00
632.00	34731.00
633.00	24368.00
634.00	17427.00
635.00	12387.00
636.00	9039.00
637.00	6774.00
638.00	5538.00
639.00	4668.00
640.00	4292.00
641.00	3902.00
642.00	3759.00
643.00	3689.00
644.00	3543.00
645.00	3613.00
646.00	3698.00
647.00	3515.00
648.00	3627.00
649.00	3633.00
650.00	3645.00
651.00	3816.00
652.00	3761.00
653.00	3901.00
654.00	4060.00
655.00	4155.00
656.00	4212.00
657.00	4424.00
658.00	4585.00
659.00	4705.00
660.00	4993.00
661.00	5314.00
662.00	5601.00
663.00	6191.00
664.00	6838.00
665.00	7657.00
666.00	8715.00
667.00	10207.00
668.00	12284.00
669.00	14639.00
670.00	18409.00
671.00	22214.00
672.00	27694.00
673.00	33363.00
674.00	39776.00
675.00	47363.00
676.00	54260.00
677.00	61134.00
678.00	67710.00
679.00	72558.00
680.00	76815.00
681.00	78463.00
682.00	78474.00
683.00	76433.00
684.00	72544.00
685.00	66876.00
686.00	60178.00
687.00	53025.00
688.00	45106.00
689.00	38038.00
690.00	31005.00
691.00	24969.00
692.00	20029.00
693.00	15326.00
694.00	12157.00
695.00	9310.00
696.00	7383.00
697.00	5973.00
698.00	4962.00
699.00	4220.00
700.00	4010.00
701.00	3662.00
702.00	3460.00
703.00	3401.00
704.00	3366.00
705.00	3501.00
706.00	3468.00
707.00	3469.00
708.00	3715.00
709.00	3786.00
710.00	3901.00
711.00	4078.00
712.00	4123.00
713.00	4403.00
714.00	4575.00
715.00	4734.00
716.00	4905.00
717.00	5057.00
718.00	5262.00
719.00	5333.00
720.00	5511.00
721.00	5539.00
722.00	5513.00
723.00	5594.00
724.00	5387.00
725.00	5251.00
726.00	5036.00
727.00	4853.00
728.00	4649.00
729.00	4449.00
730.00	4275.00
731.00	4142.00
732.00	3832.00
733.00	3772.00
734.00	3677.00
735.00	3475.00
736.00	3590.00
737.00	3433.00
738.00	3499.00
739.00	3455.00
740.00	3340.00
741.00	3418.00
742.00	3397.00
743.00	3395.00
744.00	3287.00
745.00	3378.00
746.00	3237.00
747.00	3168.00
748.00	3211.00
749.00	3289.00
750.00	3190.00
751.00	3294.00
752.00	3351.00
753.00	3208.00
754.00	3244.00
755.00	3381.00
756.00	3276.00
757.00	3480.00
758.00	3495.00
759.00	3503.00
760.00	3726.00
761.00	3667.00
762.00	3618.00
763.00	3729.00
764.00	3775.00
765.00	4034.00
766.00	4042.00
767.00	4275.00
768.00	4327.00
769.00	4548.00
770.00	4714.00
771.00	4852.00
772.00	5158.00
773.00	5222.00
774.00	5229.00
775.00	5557.00
776.00	5633.00
777.00	5547.00
778.00	5686.00
779.00	5617.00
780.00	5723.00
781.00	5698.00
782.00	5598.00
783.00	5490.00
784.00	5592.00
785.00	5529.00
786.00	5432.00
787.00	5408.00
788.00	5484.00
789.00	5492.00
790.00	5529.00
791.00	5604.00
792.00	5517.00
793.00	5639.00
794.00	5700.00
795.00	5710.00
796.00	5668.00
797.00	5884.00
798.00	5860.00
799.00	5853.00
800.00	5857.00
801.00	6029.00
802.00	5993.00
803.00	6067.00
804.00	6024.00
805.00	6065.00
806.00	5843.00
807.00	6198.00
808.00	6032.00
809.00	6045.00
810.00	6149.00
811.00	5966.00
812.00	6000.00
813.00	6138.00
814.00	5971.00
815.00	6062.00
816.00	6039.00
817.00	6018.00
818.00	6116.00
819.00	6286.00
820.00	6439.00
821.00	6724.00
822.00	6904.00
823.00	7262.00
824.00	7868.00
825.00	8252.00
826.00	8725.00
827.00	9529.00
828.00	10236.00
829.00	10880.00
830.00	11209.00
831.00	11654.00
832.00	12026.00
833.00	12054.00
834.00	12028.00
835.00	11914.00
836.00	11731.00
837.00	11138.00
838.00	10625.00
839.00	9919.00
840.00	9401.00
841.00	8838.00
842.00	8206.00
843.00	7766.00
844.00	7302.00
845.00	6740.00
846.00	6653.00
847.00	6358.00
848.00	6064.00
849.00	6032.00
850.00	5856.00
851.00	5773.00
852.00	5849.00
853.00	5846.00
854.00	5704.00
855.00	5834.00
856.00	5876.00
857.00	5795.00
858.00	5897.00
859.00	5927.00
860.00	5888.00
861.00	6030.00
862.00	6068.00
863.00	5873.00
864.00	6018.00
865.00	5954.00
866.00	5853.00
867.00	5925.00
868.00	6010.00
869.00	5939.00
870.00	5973.00
871.00	6023.00
872.00	6123.00
873.00	5985.00
874.00	6166.00
875.00	6155.00
876.00	6279.00
877.00	6228.00
878.00	6306.00
879.00	6364.00
880.00	6312.00
881.00	6444.00
882.00	6626.00
883.00	6512.00
884.00	6847.00
885.00	6889.00
886.00	6902.00
887.00	6966.00
888.00	6925.00
889.00	7065.00
890.00	6898.00
891.00	7226.00
892.00	7115.00
893.00	7240.00
894.00	7137.00
895.00	7249.00
896.00	7098.00
897.00	7142.00
898.00	7078.00
899.00	7115.00
900.00	7171.00
901.00	7136.00
902.00	7049.00
903.00	7275.00
904.00	7200.00
905.00	7156.00
906.00	7209.00
907.00	7041.00
908.00	7151.00
909.00	7308.00
910.00	7497.00
911.00	7301.00
912.00	7467.00
913.00	7514.00
914.00	7536.00
915.00	7661.00
916.00	7599.00
917.00	7842.00
918.00	8072.00
919.00	8192.00
920.00	8239.00
921.00	8367.00
922.00	8266.00
923.00	8470.00
924.00	8300.00
925.00	8453.00
926.00	8536.00
927.00	8285.00
928.00	8346.00
929.00	8097.00
930.00	8078.00
931.00	7980.00
932.00	8229.00
933.00	7788.00
934.00	7895.00
935.00	7889.00
936.00	7575.00
937.00	7562.00
938.00	7636.00
939.00	7585.00
940.00	7420.00
941.00	7465.00
942.00	7485.00
943.00	7302.00
944.00	7307.00
945.00	7118.00
946.00	7211.00
947.00	7416.00
948.00	7202.00
949.00	7237.00
950.00	7171.00
951.00	7401.00
952.00	7126.00
953.00	7207.00
954.00	7253.00
955.00	7269.00
956.00	7349.00
957.00	7187.00
958.00	7381.00
959.00	7156.00
960.00	7274.00
961.00	7123.00
962.00	7319.00
963.00	7191.00
964.00	7282.00
965.00	7291.00
966.00	7378.00
967.00	7389.00
968.00	7283.00
969.00	7419.00
970.00	7299.00
971.00	7432.00
972.00	7305.00
973.00	7397.00
974.00	7370.00
975.00	7300.00
976.00	7368.00
977.00	7371.00
978.00	7302.00
979.00	7348.00
980.00	7284.00
981.00	7388.00
982.00	7328.00
983.00	7442.00
984.00	7438.00
985.00	7390.00
986.00	7507.00
987.00	7511.00
988.00	7550.00
989.00	7408.00
990.00	7473.00
991.00	7617.00
992.00	7544.00
993.00	7399.00
994.00	7496.00
995.00	7471.00
996.00	7637.00
997.00	7437.00
998.00	7497.00
999.00	7543.00
1000.00	7606.00
1001.00	7620.00
1002.00	7558.00
1003.00	7594.00
1004.00	7809.00
1005.00	7734.00
1006.00	8069.00
1007.00	7861.00
1008.00	7888.00
1009.00	8166.00
1010.00	8179.00
1011.00	8380.00
1012.00	8486.00
1013.00	8472.00
1014.00	8565.00
1015.00	8734.00
1016.00	8549.00
1017.00	8713.00
1018.00	8580.00
1019.00	8547.00
1020.00	8322.00
1021.00	8431.00
1022.00	8494.00
1023.00	8208.00
1024.00	8261.00
1025.00	8006.00
1026.00	7909.00
1027.00	7849.00
1028.00	7841.00
1029.00	7738.00
1030.00	7766.00
1031.00	7615.00
1032.00	7461.00
1033.00	7296.00
1034.00	7463.00
1035.00	7348.00
1036.00	7299.00
1037.00	7483.00
1038.00	7425.00
1039.00	7554.00
1040.00	7561.00
1041.00	7455.00
1042.00	7421.00
1043.00	7608.00
1044.00	7604.00
1045.00	7635.00
1046.00	7629.00
1047.00	7650.00
1048.00	7706.00
1049.00	7665.00
1050.00	7536.00
1051.00	7841.00
1052.00	7728.00
1053.00	7779.00
1054.00	7720.00
1055.00	7742.00
1056.00	7823.00
1057.00	7851.00
1058.00	7822.00
1059.00	7763.00
1060.00	7864.00
1061.00	7818.00
1062.00	7715.00
1063.00	7818.00
1064.00	7915.00
1065.00	7772.00
1066.00	7856.00
1067.00	7804.00
1068.00	7733.00
1069.00	7846.00
1070.00	7733.00
1071.00	7819.00
1072.00	7915.00
1073.00	7872.00
1074.00	8098.00
1075.00	7684.00
1076.00	7844.00
1077.00	7991.00
1078.00	7892.00
1079.00	8082.00
1080.00	7990.00
1081.00	7946.00
1082.00	8040.00
1083.00	8000.00
1084.00	8072.00
1085.00	8068.00
1086.00	8093.00
1087.00	8155.00
1088.00	8042.00
1089.00	7923.00
1090.00	8062.00
1091.00	8073.00
1092.00	8107.00
1093.00	8156.00
1094.00	8244.00
1095.00	8266.00
1096.00	8004.00
1097.00	8211.00
1098.00	8180.00
1099.00	8211.00
1100.00	8187.00
1101.00	8282.00
1102.00	8178.00
1103.00	8238.00
1104.00	8016.00
1105.00	8246.00
1106.00	8248.00
1107.00	7997.00
1108.00	8325.00
1109.00	8112.00
1110.00	8304.00
1111.00	8155.00
1112.00	8390.00
1113.00	8164.00
1114.00	8313.00
1115.00	8197.00
1116.00	8141.00
1117.00	8335.00
1118.00	8248.00
1119.00	8263.00
1120.00	8176.00
1121.00	8269.00
1122.00	8171.00
1123.00	8137.00
1124.00	8097.00
1125.00	8105.00
1126.00	8231.00
1127.00	7876.00
1128.00	7977.00
1129.00	8309.00
1130.00	8126.00
1131.00	8082.00
1132.00	8372.00
1133.00	8102.00
1134.00	8149.00
1135.00	8103.00
1136.00	8160.00
1137.00	8175.00
1138.00	8299.00
1139.00	8151.00
1140.00	8277.00
1141.00	8281.00
1142.00	8453.00
1143.00	8415.00
1144.00	8302.00
1145.00	8241.00
1146.00	8264.00
1147.00	8401.00
1148.00	8404.00
1149.00	8452.00
1150.00	8358.00
1151.00	8346.00
1152.00	8279.00
1153.00	8216.00
1154.00	8370.00
1155.00	8325.00
1156.00	8221.00
1157.00	8086.00
1158.00	7951.00
1159.00	8020.00
1160.00	8167.00
1161.00	7978.00
1162.00	7956.00
1163.00	8083.00
1164.00	7981.00
1165.00	8104.00
1166.00	8083.00
1167.00	8016.00
1168.00	7991.00
1169.00	7969.00
1170.00	7830.00
1171.00	7898.00
1172.00	7924.00
1173.00	8020.00
1174.00	8104.00
1175.00	8062.00
1176.00	7932.00
1177.00	8233.00
1178.00	8088.00
1179.00	8100.00
1180.00	8148.00
1181.00	8053.00
1182.00	8019.00
1183.00	8268.00
1184.00	8178.00
1185.00	8178.00
1186.00	8096.00
1187.00	8097.00
1188.00	8190.00
1189.00	7967.00
1190.00	8072.00
1191.00	8240.00
1192.00	8119.00
1193.00	8106.00
1194.00	8132.00
1195.00	8077.00
1196.00	8159.00
1197.00	8052.00
1198.00	8013.00
1199.00	8162.00
1200.00	8109.00
1201.00	8170.00
1202.00	8364.00
1203.00	8343.00
1204.00	8340.00
1205.00	8250.00
1206.00	8250.00
1207.00	8358.00
1208.00	8491.00
1209.00	8566.00
1210.00	8453.00
1211.00	8456.00
1212.00	8538.00
1213.00	8766.00
1214.00	8825.00
1215.00	8765.00
1216.00	8868.00
1217.00	8963.00
1218.00	8794.00
1219.00	8868.00
1220.00	8882.00
1221.00	8831.00
1222.00	8997.00
1223.00	9053.00
1224.00	9114.00
1225.00	8941.00
1226.00	9156.00
1227.00	9176.00
1228.00	9232.00
1229.00	9045.00
1230.00	9234.00
1231.00	9017.00
1232.00	9258.00
1233.00	9076.00
1234.00	9241.00
1235.00	8976.00
1236.00	9169.00
1237.00	9095.00
1238.00	9023.00
1239.00	9202.00
1240.00	9007.00
1241.00	8914.00
1242.00	8890.00
1243.00	8744.00
1244.00	8751.00
1245.00	8577.00
1246.00	8509.00
1247.00	8483.00
1248.00	8538.00
1249.00	8551.00
1250.00	8349.00
1251.00	8386.00
1252.00	8204.00
1253.00	8233.00
1254.00	8295.00
1255.00	8230.00
1256.00	8233.00
1257.00	8408.00
1258.00	8355.00
1259.00	8154.00
1260.00	8128.00
1261.00	8024.00
1262.00	8178.00
1263.00	8307.00
1264.00	8123.00
1265.00	8133.00
1266.00	8265.00
1267.00	8287.00
1268.00	8467.00
1269.00	8296.00
1270.00	8147.00
1271.00	8468.00
1272.00	8393.00
1273.00	8518.00
1274.00	8593.00
1275.00	8591.00
1276.00	8739.00
1277.00	8729.00
1278.00	8765.00
1279.00	8964.00
1280.00	9083.00
1281.00	9314.00
1282.00	9267.00
1283.00	9484.00
1284.00	9667.00
1285.00	9677.00
1286.00	9743.00
1287.00	10046.00
1288.00	9924.00
1289.00	9899.00
1290.00	9961.00
1291.00	10095.00
1292.00	10047.00
1293.00	9869.00
1294.00	9945.00
1295.00	9781.00
1296.00	9538.00
1297.00	9520.00
1298.00	9380.00
1299.00	9093.00
1300.00	9293.00
1301.00	8876.00
1302.00	9039.00
1303.00	8840.00
1304.00	8628.00
1305.00	8484.00
1306.00	8559.00
1307.00	8546.00
1308.00	8259.00
1309.00	8208.00
1310.00	8210.00
1311.00	8045.00
1312.00	8128.00
1313.00	8133.00
1314.00	7908.00
1315.00	8138.00
1316.00	8081.00
1317.00	7921.00
1318.00	8110.00
1319.00	8081.00
1320.00	8045.00
1321.00	7965.00
1322.00	7955.00
1323.00	8053.00
1324.00	8029.00
1325.00	7969.00
1326.00	7814.00
1327.00	8041.00
1328.00	7974.00
1329.00	8092.00
1330.00	7905.00
1331.00	7897.00
1332.00	7922.00
1333.00	7940.00
1334.00	7947.00
1335.00	7841.00
1336.00	7980.00
1337.00	7906.00
1338.00	7876.00
1339.00	7886.00
1340.00	7772.00
1341.00	7915.00
1342.00	7795.00
1343.00	7855.00
1344.00	7851.00
1345.00	8049.00
1346.00	7935.00
1347.00	8188.00
1348.00	8082.00
1349.00	8118.00
1350.00	8178.00
1351.00	8212.00
1352.00	8350.00
1353.00	8519.00
1354.00	8515.00
1355.00	8556.00
1356.00	8684.00
1357.00	8664.00
1358.00	8843.00
1359.00	8947.00
1360.00	8922.00
1361.00	9040.00
1362.00	9078.00
1363.00	9067.00
1364.00	9126.00
1365.00	9255.00
1366.00	8990.00
1367.00	8811.00
1368.00	8850.00
1369.00	8769.00
1370.00	8631.00
1371.00	8522.00
1372.00	8277.00
1373.00	8258.00
1374.00	8118.00
1375.00	8142.00
1376.00	7890.00
1377.00	7913.00
1378.00	7604.00
1379.00	7622.00
1380.00	7521.00
1381.00	7430.00
1382.00	7364.00
1383.00	7435.00
1384.00	7278.00
1385.00	7301.00
1386.00	7115.00
1387.00	7155.00
1388.00	7172.00
1389.00	7424.00
1390.00	7146.00
1391.00	7156.00
1392.00	7193.00
1393.00	7175.00
1394.00	7092.00
1395.00	7063.00
1396.00	7105.00
1397.00	7228.00
1398.00	6988.00
1399.00	6971.00
1400.00	7045.00
1401.00	6925.00
1402.00	7091.00
1403.00	7077.00
1404.00	7190.00
1405.00	6915.00
1406.00	6982.00
1407.00	6993.00
1408.00	6847.00
1409.00	6942.00
1410.00	7001.00
1411.00	6824.00
1412.00	6871.00
1413.00	7058.00
1414.00	6963.00
1415.00	7035.00
1416.00	6780.00
1417.00	6914.00
1418.00	7038.00
1419.00	6953.00
1420.00	6940.00
1421.00	7012.00
1422.00	7010.00
1423.00	7118.00
1424.00	7059.00
1425.00	7047.00
1426.00	7057.00
1427.00	7099.00
1428.00	6965.00
1429.00	7098.00
1430.00	7250.00
1431.00	7190.00
1432.00	7266.00
1433.00	7216.00
1434.00	7373.00
1435.00	7405.00
1436.00	7327.00
1437.00	7359.00
1438.00	7614.00
1439.00	7401.00
1440.00	7404.00
1441.00	7369.00
1442.00	7550.00
1443.00	7398.00
1444.00	7454.00
1445.00	7337.00
1446.00	7262.00
1447.00	7439.00
1448.00	7341.00
1449.00	7129.00
1450.00	7222.00
1451.00	7076.00
1452.00	6995.00
1453.00	7068.00
1454.00	6975.00
1455.00	6903.00
1456.00	6928.00
1457.00	6909.00
1458.00	6782.00
1459.00	6612.00
1460.00	6824.00
1461.00	6757.00
1462.00	6681.00
1463.00	6642.00
1464.00	6609.00
1465.00	6736.00
1466.00	6908.00
1467.00	6637.00
1468.00	6731.00
1469.00	6548.00
1470.00	6723.00
1471.00	6546.00
1472.00	6643.00
1473.00	6651.00
1474.00	6591.00
1475.00	6460.00
1476.00	6601.00
1477.00	6594.00
1478.00	6618.00
1479.00	6455.00
1480.00	6509.00
1481.00	6479.00
1482.00	6539.00
1483.00	6604.00
1484.00	6723.00
1485.00	6526.00
1486.00	6550.00
1487.00	6593.00
1488.00	6676.00
1489.00	6457.00
1490.00	6621.00
1491.00	6702.00
1492.00	6639.00
1493.00	6489.00
1494.00	6507.00
1495.00	6657.00
1496.00	6514.00
1497.00	6551.00
1498.00	6861.00
1499.00	6659.00
1500.00	6746.00
1501.00	6778.00
1502.00	6677.00
1503.00	6909.00
1504.00	7029.00
1505.00	7094.00
1506.00	6916.00
1507.00	7206.00
1508.00	7317.00
1509.00	7362.00
1510.00	7251.00
1511.00	7511.00
1512.00	7461.00
1513.00	7649.00
1514.00	7776.00
1515.00	7806.00
1516.00	7978.00
1517.00	7824.00
1518.00	7801.00
1519.00	7916.00
1520.00	7976.00
1521.00	7986.00
1522.00	8083.00
1523.00	7949.00
1524.00	7955.00
1525.00	7857.00
1526.00	7784.00
1527.00	7861.00
1528.00	7509.00
1529.00	7528.00
1530.00	7693.00
1531.00	7433.00
1532.00	7258.00
1533.00	7520.00
1534.00	7177.00
1535.00	7359.00
1536.00	7243.00
1537.00	7178.00
1538.00	7087.00
1539.00	7010.00
1540.00	7135.00
1541.00	7212.00
1542.00	7353.00
1543.00	7308.00
1544.00	7361.00
1545.00	7355.00
1546.00	7322.00
1547.00	7227.00
1548.00	7428.00
1549.00	7431.00
1550.00	7409.00
1551.00	7641.00
1552.00	7784.00
1553.00	7741.00
1554.00	8022.00
1555.00	8018.00
1556.00	8021.00
1557.00	8250.00
1558.00	8380.00
1559.00	8325.00
1560.00	8476.00
1561.00	8528.00
1562.00	8914.00
1563.00	8929.00
1564.00	9075.00
1565.00	9166.00
1566.00	9475.00
1567.00	9471.00
1568.00	9471.00
1569.00	9843.00
1570.00	10139.00
1571.00	10193.00
1572.00	10226.00
1573.00	10428.00
1574.00	10542.00
1575.00	10577.00
1576.00	10859.00
1577.00	10860.00
1578.00	11004.00
1579.00	11286.00
1580.00	11291.00
1581.00	11254.00
1582.00	11601.00
1583.00	11710.00
1584.00	11432.00
1585.00	11708.00
1586.00	11383.00
1587.00	11922.00
1588.00	11554.00
1589.00	11567.00
1590.00	11716.00
1591.00	11576.00
1592.00	11721.00
1593.00	11487.00
1594.00	11505.00
1595.00	11289.00
1596.00	11281.00
1597.00	11197.00
1598.00	11160.00
1599.00	10855.00
1600.00	11075.00
1601.00	10715.00
1602.00	10788.00
1603.00	10512.00
1604.00	10351.00
1605.00	10279.00
1606.00	9893.00
1607.00	10209.00
1608.00	9972.00
1609.00	9550.00
1610.00	9319.00
1611.00	9213.00
1612.00	9153.00
1613.00	8967.00
1614.00	8751.00
1615.00	8604.00
1616.00	8514.00
1617.00	8262.00
1618.00	8166.00
1619.00	7973.00
1620.00	7779.00
1621.00	7559.00
1622.00	7589.00
1623.00	7447.00
1624.00	7370.00
1625.00	7086.00
1626.00	7137.00
1627.00	6927.00
1628.00	6754.00
1629.00	6777.00
1630.00	6647.00
1631.00	6462.00
1632.00	6474.00
1633.00	6395.00
1634.00	6409.00
1635.00	6169.00
1636.00	6173.00
1637.00	6067.00
1638.00	6148.00
1639.00	5845.00
1640.00	5884.00
1641.00	5968.00
1642.00	5804.00
1643.00	5794.00
1644.00	5642.00
1645.00	5583.00
1646.00	5498.00
1647.00	5466.00
1648.00	5446.00
1649.00	5488.00
1650.00	5427.00
1651.00	5522.00
1652.00	5435.00
1653.00	5415.00
1654.00	5388.00
1655.00	5456.00
1656.00	5536.00
1657.00	5405.00
1658.00	5506.00
1659.00	5631.00
1660.00	5650.00
1661.00	5655.00
1662.00	5913.00
1663.00	6024.00
1664.00	6113.00
1665.00	6366.00
1666.00	6495.00
1667.00	6759.00
1668.00	7059.00
1669.00	7184.00
1670.00	7387.00
1671.00	7683.00
1672.00	8156.00
1673.00	8273.00
1674.00	8464.00
1675.00	8743.00
1676.00	8975.00
1677.00	9004.00
1678.00	9345.00
1679.00	9459.00
1680.00	9489.00
1681.00	9611.00
1682.00	9698.00
1683.00	9733.00
1684.00	9515.00
1685.00	9333.00
1686.00	9142.00
1687.00	8955.00
1688.00	8649.00
1689.00	8591.00
1690.00	8265.00
1691.00	7894.00
1692.00	7746.00
1693.00	7386.00
1694.00	6946.00
1695.00	6829.00
1696.00	6432.00
1697.00	6148.00
1698.00	5866.00
1699.00	5763.00
1700.00	5485.00
1701.00	5414.00
1702.00	5047.00
1703.00	5012.00
1704.00	4863.00
1705.00	4737.00
1706.00	4769.00
1707.00	4677.00
1708.00	4448.00
1709.00	4351.00
1710.00	4375.00
1711.00	4299.00
1712.00	4273.00
1713.00	4421.00
1714.00	4174.00
1715.00	4197.00
1716.00	4178.00
1717.00	4112.00
1718.00	4248.00
1719.00	4242.00
1720.00	4032.00
1721.00	4028.00
1722.00	4098.00
1723.00	4119.00
1724.00	4138.00
1725.00	4200.00
1726.00	4260.00
1727.00	4051.00
1728.00	4182.00
1729.00	4107.00
1730.00	4129.00
1731.00	4157.00
1732.00	4165.00
1733.00	4227.00
1734.00	4219.00
1735.00	4130.00
1736.00	4245.00
1737.00	4050.00
1738.00	4018.00
1739.00	4175.00
1740.00	4040.00
1741.00	4150.00
1742.00	4127.00
1743.00	4154.00
1744.00	4133.00
1745.00	4166.00
1746.00	4164.00
1747.00	4179.00
1748.00	4174.00
1749.00	4163.00
1750.00	4322.00
1751.00	4078.00
1752.00	4292.00
1753.00	4316.00
1754.00	4341.00
1755.00	4342.00
1756.00	4279.00
1757.00	4408.00
1758.00	4263.00
1759.00	4296.00
1760.00	4292.00
1761.00	4349.00
1762.00	4258.00
1763.00	4355.00
1764.00	4312.00
1765.00	4255.00
1766.00	4382.00
1767.00	4279.00
1768.00	4391.00
1769.00	4269.00
1770.00	4254.00
1771.00	4299.00
1772.00	4162.00
1773.00	4358.00
1774.00	4288.00
1775.00	4320.00
1776.00	4147.00
1777.00	4231.00
1778.00	4130.00
1779.00	4188.00
1780.00	4171.00
1781.00	4099.00
1782.00	4143.00
1783.00	4100.00
1784.00	4014.00
1785.00	4062.00
1786.00	4041.00
1787.00	4074.00
1788.00	3946.00
1789.00	3874.00
1790.00	3825.00
1791.00	3743.00
1792.00	3773.00
1793.00	3766.00
1794.00	3702.00
1795.00	3586.00
1796.00	3570.00
1797.00	3587.00
1798.00	3702.00
1799.00	3576.00
1800.00	3497.00
1801.00	3451.00
1802.00	3391.00
1803.00	3447.00
1804.00	3368.00
1805.00	3358.00
1806.00	3200.00
1807.00	3276.00
1808.00	3169.00
1809.00	3159.00
1810.00	3143.00
1811.00	3084.00
1812.00	3110.00
1813.00	3128.00
1814.00	2992.00
1815.00	3025.00
1816.00	3039.00
1817.00	2870.00
1818.00	2889.00
1819.00	2967.00
1820.00	2781.00
1821.00	2851.00
1822.00	2800.00
1823.00	2785.00
1824.00	2584.00
1825.00	2755.00
1826.00	2654.00
1827.00	2594.00
1828.00	2726.00
1829.00	2669.00
1830.00	2613.00
1831.00	2536.00
1832.00	2506.00
1833.00	2569.00
1834.00	2605.00
1835.00	2590.00
1836.00	2428.00
1837.00	2433.00
1838.00	2535.00
1839.00	2433.00
1840.00	2329.00
1841.00	2325.00
1842.00	2266.00
1843.00	2397.00
1844.00	2358.00
1845.00	2393.00
1846.00	2357.00
1847.00	2258.00
1848.00	2347.00
1849.00	2275.00
1850.00	2187.00
1851.00	2229.00
1852.00	2247.00
1853.00	2154.00
1854.00	2198.00
1855.00	2131.00
1856.00	2200.00
1857.00	2184.00
1858.00	2103.00
1859.00	2069.00
1860.00	2133.00
1861.00	2134.00
1862.00	2124.00
1863.00	2115.00
1864.00	2167.00
1865.00	2193.00
1866.00	2116.00
1867.00	2061.00
1868.00	2060.00
1869.00	2049.00
1870.00	2132.00
1871.00	2138.00
1872.00	2162.00
1873.00	2126.00
1874.00	2117.00
1875.00	2225.00
1876.00	2257.00
1877.00	2325.00
1878.00	2221.00
1879.00	2265.00
1880.00	2326.00
1881.00	2249.00
1882.00	2352.00
1883.00	2358.00
1884.00	2485.00
1885.00	2455.00
1886.00	2563.00
1887.00	2480.00
1888.00	2461.00
1889.00	2509.00
1890.00	2353.00
1891.00	2547.00
1892.00	2436.00
1893.00	2509.00
1894.00	2479.00
1895.00	2316.00
1896.00	2369.00
1897.00	2278.00
1898.00	2229.00
1899.00	2280.00
1900.00	2167.00
1901.00	2115.00
1902.00	2007.00
1903.00	2136.00
1904.00	1894.00
1905.00	1901.00
1906.00	1873.00
1907.00	1910.00
1908.00	1849.00
1909.00	1752.00
1910.00	1842.00
1911.00	1834.00
1912.00	1681.00
1913.00	1780.00
1914.00	1792.00
1915.00	1764.00
1916.00	1697.00
1917.00	1750.00
1918.00	1684.00
1919.00	1728.00
1920.00	1726.00
1921.00	1703.00
1922.00	1636.00
1923.00	1690.00
1924.00	1626.00
1925.00	1674.00
1926.00	1685.00
1927.00	1595.00
1928.00	1640.00
1929.00	1603.00
1930.00	1582.00
1931.00	1579.00
1932.00	1492.00
1933.00	1526.00
1934.00	1480.00
1935.00	1481.00
1936.00	1496.00
1937.00	1488.00
1938.00	1497.00
1939.00	1461.00
1940.00	1412.00
1941.00	1443.00
1942.00	1373.00
1943.00	1412.00
1944.00	1440.00
1945.00	1272.00
1946.00	1332.00
1947.00	1330.00
1948.00	1358.00
1949.00	1369.00
1950.00	1322.00
1951.00	1251.00
1952.00	1356.00
1953.00	1334.00
1954.00	1267.00
1955.00	1347.00
1956.00	1276.00
1957.00	1243.00
1958.00	1253.00
1959.00	1310.00
1960.00	1295.00
1961.00	1245.00
1962.00	1184.00
1963.00	1287.00
1964.00	1238.00
1965.00	1243.00
1966.00	1302.00
1967.00	1205.00
1968.00	1282.00
1969.00	1193.00
1970.00	1172.00
1971.00	1158.00
1972.00	1204.00
1973.00	1207.00
1974.00	1138.00
1975.00	1176.00
1976.00	1205.00
1977.00	1194.00
1978.00	1156.00
1979.00	1183.00
1980.00	1180.00
1981.00	1165.00
1982.00	1198.00
1983.00	1099.00
1984.00	1142.00
1985.00	1151.00
1986.00	1137.00
1987.00	1073.00
1988.00	1108.00
1989.00	1103.00
1990.00	1148.00
1991.00	1080.00
1992.00	1068.00
1993.00	1096.00
1994.00	1055.00
1995.00	1059.00
1996.00	1000.00
1997.00	1076.00
1998.00	1012.00
1999.00	1066.00
2000.00	1028.00
2001.00	983.00
2002.00	1027.00
2003.00	1037.00
2004.00	1018.00
2005.00	1008.00
2006.00	1019.00
2007.00	1002.00
2008.00	1014.00
2009.00	990.00
2010.00	983.00
2011.00	949.00
2012.00	1029.00
2013.00	998.00
2014.00	948.00
2015.00	936.00
2016.00	966.00
2017.00	974.00
2018.00	906.00
2019.00	911.00
2020.00	934.00
2021.00	952.00
2022.00	859.00
2023.00	951.00
2024.00	900.00
2025.00	856.00
2026.00	887.00
2027.00	893.00
2028.00	866.00
2029.00	938.00
2030.00	854.00
2031.00	845.00
2032.00	841.00
2033.00	849.00
2034.00	886.00
2035.00	862.00
2036.00	862.00
2037.00	812.00
2038.00	831.00
2039.00	808.00
2040.00	748.00
2041.00	812.00
2042.00	773.00
2043.00	746.00
2044.00	733.00
2045.00	805.00
2046.00	728.00
2047.00	781.00
2048.00	 0.00
