C:\Data\UCD\Agriculture\Sharon_ORourke\Shayan\Pellet_43     2023-09-18  re-evaluated data
peakarea
filename	position (mm)	sample surface	validity	E-gain	E-offset	F-slope	F-offset	cps	MSE	Al	Si	S	Cl	Ar	K	Ca	Ti	V	Cr	Mn	Fe	Ni	Cu	Zn	As	Br	Rb	Sr	Zr	Sb	Ba	Ce	Pr	Nd	Sm	Eu	Gd	Fe a*2	Fe a+b	Fe X1	Fe X2	Fe X3	W La	W Lb1	W Lb2	W La inel	W Lb1 inel	W Lb2 inel	Mo inc	Mo coh	Dt	
C:\Data\UCD\Agriculture\Sharon_ORourke\Shayan\Pellet_43\XRF data\L000000.spe	1485.00	5.88	1	0.010373	-0.008249	0.010160	0.076187	97429	5.15	0.713	9.187	0.009	0.074	3.084	24.632	518.940	12.929	1.098	1.748	8.978	293.707	1.739	0.429	2.619	0.805	0.539	1.629	9.973	0.575	3.369	0.982	0.173	0.404	0.720	1.075	0.000	0.124	1.385	0.000	8.781	1.913	1.088	1.587	1.127	1.659	0.200	0.826	1.218	29.442	14.387	0.126	
C:\Data\UCD\Agriculture\Sharon_ORourke\Shayan\Pellet_43\XRF data\L000001.spe	1485.20	5.88	1	0.010373	-0.008249	0.010160	0.076187	97416	5.40	0.699	9.395	0.058	0.006	3.141	24.591	509.653	12.755	1.093	1.902	8.965	299.477	1.644	0.371	2.683	0.695	0.295	1.724	10.004	0.784	3.318	0.909	0.313	0.422	0.597	1.174	0.000	0.112	1.159	0.000	8.974	2.108	1.196	1.256	1.188	1.693	0.286	0.691	0.813	29.765	14.427	0.126	
C:\Data\UCD\Agriculture\Sharon_ORourke\Shayan\Pellet_43\XRF data\L000002.spe	1485.40	5.89	1	0.010378	-0.008249	0.010160	0.076187	96946	4.36	0.716	9.532	0.000	0.048	2.973	24.678	491.219	12.909	1.020	2.003	8.137	308.559	1.553	0.341	2.455	0.706	0.360	1.391	9.983	0.526	2.670	0.719	0.340	0.490	0.609	1.065	0.311	0.066	1.421	0.238	8.050	1.781	1.259	1.355	1.410	1.558	0.361	0.740	0.777	29.614	14.353	0.126	
C:\Data\UCD\Agriculture\Sharon_ORourke\Shayan\Pellet_43\XRF data\L000003.spe	1485.60	5.89	1	0.010378	-0.008249	0.010160	0.076187	96347	4.31	0.703	9.546	0.012	0.000	2.857	25.043	473.426	13.933	1.334	1.831	7.895	311.800	1.529	0.472	2.719	0.783	0.378	1.721	9.601	0.654	2.468	0.640	0.327	0.426	0.627	1.042	0.141	0.021	0.893	0.000	8.182	1.776	1.282	1.402	1.300	1.539	0.264	0.562	0.913	29.345	14.551	0.125	
C:\Data\UCD\Agriculture\Sharon_ORourke\Shayan\Pellet_43\XRF data\L000004.spe	1485.80	5.89	1	0.010379	-0.008249	0.010160	0.076187	97017	4.50	0.747	9.344	0.041	0.043	3.034	24.849	489.589	14.167	1.154	1.776	8.228	308.935	1.560	0.540	2.547	0.818	0.267	1.615	9.557	0.794	2.619	0.745	0.400	0.462	0.601	0.975	0.036	0.042	1.272	0.333	8.247	1.526	1.412	1.228	1.619	2.027	0.455	0.917	0.653	29.430	14.273	0.125	
C:\Data\UCD\Agriculture\Sharon_ORourke\Shayan\Pellet_43\XRF data\L000005.spe	1486.00	5.89	1	0.010379	-0.008249	0.010177	0.076187	97085	4.54	0.688	9.291	0.000	0.012	2.962	24.628	500.172	13.370	0.973	1.778	8.026	302.715	1.496	0.285	2.490	0.752	0.269	1.762	9.941	0.598	2.628	0.447	0.393	0.588	0.611	0.904	0.082	0.028	1.038	0.007	7.964	1.502	1.188	1.241	1.157	1.660	0.232	0.883	0.946	28.460	14.411	0.126	
C:\Data\UCD\Agriculture\Sharon_ORourke\Shayan\Pellet_43\XRF data\L000006.spe	1486.20	5.89	1	0.010379	-0.008249	0.010177	0.076187	97311	4.66	0.703	9.224	0.000	0.026	2.883	24.852	487.082	12.805	1.156	1.886	8.535	311.687	1.622	0.382	2.762	0.617	0.368	1.551	9.744	0.585	2.586	0.619	0.359	0.459	0.689	1.022	0.000	0.124	1.357	0.156	8.306	1.434	1.339	1.381	1.310	1.623	0.237	0.654	0.938	29.139	14.579	0.126	
C:\Data\UCD\Agriculture\Sharon_ORourke\Shayan\Pellet_43\XRF data\L000007.spe	1486.40	5.89	1	0.010375	-0.008249	0.010177	0.076187	97765	4.51	0.762	9.427	0.000	0.017	3.102	24.877	486.535	12.716	0.991	1.903	9.291	313.048	1.717	0.431	2.573	0.613	0.275	1.581	9.491	0.866	2.974	0.731	0.387	0.538	0.643	1.123	0.225	0.000	1.420	0.000	9.299	1.878	0.948	1.413	1.490	1.831	0.244	0.785	0.624	29.927	14.419	0.127	
C:\Data\UCD\Agriculture\Sharon_ORourke\Shayan\Pellet_43\XRF data\L000008.spe	1486.60	5.90	1	0.010375	-0.008249	0.009994	0.076187	98220	4.37	0.695	9.306	0.057	0.024	3.119	24.598	483.965	12.254	1.117	1.791	9.519	323.750	1.874	0.451	2.693	0.658	0.541	1.578	9.802	0.669	3.200	0.930	0.264	0.477	0.593	1.312	0.000	0.000	1.279	0.171	9.574	1.953	1.254	1.232	1.482	1.771	0.254	0.951	0.799	29.627	14.285	0.127	