Date:	2023-09-18		
Time:	21:47		
Sample name:	Pellets		
Position:	1486.600011	mm	
Sample surface:	5.895082	cm	
Tube anode:	Mo		
Tube voltage:	30	kV	
Tube current:	50	mA	
Comments	not in position		
Gain	5.810000		
peaking_time	0.300000	m-sec	
trigger_threshold	30.000000	V	
mca_bin_width	2.000000	no:	
number_mca_channels	2048.000000	no:	
gap_time	0.100000	m-sec	
trigger_peaking_time	0.050000	m-sec	
livetime	17.461555	seconds	
runtime	20.000236	seconds	
input_count_rate	112499.659119	cps	
output_count_rate	98219.788551	cps	
triggers	2180234.000000	seconds	
events_in_run	1956744.000000	seconds	
channel	content		
 1.00	 0.00
 2.00	 0.00
 3.00	 0.00
 4.00	 0.00
 5.00	 0.00
 6.00	 0.00
 7.00	 0.00
 8.00	 0.00
 9.00	 0.00
10.00	 0.00
11.00	 0.00
12.00	 0.00
13.00	 0.00
14.00	 0.00
15.00	 0.00
16.00	 0.00
17.00	 0.00
18.00	 0.00
19.00	 0.00
20.00	 0.00
21.00	 0.00
22.00	 0.00
23.00	 0.00
24.00	 0.00
25.00	 0.00
26.00	 0.00
27.00	 0.00
28.00	 0.00
29.00	 0.00
30.00	 0.00
31.00	 1.00
32.00	 2.00
33.00	 0.00
34.00	 5.00
35.00	 6.00
36.00	10.00
37.00	14.00
38.00	15.00
39.00	21.00
40.00	28.00
41.00	51.00
42.00	65.00
43.00	82.00
44.00	91.00
45.00	111.00
46.00	126.00
47.00	145.00
48.00	169.00
49.00	212.00
50.00	213.00
51.00	256.00
52.00	242.00
53.00	262.00
54.00	280.00
55.00	257.00
56.00	316.00
57.00	306.00
58.00	321.00
59.00	342.00
60.00	343.00
61.00	331.00
62.00	354.00
63.00	331.00
64.00	310.00
65.00	376.00
66.00	316.00
67.00	352.00
68.00	334.00
69.00	362.00
70.00	348.00
71.00	358.00
72.00	344.00
73.00	402.00
74.00	369.00
75.00	357.00
76.00	373.00
77.00	334.00
78.00	337.00
79.00	327.00
80.00	317.00
81.00	389.00
82.00	368.00
83.00	366.00
84.00	380.00
85.00	318.00
86.00	335.00
87.00	332.00
88.00	336.00
89.00	336.00
90.00	306.00
91.00	336.00
92.00	335.00
93.00	313.00
94.00	327.00
95.00	280.00
96.00	315.00
97.00	314.00
98.00	297.00
99.00	281.00
100.00	325.00
101.00	295.00
102.00	312.00
103.00	268.00
104.00	262.00
105.00	256.00
106.00	262.00
107.00	278.00
108.00	288.00
109.00	273.00
110.00	290.00
111.00	276.00
112.00	293.00
113.00	290.00
114.00	274.00
115.00	296.00
116.00	255.00
117.00	282.00
118.00	288.00
119.00	277.00
120.00	263.00
121.00	262.00
122.00	276.00
123.00	267.00
124.00	264.00
125.00	253.00
126.00	238.00
127.00	238.00
128.00	268.00
129.00	224.00
130.00	231.00
131.00	224.00
132.00	226.00
133.00	227.00
134.00	237.00
135.00	265.00
136.00	254.00
137.00	293.00
138.00	366.00
139.00	422.00
140.00	616.00
141.00	720.00
142.00	878.00
143.00	923.00
144.00	972.00
145.00	979.00
146.00	989.00
147.00	897.00
148.00	786.00
149.00	693.00
150.00	636.00
151.00	625.00
152.00	602.00
153.00	515.00
154.00	487.00
155.00	482.00
156.00	426.00
157.00	379.00
158.00	378.00
159.00	478.00
160.00	616.00
161.00	1005.00
162.00	1585.00
163.00	2394.00
164.00	3705.00
165.00	5053.00
166.00	6669.00
167.00	7923.00
168.00	9018.00
169.00	9433.00
170.00	8908.00
171.00	7962.00
172.00	6784.00
173.00	5293.00
174.00	3880.00
175.00	2947.00
176.00	2183.00
177.00	1620.00
178.00	1298.00
179.00	1130.00
180.00	1120.00
181.00	1174.00
182.00	1461.00
183.00	1707.00
184.00	2225.00
185.00	2801.00
186.00	3394.00
187.00	3932.00
188.00	4330.00
189.00	4485.00
190.00	4490.00
191.00	4060.00
192.00	3471.00
193.00	2760.00
194.00	2026.00
195.00	1535.00
196.00	1089.00
197.00	742.00
198.00	568.00
199.00	471.00
200.00	358.00
201.00	332.00
202.00	274.00
203.00	302.00
204.00	319.00
205.00	301.00
206.00	283.00
207.00	294.00
208.00	313.00
209.00	348.00
210.00	336.00
211.00	332.00
212.00	358.00
213.00	355.00
214.00	474.00
215.00	528.00
216.00	594.00
217.00	643.00
218.00	749.00
219.00	800.00
220.00	811.00
221.00	832.00
222.00	801.00
223.00	720.00
224.00	582.00
225.00	590.00
226.00	473.00
227.00	438.00
228.00	359.00
229.00	325.00
230.00	305.00
231.00	242.00
232.00	240.00
233.00	303.00
234.00	274.00
235.00	237.00
236.00	289.00
237.00	245.00
238.00	242.00
239.00	278.00
240.00	276.00
241.00	265.00
242.00	257.00
243.00	284.00
244.00	241.00
245.00	244.00
246.00	230.00
247.00	236.00
248.00	264.00
249.00	264.00
250.00	263.00
251.00	249.00
252.00	253.00
253.00	288.00
254.00	281.00
255.00	273.00
256.00	279.00
257.00	267.00
258.00	296.00
259.00	296.00
260.00	274.00
261.00	294.00
262.00	293.00
263.00	280.00
264.00	294.00
265.00	280.00
266.00	340.00
267.00	365.00
268.00	335.00
269.00	348.00
270.00	393.00
271.00	368.00
272.00	333.00
273.00	310.00
274.00	339.00
275.00	366.00
276.00	436.00
277.00	511.00
278.00	620.00
279.00	776.00
280.00	979.00
281.00	1263.00
282.00	1581.00
283.00	1907.00
284.00	2175.00
285.00	2560.00
286.00	2765.00
287.00	2663.00
288.00	2594.00
289.00	2428.00
290.00	2150.00
291.00	1749.00
292.00	1518.00
293.00	1163.00
294.00	883.00
295.00	726.00
296.00	668.00
297.00	483.00
298.00	548.00
299.00	565.00
300.00	480.00
301.00	508.00
302.00	611.00
303.00	617.00
304.00	739.00
305.00	720.00
306.00	833.00
307.00	965.00
308.00	1083.00
309.00	1326.00
310.00	1741.00
311.00	2247.00
312.00	3192.00
313.00	4478.00
314.00	6061.00
315.00	8384.00
316.00	10649.00
317.00	13504.00
318.00	16025.00
319.00	18178.00
320.00	19950.00
321.00	20782.00
322.00	20149.00
323.00	18801.00
324.00	16232.00
325.00	14059.00
326.00	11266.00
327.00	8669.00
328.00	6416.00
329.00	4408.00
330.00	3141.00
331.00	2251.00
332.00	1552.00
333.00	1230.00
334.00	987.00
335.00	1069.00
336.00	1129.00
337.00	1220.00
338.00	1488.00
339.00	1866.00
340.00	2350.00
341.00	3088.00
342.00	4229.00
343.00	6396.00
344.00	9115.00
345.00	13731.00
346.00	21419.00
347.00	32470.00
348.00	48397.00
349.00	71484.00
350.00	101284.00
351.00	139293.00
352.00	183556.00
353.00	231785.00
354.00	278964.00
355.00	320572.00
356.00	353157.00
357.00	369034.00
358.00	368942.00
359.00	352046.00
360.00	318970.00
361.00	276360.00
362.00	227411.00
363.00	179459.00
364.00	134887.00
365.00	97072.00
366.00	67035.00
367.00	44000.00
368.00	28087.00
369.00	17387.00
370.00	10560.00
371.00	6554.00
372.00	4498.00
373.00	3358.00
374.00	3233.00
375.00	3419.00
376.00	4121.00
377.00	5321.00
378.00	7173.00
379.00	9572.00
380.00	12930.00
381.00	17793.00
382.00	23160.00
383.00	29078.00
384.00	36175.00
385.00	42503.00
386.00	48242.00
387.00	52857.00
388.00	55291.00
389.00	55186.00
390.00	53017.00
391.00	48813.00
392.00	42944.00
393.00	36049.00
394.00	29077.00
395.00	22499.00
396.00	16663.00
397.00	12049.00
398.00	8291.00
399.00	5411.00
400.00	3555.00
401.00	2252.00
402.00	1446.00
403.00	906.00
404.00	647.00
405.00	473.00
406.00	359.00
407.00	341.00
408.00	308.00
409.00	290.00
410.00	262.00
411.00	276.00
412.00	274.00
413.00	277.00
414.00	291.00
415.00	307.00
416.00	299.00
417.00	314.00
418.00	313.00
419.00	318.00
420.00	374.00
421.00	440.00
422.00	505.00
423.00	673.00
424.00	899.00
425.00	1221.00
426.00	1549.00
427.00	2218.00
428.00	2927.00
429.00	3624.00
430.00	4886.00
431.00	5880.00
432.00	7168.00
433.00	8119.00
434.00	9274.00
435.00	9917.00
436.00	9921.00
437.00	9988.00
438.00	9659.00
439.00	8596.00
440.00	7681.00
441.00	6661.00
442.00	5620.00
443.00	4486.00
444.00	3597.00
445.00	3094.00
446.00	2596.00
447.00	2180.00
448.00	1920.00
449.00	1793.00
450.00	1700.00
451.00	1591.00
452.00	1439.00
453.00	1410.00
454.00	1271.00
455.00	1135.00
456.00	1027.00
457.00	909.00
458.00	763.00
459.00	831.00
460.00	780.00
461.00	745.00
462.00	754.00
463.00	796.00
464.00	805.00
465.00	907.00
466.00	980.00
467.00	1148.00
468.00	1250.00
469.00	1435.00
470.00	1622.00
471.00	1769.00
472.00	1892.00
473.00	2065.00
474.00	2270.00
475.00	2454.00
476.00	2537.00
477.00	2522.00
478.00	2532.00
479.00	2485.00
480.00	2299.00
481.00	2079.00
482.00	1905.00
483.00	1750.00
484.00	1435.00
485.00	1193.00
486.00	1037.00
487.00	904.00
488.00	759.00
489.00	737.00
490.00	625.00
491.00	632.00
492.00	623.00
493.00	600.00
494.00	648.00
495.00	625.00
496.00	667.00
497.00	670.00
498.00	642.00
499.00	714.00
500.00	728.00
501.00	780.00
502.00	776.00
503.00	774.00
504.00	853.00
505.00	884.00
506.00	859.00
507.00	841.00
508.00	904.00
509.00	931.00
510.00	961.00
511.00	914.00
512.00	1042.00
513.00	1030.00
514.00	1070.00
515.00	1177.00
516.00	1265.00
517.00	1297.00
518.00	1292.00
519.00	1454.00
520.00	1561.00
521.00	1610.00
522.00	1653.00
523.00	1643.00
524.00	1660.00
525.00	1673.00
526.00	1604.00
527.00	1467.00
528.00	1441.00
529.00	1386.00
530.00	1291.00
531.00	1219.00
532.00	1159.00
533.00	1132.00
534.00	1200.00
535.00	1133.00
536.00	1068.00
537.00	1133.00
538.00	1113.00
539.00	1094.00
540.00	1129.00
541.00	1158.00
542.00	1155.00
543.00	1178.00
544.00	1253.00
545.00	1227.00
546.00	1187.00
547.00	1200.00
548.00	1208.00
549.00	1293.00
550.00	1302.00
551.00	1347.00
552.00	1354.00
553.00	1371.00
554.00	1391.00
555.00	1451.00
556.00	1669.00
557.00	1763.00
558.00	2063.00
559.00	2443.00
560.00	2818.00
561.00	3485.00
562.00	4092.00
563.00	4888.00
564.00	5677.00
565.00	6650.00
566.00	7460.00
567.00	8015.00
568.00	8630.00
569.00	9075.00
570.00	9090.00
571.00	8734.00
572.00	8397.00
573.00	7692.00
574.00	6944.00
575.00	6177.00
576.00	5405.00
577.00	4421.00
578.00	3715.00
579.00	3177.00
580.00	2604.00
581.00	2206.00
582.00	1948.00
583.00	1628.00
584.00	1560.00
585.00	1515.00
586.00	1379.00
587.00	1459.00
588.00	1419.00
589.00	1498.00
590.00	1508.00
591.00	1581.00
592.00	1596.00
593.00	1760.00
594.00	1822.00
595.00	2048.00
596.00	2153.00
597.00	2432.00
598.00	2725.00
599.00	3377.00
600.00	4285.00
601.00	5670.00
602.00	7815.00
603.00	10769.00
604.00	15243.00
605.00	21735.00
606.00	30538.00
607.00	42324.00
608.00	57691.00
609.00	76173.00
610.00	99109.00
611.00	124503.00
612.00	152591.00
613.00	181584.00
614.00	209500.00
615.00	235718.00
616.00	256604.00
617.00	272040.00
618.00	278620.00
619.00	277503.00
620.00	268065.00
621.00	251611.00
622.00	229731.00
623.00	201721.00
624.00	173631.00
625.00	144111.00
626.00	116540.00
627.00	91650.00
628.00	69825.00
629.00	52276.00
630.00	37808.00
631.00	27559.00
632.00	19586.00
633.00	13679.00
634.00	9667.00
635.00	7055.00
636.00	5186.00
637.00	4174.00
638.00	3489.00
639.00	3098.00
640.00	2755.00
641.00	2763.00
642.00	2529.00
643.00	2576.00
644.00	2565.00
645.00	2519.00
646.00	2547.00
647.00	2587.00
648.00	2681.00
649.00	2635.00
650.00	2609.00
651.00	2626.00
652.00	2790.00
653.00	2801.00
654.00	2737.00
655.00	2870.00
656.00	2938.00
657.00	3096.00
658.00	3201.00
659.00	3171.00
660.00	3500.00
661.00	3695.00
662.00	3678.00
663.00	4078.00
664.00	4448.00
665.00	4966.00
666.00	5695.00
667.00	6472.00
668.00	7587.00
669.00	9238.00
670.00	11044.00
671.00	13539.00
672.00	16308.00
673.00	19554.00
674.00	23411.00
675.00	27500.00
676.00	31138.00
677.00	35700.00
678.00	39481.00
679.00	41980.00
680.00	43974.00
681.00	45582.00
682.00	45034.00
683.00	44048.00
684.00	41613.00
685.00	38646.00
686.00	34415.00
687.00	30542.00
688.00	26089.00
689.00	22251.00
690.00	18354.00
691.00	14515.00
692.00	11817.00
693.00	9310.00
694.00	7444.00
695.00	5712.00
696.00	4722.00
697.00	3854.00
698.00	3289.00
699.00	3004.00
700.00	2746.00
701.00	2604.00
702.00	2536.00
703.00	2607.00
704.00	2723.00
705.00	2749.00
706.00	2754.00
707.00	2870.00
708.00	2932.00
709.00	3008.00
710.00	3140.00
711.00	3394.00
712.00	3422.00
713.00	3505.00
714.00	3682.00
715.00	3859.00
716.00	3979.00
717.00	3939.00
718.00	3962.00
719.00	4096.00
720.00	4101.00
721.00	4130.00
722.00	4022.00
723.00	4010.00
724.00	3796.00
725.00	3778.00
726.00	3631.00
727.00	3507.00
728.00	3435.00
729.00	3200.00
730.00	3114.00
731.00	3035.00
732.00	2846.00
733.00	2790.00
734.00	2714.00
735.00	2688.00
736.00	2590.00
737.00	2553.00
738.00	2490.00
739.00	2666.00
740.00	2636.00
741.00	2546.00
742.00	2650.00
743.00	2476.00
744.00	2534.00
745.00	2498.00
746.00	2613.00
747.00	2532.00
748.00	2636.00
749.00	2571.00
750.00	2640.00
751.00	2619.00
752.00	2468.00
753.00	2653.00
754.00	2645.00
755.00	2592.00
756.00	2654.00
757.00	2705.00
758.00	2657.00
759.00	2627.00
760.00	2789.00
761.00	2773.00
762.00	2891.00
763.00	2958.00
764.00	2884.00
765.00	3030.00
766.00	3141.00
767.00	3204.00
768.00	3256.00
769.00	3304.00
770.00	3437.00
771.00	3475.00
772.00	3606.00
773.00	3772.00
774.00	3766.00
775.00	3931.00
776.00	3872.00
777.00	3869.00
778.00	3984.00
779.00	3899.00
780.00	3915.00
781.00	3918.00
782.00	3898.00
783.00	3782.00
784.00	3893.00
785.00	3737.00
786.00	3786.00
787.00	3857.00
788.00	3772.00
789.00	3798.00
790.00	3927.00
791.00	3786.00
792.00	3883.00
793.00	3846.00
794.00	3935.00
795.00	4000.00
796.00	4131.00
797.00	4202.00
798.00	4163.00
799.00	4162.00
800.00	4212.00
801.00	4195.00
802.00	4306.00
803.00	4317.00
804.00	4409.00
805.00	4521.00
806.00	4550.00
807.00	4490.00
808.00	4570.00
809.00	4394.00
810.00	4592.00
811.00	4598.00
812.00	4626.00
813.00	4475.00
814.00	4445.00
815.00	4600.00
816.00	4469.00
817.00	4543.00
818.00	4509.00
819.00	4538.00
820.00	4503.00
821.00	4584.00
822.00	4767.00
823.00	4740.00
824.00	4903.00
825.00	5054.00
826.00	5325.00
827.00	5495.00
828.00	5559.00
829.00	5787.00
830.00	6006.00
831.00	6118.00
832.00	6185.00
833.00	6009.00
834.00	5970.00
835.00	6056.00
836.00	5972.00
837.00	5981.00
838.00	5738.00
839.00	5496.00
840.00	5418.00
841.00	5298.00
842.00	5093.00
843.00	4929.00
844.00	4849.00
845.00	4595.00
846.00	4697.00
847.00	4484.00
848.00	4575.00
849.00	4491.00
850.00	4482.00
851.00	4560.00
852.00	4598.00
853.00	4453.00
854.00	4537.00
855.00	4486.00
856.00	4394.00
857.00	4447.00
858.00	4536.00
859.00	4273.00
860.00	4471.00
861.00	4425.00
862.00	4522.00
863.00	4448.00
864.00	4481.00
865.00	4425.00
866.00	4310.00
867.00	4471.00
868.00	4417.00
869.00	4369.00
870.00	4515.00
871.00	4409.00
872.00	4489.00
873.00	4515.00
874.00	4573.00
875.00	4610.00
876.00	4604.00
877.00	4572.00
878.00	4525.00
879.00	4634.00
880.00	4682.00
881.00	4750.00
882.00	4891.00
883.00	4902.00
884.00	4845.00
885.00	4823.00
886.00	4919.00
887.00	4927.00
888.00	4982.00
889.00	5076.00
890.00	5012.00
891.00	5070.00
892.00	5276.00
893.00	5066.00
894.00	5137.00
895.00	5114.00
896.00	5032.00
897.00	5082.00
898.00	5177.00
899.00	5154.00
900.00	5089.00
901.00	5161.00
902.00	5268.00
903.00	5148.00
904.00	5196.00
905.00	5124.00
906.00	5095.00
907.00	5245.00
908.00	5185.00
909.00	5194.00
910.00	5329.00
911.00	5491.00
912.00	5378.00
913.00	5459.00
914.00	5351.00
915.00	5479.00
916.00	5446.00
917.00	5604.00
918.00	5668.00
919.00	5583.00
920.00	5719.00
921.00	5733.00
922.00	5700.00
923.00	5812.00
924.00	5899.00
925.00	5954.00
926.00	5873.00
927.00	5862.00
928.00	5933.00
929.00	5811.00
930.00	5843.00
931.00	5801.00
932.00	5692.00
933.00	5838.00
934.00	5840.00
935.00	5782.00
936.00	5717.00
937.00	5669.00
938.00	5881.00
939.00	5673.00
940.00	5661.00
941.00	5528.00
942.00	5484.00
943.00	5544.00
944.00	5630.00
945.00	5579.00
946.00	5616.00
947.00	5688.00
948.00	5485.00
949.00	5522.00
950.00	5610.00
951.00	5669.00
952.00	5630.00
953.00	5618.00
954.00	5587.00
955.00	5726.00
956.00	5678.00
957.00	5626.00
958.00	5899.00
959.00	5717.00
960.00	5843.00
961.00	5730.00
962.00	5880.00
963.00	6001.00
964.00	6019.00
965.00	5976.00
966.00	6128.00
967.00	6178.00
968.00	6293.00
969.00	6156.00
970.00	6232.00
971.00	6600.00
972.00	6394.00
973.00	6327.00
974.00	6416.00
975.00	6471.00
976.00	6500.00
977.00	6427.00
978.00	6256.00
979.00	6179.00
980.00	5906.00
981.00	6179.00
982.00	6146.00
983.00	5923.00
984.00	5917.00
985.00	5894.00
986.00	5882.00
987.00	5829.00
988.00	5838.00
989.00	5556.00
990.00	5939.00
991.00	5841.00
992.00	5872.00
993.00	5857.00
994.00	5816.00
995.00	5856.00
996.00	5880.00
997.00	5914.00
998.00	5810.00
999.00	6044.00
1000.00	5916.00
1001.00	5786.00
1002.00	5900.00
1003.00	6050.00
1004.00	5876.00
1005.00	5863.00
1006.00	5909.00
1007.00	6052.00
1008.00	5953.00
1009.00	6049.00
1010.00	6008.00
1011.00	6176.00
1012.00	6063.00
1013.00	6096.00
1014.00	6132.00
1015.00	6027.00
1016.00	6060.00
1017.00	6028.00
1018.00	6073.00
1019.00	6046.00
1020.00	5943.00
1021.00	6019.00
1022.00	6019.00
1023.00	6041.00
1024.00	5874.00
1025.00	6065.00
1026.00	5950.00
1027.00	6009.00
1028.00	5989.00
1029.00	5939.00
1030.00	5979.00
1031.00	5908.00
1032.00	5984.00
1033.00	5989.00
1034.00	6015.00
1035.00	6133.00
1036.00	6137.00
1037.00	6098.00
1038.00	5979.00
1039.00	6015.00
1040.00	6075.00
1041.00	6081.00
1042.00	6157.00
1043.00	6050.00
1044.00	6066.00
1045.00	5995.00
1046.00	6217.00
1047.00	6189.00
1048.00	6223.00
1049.00	6339.00
1050.00	6189.00
1051.00	6188.00
1052.00	6011.00
1053.00	6085.00
1054.00	6183.00
1055.00	6103.00
1056.00	6168.00
1057.00	6082.00
1058.00	6135.00
1059.00	6115.00
1060.00	6089.00
1061.00	6207.00
1062.00	6236.00
1063.00	6162.00
1064.00	6173.00
1065.00	6079.00
1066.00	6288.00
1067.00	6144.00
1068.00	6193.00
1069.00	6279.00
1070.00	6252.00
1071.00	6300.00
1072.00	6150.00
1073.00	6308.00
1074.00	6265.00
1075.00	6183.00
1076.00	6295.00
1077.00	6235.00
1078.00	6235.00
1079.00	6449.00
1080.00	6285.00
1081.00	6186.00
1082.00	6465.00
1083.00	6417.00
1084.00	6203.00
1085.00	6296.00
1086.00	6348.00
1087.00	6278.00
1088.00	6243.00
1089.00	6374.00
1090.00	6233.00
1091.00	6219.00
1092.00	6343.00
1093.00	6445.00
1094.00	6531.00
1095.00	6300.00
1096.00	6340.00
1097.00	6348.00
1098.00	6456.00
1099.00	6364.00
1100.00	6374.00
1101.00	6466.00
1102.00	6521.00
1103.00	6554.00
1104.00	6564.00
1105.00	6332.00
1106.00	6291.00
1107.00	6454.00
1108.00	6625.00
1109.00	6373.00
1110.00	6406.00
1111.00	6496.00
1112.00	6450.00
1113.00	6474.00
1114.00	6511.00
1115.00	6583.00
1116.00	6498.00
1117.00	6581.00
1118.00	6522.00
1119.00	6533.00
1120.00	6533.00
1121.00	6470.00
1122.00	6340.00
1123.00	6587.00
1124.00	6496.00
1125.00	6506.00
1126.00	6468.00
1127.00	6467.00
1128.00	6478.00
1129.00	6483.00
1130.00	6564.00
1131.00	6595.00
1132.00	6449.00
1133.00	6387.00
1134.00	6421.00
1135.00	6467.00
1136.00	6663.00
1137.00	6641.00
1138.00	6513.00
1139.00	6594.00
1140.00	6494.00
1141.00	6533.00
1142.00	6514.00
1143.00	6534.00
1144.00	6485.00
1145.00	6447.00
1146.00	6406.00
1147.00	6543.00
1148.00	6424.00
1149.00	6453.00
1150.00	6354.00
1151.00	6353.00
1152.00	6386.00
1153.00	6420.00
1154.00	6280.00
1155.00	6416.00
1156.00	6404.00
1157.00	6354.00
1158.00	6346.00
1159.00	6420.00
1160.00	6488.00
1161.00	6403.00
1162.00	6446.00
1163.00	6478.00
1164.00	6387.00
1165.00	6345.00
1166.00	6577.00
1167.00	6266.00
1168.00	6440.00
1169.00	6529.00
1170.00	6330.00
1171.00	6433.00
1172.00	6335.00
1173.00	6414.00
1174.00	6548.00
1175.00	6282.00
1176.00	6303.00
1177.00	6529.00
1178.00	6347.00
1179.00	6443.00
1180.00	6438.00
1181.00	6391.00
1182.00	6484.00
1183.00	6389.00
1184.00	6602.00
1185.00	6479.00
1186.00	6485.00
1187.00	6561.00
1188.00	6471.00
1189.00	6538.00
1190.00	6491.00
1191.00	6632.00
1192.00	6471.00
1193.00	6645.00
1194.00	6555.00
1195.00	6636.00
1196.00	6468.00
1197.00	6562.00
1198.00	6536.00
1199.00	6641.00
1200.00	6516.00
1201.00	6494.00
1202.00	6543.00
1203.00	6679.00
1204.00	6514.00
1205.00	6634.00
1206.00	6591.00
1207.00	6525.00
1208.00	6691.00
1209.00	6625.00
1210.00	6579.00
1211.00	6686.00
1212.00	6731.00
1213.00	6690.00
1214.00	6692.00
1215.00	6798.00
1216.00	6509.00
1217.00	6679.00
1218.00	6774.00
1219.00	6805.00
1220.00	6733.00
1221.00	6755.00
1222.00	6771.00
1223.00	6848.00
1224.00	6773.00
1225.00	6995.00
1226.00	6836.00
1227.00	6771.00
1228.00	6799.00
1229.00	6727.00
1230.00	6837.00
1231.00	6857.00
1232.00	6735.00
1233.00	6937.00
1234.00	6850.00
1235.00	6757.00
1236.00	6709.00
1237.00	6800.00
1238.00	6928.00
1239.00	6829.00
1240.00	6662.00
1241.00	6482.00
1242.00	6636.00
1243.00	6696.00
1244.00	6722.00
1245.00	6488.00
1246.00	6625.00
1247.00	6577.00
1248.00	6497.00
1249.00	6472.00
1250.00	6445.00
1251.00	6476.00
1252.00	6374.00
1253.00	6468.00
1254.00	6281.00
1255.00	6420.00
1256.00	6540.00
1257.00	6436.00
1258.00	6303.00
1259.00	6364.00
1260.00	6586.00
1261.00	6268.00
1262.00	6456.00
1263.00	6489.00
1264.00	6301.00
1265.00	6277.00
1266.00	6425.00
1267.00	6437.00
1268.00	6408.00
1269.00	6415.00
1270.00	6467.00
1271.00	6405.00
1272.00	6433.00
1273.00	6574.00
1274.00	6537.00
1275.00	6519.00
1276.00	6728.00
1277.00	6729.00
1278.00	6745.00
1279.00	6845.00
1280.00	6904.00
1281.00	6932.00
1282.00	6984.00
1283.00	7042.00
1284.00	7203.00
1285.00	7164.00
1286.00	7385.00
1287.00	7270.00
1288.00	7202.00
1289.00	7346.00
1290.00	7464.00
1291.00	7401.00
1292.00	7271.00
1293.00	7300.00
1294.00	7346.00
1295.00	7233.00
1296.00	7291.00
1297.00	7089.00
1298.00	7040.00
1299.00	6875.00
1300.00	6955.00
1301.00	6788.00
1302.00	6728.00
1303.00	6611.00
1304.00	6541.00
1305.00	6664.00
1306.00	6482.00
1307.00	6480.00
1308.00	6270.00
1309.00	6349.00
1310.00	6262.00
1311.00	6361.00
1312.00	6250.00
1313.00	6376.00
1314.00	6221.00
1315.00	6153.00
1316.00	6331.00
1317.00	6212.00
1318.00	6273.00
1319.00	6216.00
1320.00	6116.00
1321.00	6216.00
1322.00	6274.00
1323.00	6144.00
1324.00	6100.00
1325.00	6193.00
1326.00	6228.00
1327.00	6183.00
1328.00	6384.00
1329.00	6240.00
1330.00	6319.00
1331.00	6159.00
1332.00	6256.00
1333.00	6212.00
1334.00	6255.00
1335.00	6105.00
1336.00	6153.00
1337.00	6264.00
1338.00	6136.00
1339.00	6338.00
1340.00	6236.00
1341.00	6399.00
1342.00	6449.00
1343.00	6427.00
1344.00	6663.00
1345.00	6698.00
1346.00	6969.00
1347.00	6989.00
1348.00	7154.00
1349.00	7552.00
1350.00	7884.00
1351.00	8187.00
1352.00	8614.00
1353.00	8867.00
1354.00	9095.00
1355.00	9625.00
1356.00	10024.00
1357.00	10403.00
1358.00	10772.00
1359.00	11131.00
1360.00	11343.00
1361.00	11612.00
1362.00	11994.00
1363.00	11912.00
1364.00	11888.00
1365.00	11966.00
1366.00	11733.00
1367.00	11675.00
1368.00	11527.00
1369.00	11046.00
1370.00	10835.00
1371.00	10340.00
1372.00	9888.00
1373.00	9363.00
1374.00	8940.00
1375.00	8613.00
1376.00	8143.00
1377.00	7680.00
1378.00	7458.00
1379.00	7162.00
1380.00	6800.00
1381.00	6631.00
1382.00	6386.00
1383.00	6263.00
1384.00	6174.00
1385.00	6116.00
1386.00	6001.00
1387.00	5975.00
1388.00	5782.00
1389.00	5810.00
1390.00	5729.00
1391.00	5746.00
1392.00	5670.00
1393.00	5752.00
1394.00	5722.00
1395.00	5608.00
1396.00	5643.00
1397.00	5665.00
1398.00	5622.00
1399.00	5621.00
1400.00	5555.00
1401.00	5570.00
1402.00	5708.00
1403.00	5666.00
1404.00	5627.00
1405.00	5453.00
1406.00	5515.00
1407.00	5715.00
1408.00	5487.00
1409.00	5571.00
1410.00	5523.00
1411.00	5589.00
1412.00	5616.00
1413.00	5523.00
1414.00	5489.00
1415.00	5442.00
1416.00	5581.00
1417.00	5557.00
1418.00	5722.00
1419.00	5592.00
1420.00	5459.00
1421.00	5569.00
1422.00	5561.00
1423.00	5581.00
1424.00	5609.00
1425.00	5506.00
1426.00	5567.00
1427.00	5559.00
1428.00	5629.00
1429.00	5556.00
1430.00	5520.00
1431.00	5653.00
1432.00	5688.00
1433.00	5696.00
1434.00	5821.00
1435.00	5702.00
1436.00	5762.00
1437.00	5705.00
1438.00	5776.00
1439.00	5714.00
1440.00	5870.00
1441.00	5815.00
1442.00	5721.00
1443.00	5844.00
1444.00	5699.00
1445.00	5639.00
1446.00	5670.00
1447.00	5706.00
1448.00	5619.00
1449.00	5683.00
1450.00	5645.00
1451.00	5453.00
1452.00	5568.00
1453.00	5502.00
1454.00	5411.00
1455.00	5492.00
1456.00	5520.00
1457.00	5419.00
1458.00	5410.00
1459.00	5510.00
1460.00	5363.00
1461.00	5488.00
1462.00	5374.00
1463.00	5419.00
1464.00	5330.00
1465.00	5432.00
1466.00	5291.00
1467.00	5552.00
1468.00	5297.00
1469.00	5377.00
1470.00	5257.00
1471.00	5181.00
1472.00	5192.00
1473.00	5183.00
1474.00	5289.00
1475.00	5162.00
1476.00	5197.00
1477.00	5249.00
1478.00	5238.00
1479.00	5151.00
1480.00	5192.00
1481.00	5283.00
1482.00	5286.00
1483.00	5292.00
1484.00	5274.00
1485.00	5279.00
1486.00	5329.00
1487.00	5284.00
1488.00	5344.00
1489.00	5365.00
1490.00	5364.00
1491.00	5322.00
1492.00	5283.00
1493.00	5172.00
1494.00	5182.00
1495.00	5206.00
1496.00	5299.00
1497.00	5268.00
1498.00	5116.00
1499.00	5260.00
1500.00	5339.00
1501.00	5393.00
1502.00	5271.00
1503.00	5373.00
1504.00	5317.00
1505.00	5379.00
1506.00	5584.00
1507.00	5551.00
1508.00	5550.00
1509.00	5443.00
1510.00	5760.00
1511.00	5864.00
1512.00	5969.00
1513.00	6020.00
1514.00	6007.00
1515.00	6027.00
1516.00	6094.00
1517.00	6264.00
1518.00	6374.00
1519.00	6412.00
1520.00	6631.00
1521.00	6541.00
1522.00	6594.00
1523.00	6765.00
1524.00	6585.00
1525.00	6784.00
1526.00	6660.00
1527.00	6575.00
1528.00	6651.00
1529.00	6399.00
1530.00	6487.00
1531.00	6438.00
1532.00	6327.00
1533.00	6166.00
1534.00	6119.00
1535.00	6114.00
1536.00	6139.00
1537.00	6100.00
1538.00	5958.00
1539.00	5808.00
1540.00	5844.00
1541.00	5784.00
1542.00	5858.00
1543.00	5774.00
1544.00	5721.00
1545.00	5818.00
1546.00	5889.00
1547.00	5965.00
1548.00	5878.00
1549.00	5890.00
1550.00	5908.00
1551.00	5964.00
1552.00	6015.00
1553.00	6148.00
1554.00	5982.00
1555.00	6142.00
1556.00	6300.00
1557.00	6380.00
1558.00	6508.00
1559.00	6550.00
1560.00	6621.00
1561.00	6734.00
1562.00	6848.00
1563.00	6857.00
1564.00	6899.00
1565.00	7009.00
1566.00	7022.00
1567.00	7142.00
1568.00	7346.00
1569.00	7398.00
1570.00	7578.00
1571.00	7675.00
1572.00	7610.00
1573.00	7955.00
1574.00	7990.00
1575.00	8121.00
1576.00	8238.00
1577.00	8130.00
1578.00	8461.00
1579.00	8419.00
1580.00	8444.00
1581.00	8409.00
1582.00	8580.00
1583.00	8817.00
1584.00	8797.00
1585.00	8636.00
1586.00	8843.00
1587.00	8627.00
1588.00	8727.00
1589.00	8786.00
1590.00	8874.00
1591.00	8842.00
1592.00	8678.00
1593.00	8708.00
1594.00	8648.00
1595.00	8553.00
1596.00	8544.00
1597.00	8466.00
1598.00	8350.00
1599.00	8381.00
1600.00	8186.00
1601.00	8141.00
1602.00	8076.00
1603.00	7974.00
1604.00	7952.00
1605.00	7665.00
1606.00	7826.00
1607.00	7390.00
1608.00	7345.00
1609.00	7348.00
1610.00	7076.00
1611.00	7117.00
1612.00	6996.00
1613.00	6930.00
1614.00	6756.00
1615.00	6588.00
1616.00	6511.00
1617.00	6369.00
1618.00	6166.00
1619.00	6147.00
1620.00	6049.00
1621.00	5897.00
1622.00	5837.00
1623.00	5743.00
1624.00	5838.00
1625.00	5632.00
1626.00	5501.00
1627.00	5379.00
1628.00	5458.00
1629.00	5306.00
1630.00	5250.00
1631.00	5113.00
1632.00	5076.00
1633.00	5088.00
1634.00	4847.00
1635.00	4796.00
1636.00	4753.00
1637.00	4687.00
1638.00	4716.00
1639.00	4531.00
1640.00	4594.00
1641.00	4501.00
1642.00	4557.00
1643.00	4470.00
1644.00	4415.00
1645.00	4343.00
1646.00	4347.00
1647.00	4266.00
1648.00	4312.00
1649.00	4298.00
1650.00	4392.00
1651.00	4245.00
1652.00	4269.00
1653.00	4198.00
1654.00	4227.00
1655.00	4267.00
1656.00	4328.00
1657.00	4307.00
1658.00	4368.00
1659.00	4459.00
1660.00	4509.00
1661.00	4575.00
1662.00	4879.00
1663.00	4896.00
1664.00	5022.00
1665.00	5241.00
1666.00	5534.00
1667.00	5588.00
1668.00	5859.00
1669.00	5932.00
1670.00	6319.00
1671.00	6529.00
1672.00	6793.00
1673.00	6940.00
1674.00	7209.00
1675.00	7355.00
1676.00	7768.00
1677.00	7716.00
1678.00	7974.00
1679.00	8201.00
1680.00	8370.00
1681.00	8305.00
1682.00	8446.00
1683.00	8476.00
1684.00	8399.00
1685.00	8236.00
1686.00	8167.00
1687.00	7780.00
1688.00	7607.00
1689.00	7537.00
1690.00	7193.00
1691.00	6776.00
1692.00	6568.00
1693.00	6251.00
1694.00	5994.00
1695.00	5736.00
1696.00	5298.00
1697.00	5232.00
1698.00	4898.00
1699.00	4624.00
1700.00	4439.00
1701.00	4185.00
1702.00	4173.00
1703.00	4046.00
1704.00	3803.00
1705.00	3821.00
1706.00	3770.00
1707.00	3432.00
1708.00	3453.00
1709.00	3544.00
1710.00	3441.00
1711.00	3412.00
1712.00	3425.00
1713.00	3293.00
1714.00	3390.00
1715.00	3273.00
1716.00	3316.00
1717.00	3254.00
1718.00	3269.00
1719.00	3239.00
1720.00	3242.00
1721.00	3214.00
1722.00	3267.00
1723.00	3306.00
1724.00	3278.00
1725.00	3294.00
1726.00	3291.00
1727.00	3234.00
1728.00	3220.00
1729.00	3195.00
1730.00	3079.00
1731.00	3158.00
1732.00	3254.00
1733.00	3311.00
1734.00	3246.00
1735.00	3247.00
1736.00	3184.00
1737.00	3307.00
1738.00	3260.00
1739.00	3219.00
1740.00	3371.00
1741.00	3244.00
1742.00	3114.00
1743.00	3181.00
1744.00	3316.00
1745.00	3278.00
1746.00	3313.00
1747.00	3312.00
1748.00	3276.00
1749.00	3258.00
1750.00	3345.00
1751.00	3263.00
1752.00	3297.00
1753.00	3213.00
1754.00	3259.00
1755.00	3307.00
1756.00	3363.00
1757.00	3274.00
1758.00	3325.00
1759.00	3355.00
1760.00	3289.00
1761.00	3336.00
1762.00	3331.00
1763.00	3360.00
1764.00	3408.00
1765.00	3420.00
1766.00	3335.00
1767.00	3303.00
1768.00	3378.00
1769.00	3395.00
1770.00	3303.00
1771.00	3295.00
1772.00	3333.00
1773.00	3305.00
1774.00	3390.00
1775.00	3337.00
1776.00	3301.00
1777.00	3302.00
1778.00	3248.00
1779.00	3315.00
1780.00	3300.00
1781.00	3271.00
1782.00	3172.00
1783.00	3216.00
1784.00	3205.00
1785.00	3118.00
1786.00	3100.00
1787.00	3169.00
1788.00	3097.00
1789.00	3138.00
1790.00	3086.00
1791.00	3069.00
1792.00	3030.00
1793.00	2895.00
1794.00	3016.00
1795.00	2819.00
1796.00	2823.00
1797.00	2828.00
1798.00	2899.00
1799.00	2758.00
1800.00	2808.00
1801.00	2723.00
1802.00	2758.00
1803.00	2691.00
1804.00	2709.00
1805.00	2643.00
1806.00	2581.00
1807.00	2524.00
1808.00	2509.00
1809.00	2539.00
1810.00	2508.00
1811.00	2441.00
1812.00	2499.00
1813.00	2448.00
1814.00	2383.00
1815.00	2367.00
1816.00	2379.00
1817.00	2387.00
1818.00	2358.00
1819.00	2249.00
1820.00	2236.00
1821.00	2326.00
1822.00	2210.00
1823.00	2203.00
1824.00	2237.00
1825.00	2223.00
1826.00	2164.00
1827.00	2129.00
1828.00	2114.00
1829.00	2112.00
1830.00	2059.00
1831.00	2063.00
1832.00	2083.00
1833.00	2034.00
1834.00	2002.00
1835.00	2017.00
1836.00	1988.00
1837.00	1968.00
1838.00	1910.00
1839.00	1940.00
1840.00	1909.00
1841.00	1894.00
1842.00	1890.00
1843.00	1923.00
1844.00	1830.00
1845.00	1870.00
1846.00	1827.00
1847.00	1809.00
1848.00	1807.00
1849.00	1794.00
1850.00	1752.00
1851.00	1786.00
1852.00	1743.00
1853.00	1802.00
1854.00	1675.00
1855.00	1649.00
1856.00	1759.00
1857.00	1707.00
1858.00	1700.00
1859.00	1774.00
1860.00	1705.00
1861.00	1750.00
1862.00	1694.00
1863.00	1652.00
1864.00	1705.00
1865.00	1685.00
1866.00	1626.00
1867.00	1693.00
1868.00	1683.00
1869.00	1698.00
1870.00	1704.00
1871.00	1712.00
1872.00	1737.00
1873.00	1804.00
1874.00	1766.00
1875.00	1752.00
1876.00	1777.00
1877.00	1870.00
1878.00	1861.00
1879.00	1903.00
1880.00	1871.00
1881.00	1922.00
1882.00	1972.00
1883.00	2141.00
1884.00	2005.00
1885.00	2024.00
1886.00	2030.00
1887.00	2105.00
1888.00	2146.00
1889.00	2172.00
1890.00	2037.00
1891.00	2059.00
1892.00	2032.00
1893.00	2006.00
1894.00	2065.00
1895.00	1981.00
1896.00	1971.00
1897.00	1871.00
1898.00	1938.00
1899.00	1765.00
1900.00	1723.00
1901.00	1734.00
1902.00	1691.00
1903.00	1667.00
1904.00	1558.00
1905.00	1582.00
1906.00	1595.00
1907.00	1578.00
1908.00	1551.00
1909.00	1470.00
1910.00	1461.00
1911.00	1433.00
1912.00	1413.00
1913.00	1403.00
1914.00	1434.00
1915.00	1438.00
1916.00	1393.00
1917.00	1456.00
1918.00	1389.00
1919.00	1456.00
1920.00	1382.00
1921.00	1352.00
1922.00	1432.00
1923.00	1333.00
1924.00	1286.00
1925.00	1322.00
1926.00	1257.00
1927.00	1272.00
1928.00	1358.00
1929.00	1362.00
1930.00	1244.00
1931.00	1282.00
1932.00	1245.00
1933.00	1238.00
1934.00	1153.00
1935.00	1279.00
1936.00	1236.00
1937.00	1222.00
1938.00	1165.00
1939.00	1127.00
1940.00	1132.00
1941.00	1139.00
1942.00	1116.00
1943.00	1149.00
1944.00	1091.00
1945.00	1065.00
1946.00	1141.00
1947.00	1173.00
1948.00	1119.00
1949.00	1092.00
1950.00	1050.00
1951.00	1117.00
1952.00	1038.00
1953.00	1063.00
1954.00	1045.00
1955.00	1078.00
1956.00	1088.00
1957.00	1084.00
1958.00	1018.00
1959.00	1022.00
1960.00	1034.00
1961.00	1044.00
1962.00	1061.00
1963.00	997.00
1964.00	1042.00
1965.00	940.00
1966.00	1022.00
1967.00	1006.00
1968.00	1048.00
1969.00	996.00
1970.00	1005.00
1971.00	1002.00
1972.00	1020.00
1973.00	966.00
1974.00	982.00
1975.00	967.00
1976.00	997.00
1977.00	955.00
1978.00	926.00
1979.00	947.00
1980.00	952.00
1981.00	1013.00
1982.00	943.00
1983.00	938.00
1984.00	955.00
1985.00	932.00
1986.00	907.00
1987.00	887.00
1988.00	869.00
1989.00	890.00
1990.00	882.00
1991.00	911.00
1992.00	890.00
1993.00	875.00
1994.00	888.00
1995.00	859.00
1996.00	832.00
1997.00	834.00
1998.00	849.00
1999.00	824.00
2000.00	825.00
2001.00	796.00
2002.00	856.00
2003.00	852.00
2004.00	850.00
2005.00	846.00
2006.00	831.00
2007.00	780.00
2008.00	783.00
2009.00	754.00
2010.00	751.00
2011.00	768.00
2012.00	792.00
2013.00	761.00
2014.00	806.00
2015.00	788.00
2016.00	723.00
2017.00	774.00
2018.00	791.00
2019.00	751.00
2020.00	739.00
2021.00	736.00
2022.00	739.00
2023.00	745.00
2024.00	703.00
2025.00	669.00
2026.00	741.00
2027.00	701.00
2028.00	707.00
2029.00	723.00
2030.00	729.00
2031.00	704.00
2032.00	697.00
2033.00	708.00
2034.00	726.00
2035.00	717.00
2036.00	680.00
2037.00	716.00
2038.00	700.00
2039.00	722.00
2040.00	668.00
2041.00	664.00
2042.00	646.00
2043.00	651.00
2044.00	661.00
2045.00	609.00
2046.00	602.00
2047.00	616.00
2048.00	 0.00
